/*--------------------------------*- C++ -*----------------------------------*\
  =========                 |
  \\      /  F ield         | OpenFOAM: The Open Source CFD Toolbox
   \\    /   O peration     | Website:  https://openfoam.org
    \\  /    A nd           | Version:  8
     \\/     M anipulation  |
\*---------------------------------------------------------------------------*/
FoamFile
{
    version     2.0;
    format      ascii;
    class       volScalarField;
    location    "0.5";
    object      p;
}
// * * * * * * * * * * * * * * * * * * * * * * * * * * * * * * * * * * * * * //

dimensions      [0 2 -2 0 0 0 0];

internalField   nonuniform List<scalar> 
400
(
3.58125e-05
-0.0233384
-0.0510865
-0.0719202
-0.0798253
-0.0722597
-0.0489083
-0.0109071
0.0395039
0.0990332
0.163319
0.227027
0.284211
0.32898
0.356477
0.36402
0.352241
0.32597
0.294599
0.271584
0.0233052
-0.000915933
-0.0225878
-0.0367372
-0.0409196
-0.0334212
-0.0138592
0.0170564
0.0577337
0.105695
0.15755
0.209086
0.255578
0.29236
0.315616
0.323287
0.31593
0.29708
0.272281
0.248886
0.0526912
0.0192618
-0.00392628
-0.0166331
-0.019997
-0.0133393
0.00347716
0.0298884
0.064737
0.106142
0.151371
0.196849
0.238397
0.271735
0.293195
0.300573
0.293962
0.275835
0.248615
0.215855
0.0773051
0.0316193
0.00322216
-0.0110311
-0.0153775
-0.0100773
0.0047026
0.028444
0.0603123
0.0988807
0.141856
0.185971
0.227131
0.260856
0.282999
0.290644
0.283121
0.262022
0.227477
0.181095
0.0893568
0.0313286
-0.00312685
-0.0198862
-0.025864
-0.0220825
-0.00892099
0.0131947
0.043766
0.0817991
0.125374
0.171398
0.215631
0.253068
0.278652
0.288317
0.280299
0.255278
0.21148
0.149544
0.0827572
0.0130469
-0.0274678
-0.0469974
-0.054794
-0.0524719
-0.0404985
-0.0191083
0.0116101
0.0511473
0.0979809
0.149161
0.200185
0.245264
0.278036
0.292765
0.286121
0.257592
0.203516
0.124125
0.0523286
-0.0282181
-0.0744226
-0.0966073
-0.106139
-0.105106
-0.0939447
-0.0725757
-0.0405497
0.00224409
0.054813
0.114449
0.176389
0.233896
0.278896
0.303356
0.301648
0.27144
0.206663
0.107301
-0.00666995
-0.0971743
-0.148462
-0.17289
-0.183859
-0.183888
-0.173301
-0.151569
-0.117525
-0.070209
-0.00981713
0.0614504
0.138753
0.214386
0.278208
0.319132
0.328182
0.30006
0.225032
0.102505
-0.0987754
-0.198434
-0.253997
-0.27992
-0.291747
-0.292498
-0.282357
-0.260219
-0.223981
-0.171517
-0.101816
-0.0161077
0.0811162
0.181406
0.272354
0.339012
0.367648
0.348163
0.264861
0.115537
-0.228434
-0.33664
-0.39533
-0.421381
-0.432897
-0.433647
-0.423727
-0.401359
-0.363262
-0.305756
-0.226085
-0.123839
-0.00243844
0.129514
0.257489
0.36201
0.422923
0.422657
0.335772
0.156212
-0.400249
-0.516733
-0.576639
-0.600149
-0.608934
-0.608006
-0.597528
-0.574979
-0.535645
-0.473864
-0.384509
-0.264694
-0.115739
0.0546703
0.230626
0.387959
0.498464
0.53361
0.452457
0.240669
-0.619742
-0.744602
-0.802076
-0.817802
-0.819046
-0.812891
-0.799785
-0.776377
-0.736233
-0.671254
-0.573306
-0.436108
-0.257631
-0.0430758
0.191848
0.419123
0.601537
0.69568
0.637038
0.394938
-0.895379
-1.02849
-1.07606
-1.07398
-1.05882
-1.04081
-1.02081
-0.994387
-0.952975
-0.885555
-0.780377
-0.626927
-0.418541
-0.156025
0.147605
0.46289
0.744323
0.930237
0.922548
0.660888
-1.24342
-1.3817
-1.40361
-1.36546
-1.31885
-1.27809
-1.24398
-1.2103
-1.16566
-1.0955
-0.983915
-0.815524
-0.577966
-0.26573
0.114061
0.534829
0.946439
1.26809
1.35813
1.10679
-1.69899
-1.82719
-1.79
-1.68409
-1.58282
-1.50356
-1.4452
-1.39811
-1.34677
-1.27221
-1.1539
-0.971172
-0.705337
-0.343054
0.117818
0.659702
1.23578
1.75098
2.01512
1.84438
-2.33853
-2.40416
-2.23872
-2.01359
-1.82532
-1.688
-1.59398
-1.52697
-1.46522
-1.38411
-1.25794
-1.06059
-0.766779
-0.354395
0.190969
0.867944
1.64555
2.4286
2.98844
3.04727
-3.32582
-3.17475
-2.74875
-2.32913
-2.0135
-1.79766
-1.65872
-1.56821
-1.49477
-1.40675
-1.27271
-1.06108
-0.739841
-0.27728
0.356264
1.18352
2.20494
3.34995
4.39553
4.97949
-5.06695
-4.22112
-3.28517
-2.57877
-2.09813
-1.79185
-1.60961
-1.50187
-1.42366
-1.33513
-1.1994
-0.979995
-0.638657
-0.133138
0.585367
1.57377
2.88432
4.51756
6.39787
8.1868
-8.71026
-5.57058
-3.57768
-2.5242
-1.9117
-1.56033
-1.37933
-1.29271
-1.24115
-1.17899
-1.06698
-0.866762
-0.537444
-0.0289565
0.725884
1.82615
3.41082
5.67389
9.10197
13.9216
-15.5886
-6.86804
-3.05898
-1.78993
-1.24206
-0.989706
-0.912879
-0.922279
-0.95414
-0.964991
-0.919664
-0.784203
-0.520597
-0.0820033
0.600379
1.64753
3.30083
6.11766
11.777
22.3621
)
;

boundaryField
{
    movingWall
    {
        type            zeroGradient;
    }
    fixedWalls
    {
        type            zeroGradient;
    }
    frontAndBack
    {
        type            empty;
    }
}


// ************************************************************************* //
