/*--------------------------------*- C++ -*----------------------------------*\
  =========                 |
  \\      /  F ield         | OpenFOAM: The Open Source CFD Toolbox
   \\    /   O peration     | Website:  https://openfoam.org
    \\  /    A nd           | Version:  8
     \\/     M anipulation  |
\*---------------------------------------------------------------------------*/
FoamFile
{
    version     2.0;
    format      ascii;
    class       surfaceScalarField;
    location    "0.5";
    object      phi;
}
// * * * * * * * * * * * * * * * * * * * * * * * * * * * * * * * * * * * * * //

dimensions      [0 3 -1 0 0 0 0];

internalField   nonuniform List<scalar> 
760
(
5.14606e-08
-5.17612e-08
-1.02436e-07
1.53896e-07
-4.70862e-07
3.68427e-07
-9.84695e-07
5.13835e-07
-1.56935e-06
5.84652e-07
-2.15837e-06
5.89028e-07
-2.69525e-06
5.36868e-07
-3.1323e-06
4.3705e-07
-3.42975e-06
2.97452e-07
-3.55644e-06
1.2669e-07
-3.49263e-06
-6.38043e-08
-3.23435e-06
-2.5828e-07
-2.79793e-06
-4.36424e-07
-2.22325e-06
-5.74676e-07
-1.57398e-06
-6.49273e-07
-9.33121e-07
-6.40858e-07
-3.9298e-07
-5.40139e-07
-3.92891e-08
-3.53689e-07
7.50549e-08
-1.14344e-07
7.50538e-08
-1.508e-07
9.90397e-08
-7.52089e-07
7.55183e-07
-1.76751e-06
1.38384e-06
-3.07045e-06
1.81678e-06
-4.51161e-06
2.02582e-06
-5.94572e-06
2.02314e-06
-7.24181e-06
1.83295e-06
-8.28664e-06
1.48188e-06
-8.98674e-06
9.97543e-07
-9.27199e-06
4.11941e-07
-9.10201e-06
-2.3378e-07
-8.47418e-06
-8.86106e-07
-7.43147e-06
-1.47914e-06
-6.06696e-06
-1.93918e-06
-4.522e-06
-2.19423e-06
-2.97483e-06
-2.18803e-06
-1.6177e-06
-1.89727e-06
-6.2239e-07
-1.349e-06
-9.42643e-08
-6.42468e-07
-1.92107e-08
-3.91392e-07
4.90433e-07
-1.47429e-06
1.83808e-06
-3.10528e-06
3.01484e-06
-5.09585e-06
3.80734e-06
-7.24288e-06
4.17285e-06
-9.34985e-06
4.13011e-06
-1.12377e-05
3.72083e-06
-1.27505e-05
2.99469e-06
-1.37596e-05
2.00659e-06
-1.41694e-05
8.21726e-07
-1.39259e-05
-4.77288e-07
-1.30265e-05
-1.78545e-06
-1.15297e-05
-2.97596e-06
-9.56016e-06
-3.9087e-06
-7.30689e-06
-4.44751e-06
-5.00897e-06
-4.48595e-06
-2.9275e-06
-3.97874e-06
-1.30395e-06
-2.97255e-06
-3.09859e-07
-1.63655e-06
-3.29068e-07
-6.10966e-07
1.1014e-06
-2.15777e-06
3.38488e-06
-4.37462e-06
5.23169e-06
-6.99818e-06
6.43089e-06
-9.77407e-06
6.94875e-06
-1.24663e-05
6.82237e-06
-1.48632e-05
6.11769e-06
-1.67807e-05
4.91216e-06
-1.80665e-05
3.29245e-06
-1.86065e-05
1.36171e-06
-1.83334e-05
-7.50369e-07
-1.72385e-05
-2.88038e-06
-1.53828e-05
-4.83164e-06
-1.29058e-05
-6.38576e-06
-1.00258e-05
-7.32746e-06
-7.02884e-06
-7.48291e-06
-4.24013e-06
-6.76746e-06
-1.98021e-06
-5.23247e-06
-5.12427e-07
-3.10434e-06
-8.41494e-07
-8.07498e-07
1.9089e-06
-2.7874e-06
5.36479e-06
-5.55551e-06
7.9998e-06
-8.76995e-06
9.64533e-06
-1.21259e-05
1.03047e-05
-1.53542e-05
1.00507e-05
-1.82197e-05
8.98322e-06
-2.05201e-05
7.2125e-06
-2.20865e-05
4.85893e-06
-2.27888e-05
2.06402e-06
-2.25438e-05
-9.95438e-07
-2.13276e-05
-4.09657e-06
-1.91906e-05
-6.9686e-06
-1.62712e-05
-9.30519e-06
-1.28036e-05
-1.0795e-05
-9.11411e-06
-1.11725e-05
-5.59676e-06
-1.02848e-05
-2.66859e-06
-8.16064e-06
-7.08723e-07
-5.06421e-06
-1.55022e-06
-9.85589e-07
2.89448e-06
-3.36651e-06
7.74571e-06
-6.64885e-06
1.12821e-05
-1.04142e-05
1.34106e-05
-1.43098e-05
1.42003e-05
-1.80389e-05
1.37798e-05
-2.13504e-05
1.22947e-05
-2.40309e-05
9.89302e-06
-2.59007e-05
6.72869e-06
-2.68147e-05
2.97804e-06
-2.66698e-05
-1.14041e-06
-2.54174e-05
-5.34898e-06
-2.30825e-05
-9.3035e-06
-1.97852e-05
-1.26025e-05
-1.57607e-05
-1.48195e-05
-1.13678e-05
-1.55653e-05
-7.07562e-06
-1.4577e-05
-3.41804e-06
-1.18182e-05
-9.18645e-07
-7.56361e-06
-2.46886e-06
-1.1491e-06
4.04358e-06
-3.90006e-06
1.04967e-05
-7.65643e-06
1.50385e-05
-1.19272e-05
1.76814e-05
-1.63165e-05
1.85896e-05
-2.05064e-05
1.79697e-05
-2.4238e-05
1.60264e-05
-2.72951e-05
1.29501e-05
-2.9493e-05
8.92655e-06
-3.06745e-05
4.15953e-06
-3.07136e-05
-1.10131e-06
-2.95279e-05
-6.53458e-06
-2.71015e-05
-1.173e-05
-2.35154e-05
-1.61885e-05
-1.89843e-05
-1.93506e-05
-1.3885e-05
-2.06645e-05
-8.76174e-06
-1.97003e-05
-4.28622e-06
-1.62937e-05
-1.16483e-06
-1.0685e-05
-3.63369e-06
-1.3006e-06
5.34418e-06
-4.39111e-06
1.35872e-05
-8.57538e-06
1.92228e-05
-1.3293e-05
2.23991e-05
-1.81111e-05
2.34076e-05
-2.26994e-05
2.25581e-05
-2.68019e-05
2.01289e-05
-3.02101e-05
1.63583e-05
-3.27439e-05
1.14603e-05
-3.42401e-05
5.6558e-06
-3.4551e-05
-7.90379e-07
-3.35542e-05
-7.53142e-06
-3.1177e-05
-1.41072e-05
-2.74375e-05
-1.99281e-05
-2.24987e-05
-2.42894e-05
-1.67272e-05
-2.64361e-05
-1.0729e-05
-2.56985e-05
-5.33052e-06
-2.16922e-05
-1.47073e-06
-1.45448e-05
-5.10443e-06
-1.44256e-06
6.78675e-06
-4.84269e-06
1.69873e-05
-9.39993e-06
2.378e-05
-1.44849e-05
2.74841e-05
-1.96346e-05
2.85573e-05
-2.45186e-05
2.74421e-05
-2.88978e-05
2.45081e-05
-3.2587e-05
2.00474e-05
-3.54248e-05
1.42982e-05
-3.72543e-05
7.4853e-06
-3.79133e-05
-1.31385e-07
-3.7239e-05
-8.20569e-06
-3.50908e-05
-1.62554e-05
-3.13969e-05
-2.3622e-05
-2.62283e-05
-2.9458e-05
-1.98931e-05
-3.27713e-05
-1.30234e-05
-3.25681e-05
-6.60237e-06
-2.81132e-05
-1.86063e-06
-1.92865e-05
-6.96505e-06
-1.58059e-06
8.36734e-06
-5.2644e-06
2.06711e-05
-1.01293e-05
2.86449e-05
-1.54725e-05
3.28273e-05
-2.08097e-05
3.38945e-05
-2.58268e-05
3.24591e-05
-3.03213e-05
2.90027e-05
-3.41517e-05
2.38778e-05
-3.7196e-05
1.73424e-05
-3.93223e-05
9.61163e-06
-4.03705e-05
9.16817e-07
-4.0147e-05
-8.42919e-06
-3.84399e-05
-1.79625e-05
-3.50648e-05
-2.69972e-05
-2.99522e-05
-3.45705e-05
-2.3282e-05
-3.94415e-05
-1.56418e-05
-4.02083e-05
-8.14174e-06
-3.56133e-05
-2.3609e-06
-2.50674e-05
-9.32595e-06
-1.72891e-06
1.00963e-05
-5.6832e-06
2.46254e-05
-1.07796e-05
3.37413e-05
-1.62321e-05
3.82798e-05
-2.15487e-05
3.92112e-05
-2.64553e-05
3.73657e-05
-3.08131e-05
3.33604e-05
-3.45503e-05
2.7615e-05
-3.76103e-05
2.04025e-05
-3.99131e-05
1.19144e-05
-4.13263e-05
2.32999e-06
-4.16478e-05
-8.10768e-06
-4.06061e-05
-1.90041e-05
-3.78931e-05
-2.97102e-05
-3.32524e-05
-3.92112e-05
-2.66463e-05
-4.60476e-05
-1.85017e-05
-4.83529e-05
-9.96811e-06
-4.41469e-05
-3.00224e-06
-3.20332e-05
-1.23282e-05
-1.91928e-06
1.20155e-05
-6.15837e-06
2.88645e-05
-1.1397e-05
3.89799e-05
-1.67541e-05
4.36368e-05
-2.17554e-05
4.42125e-05
-2.6204e-05
4.18143e-05
-3.00601e-05
3.72165e-05
-3.33539e-05
3.09088e-05
-3.61242e-05
2.31728e-05
-3.83731e-05
1.41633e-05
-4.00299e-05
3.98674e-06
-4.09197e-05
-7.21782e-06
-4.07429e-05
-1.91809e-05
-3.90803e-05
-3.13728e-05
-3.54594e-05
-4.28321e-05
-2.953e-05
-5.1977e-05
-2.13941e-05
-5.64888e-05
-1.20632e-05
-5.34779e-05
-3.82256e-06
-4.02739e-05
-1.61508e-05
-2.21536e-06
1.42309e-05
-6.79899e-06
3.34481e-05
-1.2064e-05
4.42449e-05
-1.70331e-05
4.8606e-05
-2.13044e-05
4.84838e-05
-2.48165e-05
4.53264e-05
-2.76764e-05
4.00764e-05
-3.00515e-05
3.32839e-05
-3.21042e-05
2.52255e-05
-3.39475e-05
1.60067e-05
-3.56073e-05
5.64647e-06
-3.6981e-05
-5.84413e-06
-3.77934e-05
-1.83685e-05
-3.75615e-05
-3.16047e-05
-3.56076e-05
-4.4786e-05
-3.11978e-05
-5.63868e-05
-2.39145e-05
-6.3772e-05
-1.4337e-05
-6.30554e-05
-4.86951e-06
-4.97413e-05
-2.10203e-05
-2.73545e-06
1.69663e-05
-7.77611e-06
3.84888e-05
-1.28741e-05
4.93429e-05
-1.70082e-05
5.27401e-05
-1.99603e-05
5.14359e-05
-2.18975e-05
4.72636e-05
-2.31319e-05
4.13108e-05
-2.40006e-05
3.41526e-05
-2.48075e-05
2.60324e-05
-2.57921e-05
1.69912e-05
-2.71007e-05
6.95513e-06
-2.8746e-05
-4.1989e-06
-3.05442e-05
-1.65703e-05
-3.2035e-05
-3.0114e-05
-3.24119e-05
-4.44091e-05
-3.05571e-05
-5.82415e-05
-2.53599e-05
-6.89693e-05
-1.65588e-05
-7.18565e-05
-6.19571e-06
-6.01044e-05
-2.7216e-05
-3.68142e-06
2.06478e-05
-9.29788e-06
4.41052e-05
-1.38168e-05
5.38618e-05
-1.63785e-05
5.53018e-05
-1.71665e-05
5.2224e-05
-1.67072e-05
4.68042e-05
-1.55767e-05
4.01803e-05
-1.42953e-05
3.28713e-05
-1.33004e-05
2.50375e-05
-1.29444e-05
1.66353e-05
-1.34913e-05
7.50199e-06
-1.50901e-05
-2.6001e-06
-1.77117e-05
-1.39486e-05
-2.10341e-05
-2.67916e-05
-2.428e-05
-4.11632e-05
-2.60781e-05
-5.64434e-05
-2.45712e-05
-7.04763e-05
-1.82099e-05
-7.82178e-05
-7.81826e-06
-7.0496e-05
-3.50342e-05
-5.33697e-06
2.59847e-05
-1.14304e-05
5.01987e-05
-1.44055e-05
5.68369e-05
-1.41369e-05
5.50331e-05
-1.15755e-05
4.96627e-05
-7.74596e-06
4.29747e-05
-3.50409e-06
3.59384e-05
4.86021e-07
2.88811e-05
3.71338e-06
2.18101e-05
5.77067e-06
1.4578e-05
6.32318e-06
6.94948e-06
5.10506e-06
-1.38198e-06
1.96151e-06
-1.08051e-05
-3.03687e-06
-2.17932e-05
-9.36689e-06
-3.48332e-05
-1.57136e-05
-5.00967e-05
-1.96874e-05
-6.65024e-05
-1.81665e-05
-7.97388e-05
-9.55676e-06
-7.91057e-05
-4.4591e-05
-7.88753e-06
3.38723e-05
-1.33935e-05
5.57047e-05
-1.26555e-05
5.60989e-05
-7.52897e-06
4.99066e-05
-1.58818e-07
4.22925e-05
7.93403e-06
3.48818e-05
1.57455e-05
2.81269e-05
2.26213e-05
2.20054e-05
2.81121e-05
1.63193e-05
3.18704e-05
1.08197e-05
3.35835e-05
5.23645e-06
3.29386e-05
-7.37167e-07
2.96283e-05
-7.49469e-06
2.34141e-05
-1.5579e-05
1.43375e-05
-2.57566e-05
3.18036e-06
-3.89396e-05
-7.77708e-06
-5.5545e-05
-1.41116e-05
-7.34042e-05
-1.06065e-05
-8.26108e-05
-5.51975e-05
-1.05849e-05
4.44572e-05
-1.12939e-05
5.64137e-05
-2.59371e-06
4.73987e-05
9.94407e-06
3.73688e-05
2.31489e-05
2.90877e-05
3.55369e-05
2.24938e-05
4.64061e-05
1.72577e-05
5.54205e-05
1.2991e-05
6.2399e-05
9.34078e-06
6.71958e-05
6.02288e-06
6.96318e-05
2.80044e-06
6.94507e-05
-5.56055e-07
6.6285e-05
-4.32896e-06
5.96413e-05
-8.93528e-06
4.89724e-05
-1.50876e-05
3.40214e-05
-2.39886e-05
1.58152e-05
-3.73388e-05
-1.40212e-06
-5.61869e-05
-8.64408e-06
-7.53689e-05
-6.38416e-05
-6.4304e-06
5.08876e-05
9.11078e-06
4.08725e-05
3.09028e-05
2.56067e-05
5.11898e-05
1.70818e-05
6.83967e-05
1.18808e-05
8.24985e-05
8.39206e-06
9.37767e-05
5.97949e-06
0.000102534
4.23401e-06
0.000108999
2.87541e-06
0.000113298
1.72404e-06
0.000115438
6.60038e-07
0.0001153
-4.18191e-07
0.000112584
-1.61291e-06
0.000106743
-3.09376e-06
9.68431e-05
-5.18782e-06
8.14771e-05
-8.62264e-06
5.91732e-05
-1.50348e-05
3.04916e-05
-2.75053e-05
3.85001e-06
-4.87273e-05
-5.99916e-05
5.08876e-05
9.17601e-05
0.000117367
0.000134449
0.000146329
0.000154721
0.000160701
0.000164935
0.00016781
0.000169534
0.000170194
0.000169776
0.000168163
0.00016507
0.000159882
0.000151259
0.000136224
0.000108719
5.99916e-05
)
;

boundaryField
{
    movingWall
    {
        type            calculated;
        value           uniform 0;
    }
    fixedWalls
    {
        type            calculated;
        value           uniform 0;
    }
    frontAndBack
    {
        type            empty;
        value           nonuniform List<scalar> 0();
    }
}


// ************************************************************************* //
