/*--------------------------------*- C++ -*----------------------------------*\
  =========                 |
  \\      /  F ield         | OpenFOAM: The Open Source CFD Toolbox
   \\    /   O peration     | Website:  https://openfoam.org
    \\  /    A nd           | Version:  8
     \\/     M anipulation  |
\*---------------------------------------------------------------------------*/
FoamFile
{
    version     2.0;
    format      ascii;
    class       volVectorField;
    location    "0.1";
    object      U;
}
// * * * * * * * * * * * * * * * * * * * * * * * * * * * * * * * * * * * * * //

dimensions      [0 1 -1 0 0 0 0];

internalField   nonuniform List<vector> 
400
(
(0.00029751 -0.000293546 0)
(0.00015949 0.00013594 0)
(-0.00140291 0.000670067 0)
(-0.00412377 0.00104545 0)
(-0.00753722 0.00123281 0)
(-0.011178 0.00125111 0)
(-0.0146329 0.00112963 0)
(-0.0175598 0.000898891 0)
(-0.0196937 0.000587525 0)
(-0.020847 0.000222984 0)
(-0.0209114 -0.000166402 0)
(-0.019864 -0.000549517 0)
(-0.0177755 -0.000891283 0)
(-0.0148181 -0.00115283 0)
(-0.0112711 -0.00129327 0)
(-0.00751605 -0.00127375 0)
(-0.0040174 -0.00106494 0)
(-0.0012786 -0.000658931 0)
(0.000236467 -0.000106059 0)
(0.000317986 0.000311121 0)
(-9.45867e-05 -0.000192579 0)
(-0.0019139 0.00195348 0)
(-0.00673763 0.0042763 0)
(-0.0138463 0.00593811 0)
(-0.0222981 0.00676543 0)
(-0.0311399 0.00678367 0)
(-0.0394655 0.00609485 0)
(-0.0464905 0.00483199 0)
(-0.0515931 0.0031383 0)
(-0.0543312 0.00116282 0)
(-0.054455 -0.00093644 0)
(-0.0519218 -0.00298828 0)
(-0.0469109 -0.00480693 0)
(-0.039835 -0.00619658 0)
(-0.03134 -0.00696402 0)
(-0.0222816 -0.00694245 0)
(-0.0136597 -0.00602985 0)
(-0.00650147 -0.00424359 0)
(-0.00175393 -0.00183702 0)
(-4.69993e-05 0.000274112 0)
(-0.000628261 0.00130258 0)
(-0.0043952 0.00679122 0)
(-0.0125189 0.0120745 0)
(-0.0236099 0.0158074 0)
(-0.0363056 0.0176055 0)
(-0.0493321 0.0174763 0)
(-0.0614678 0.0156222 0)
(-0.0716433 0.0123436 0)
(-0.0790058 0.00798737 0)
(-0.0829476 0.00292859 0)
(-0.0831268 -0.00243046 0)
(-0.0794866 -0.00765662 0)
(-0.0722747 -0.0122878 0)
(-0.0620548 -0.015848 0)
(-0.0497046 -0.0178817 0)
(-0.0363814 -0.0180133 0)
(-0.0234298 -0.0160366 0)
(-0.0122323 -0.0120309 0)
(-0.00417922 -0.00654627 0)
(-0.000558449 -0.00110742 0)
(-0.00110233 0.00413155 0)
(-0.00673996 0.0144562 0)
(-0.0180947 0.0235203 0)
(-0.0329816 0.0297092 0)
(-0.0495719 0.0325144 0)
(-0.0663079 0.0319717 0)
(-0.0817313 0.028424 0)
(-0.0945781 0.0223842 0)
(-0.103846 0.0144546 0)
(-0.108821 0.00529317 0)
(-0.109099 -0.00439192 0)
(-0.104604 -0.0138408 0)
(-0.0956115 -0.0222471 0)
(-0.0827681 -0.0287852 0)
(-0.0670927 -0.0326691 0)
(-0.0499516 -0.0332521 0)
(-0.0329622 -0.0301709 0)
(-0.0178423 -0.0235199 0)
(-0.00649464 -0.0140773 0)
(-0.0010121 -0.00378671 0)
(-0.00151986 0.00815832 0)
(-0.00893075 0.0247844 0)
(-0.023437 0.0383879 0)
(-0.0420156 0.0472977 0)
(-0.0623299 0.0510272 0)
(-0.0825372 0.049738 0)
(-0.100978 0.043981 0)
(-0.116248 0.0345304 0)
(-0.12725 0.0222815 0)
(-0.133205 0.00820664 0)
(-0.133662 -0.00665216 0)
(-0.128516 -0.0211787 0)
(-0.118035 -0.034187 0)
(-0.102888 -0.0444558 0)
(-0.0841693 -0.0508084 0)
(-0.0633995 -0.0522514 0)
(-0.0424451 -0.0481723 0)
(-0.0233863 -0.0385723 0)
(-0.00871701 -0.0243287 0)
(-0.00141757 -0.00764767 0)
(-0.00191229 0.0133039 0)
(-0.0110527 0.0377112 0)
(-0.0286756 0.0566416 0)
(-0.0508954 0.0685242 0)
(-0.0748363 0.0730539 0)
(-0.0983658 0.0706469 0)
(-0.119649 0.0621553 0)
(-0.137184 0.0486751 0)
(-0.149824 0.0314289 0)
(-0.156759 0.0117194 0)
(-0.157506 -0.00907161 0)
(-0.151918 -0.029466 0)
(-0.140215 -0.047883 0)
(-0.123032 -0.0626694 0)
(-0.101478 -0.0721918 0)
(-0.0771757 -0.0750086 0)
(-0.0522257 -0.0701249 0)
(-0.0291051 -0.0572946 0)
(-0.0109829 -0.0373451 0)
(-0.00181745 -0.0126522 0)
(-0.00230965 0.0195512 0)
(-0.0132019 0.0532311 0)
(-0.0339644 0.0782744 0)
(-0.0598015 0.0933475 0)
(-0.0872694 0.0985021 0)
(-0.113952 0.0945659 0)
(-0.137874 0.0828075 0)
(-0.157489 0.0647149 0)
(-0.171654 0.0418688 0)
(-0.179569 0.0159021 0)
(-0.180736 -0.0114806 0)
(-0.174954 -0.0384604 0)
(-0.162355 -0.0630691 0)
(-0.143474 -0.083199 0)
(-0.119352 -0.0966905 0)
(-0.0916469 -0.101529 0)
(-0.0626573 -0.0961578 0)
(-0.0352785 -0.07988 0)
(-0.0134504 -0.0532891 0)
(-0.00225627 -0.0188555 0)
(-0.00273863 0.0269393 0)
(-0.0154676 0.0714027 0)
(-0.0394388 0.103301 0)
(-0.0688542 0.121695 0)
(-0.0996687 0.127206 0)
(-0.129209 0.121265 0)
(-0.155423 0.105698 0)
(-0.176796 0.0824618 0)
(-0.192266 0.0535191 0)
(-0.2011 0.0208137 0)
(-0.202816 -0.0136734 0)
(-0.197154 -0.0478357 0)
(-0.184111 -0.0793574 0)
(-0.164041 -0.105677 0)
(-0.13781 -0.124047 0)
(-0.106998 -0.131733 0)
(-0.0740165 -0.126393 0)
(-0.0421698 -0.106598 0)
(-0.0162773 -0.0724513 0)
(-0.00277801 -0.0264053 0)
(-0.00322638 0.0355573 0)
(-0.0179367 0.0923427 0)
(-0.0452103 0.131738 0)
(-0.0780911 0.153414 0)
(-0.111897 0.158849 0)
(-0.143755 0.150325 0)
(-0.171643 0.130389 0)
(-0.194198 0.101555 0)
(-0.210547 0.0661757 0)
(-0.220111 0.0264603 0)
(-0.222473 -0.0154149 0)
(-0.217318 -0.0571514 0)
(-0.204468 -0.0961702 0)
(-0.183993 -0.129498 0)
(-0.156439 -0.15376 0)
(-0.123131 -0.165352 0)
(-0.0864393 -0.160864 0)
(-0.0499992 -0.137752 0)
(-0.0196209 -0.0952398 0)
(-0.00343 -0.0355395 0)
(-0.00381003 0.045548 0)
(-0.0207166 0.116216 0)
(-0.051384 0.163551 0)
(-0.0874624 0.188183 0)
(-0.123602 0.192847 0)
(-0.156848 0.181001 0)
(-0.185377 0.156118 0)
(-0.208153 0.121348 0)
(-0.224644 0.079423 0)
(-0.23454 0.0327385 0)
(-0.237563 -0.0164589 0)
(-0.233371 -0.0658262 0)
(-0.22157 -0.112665 0)
(-0.201843 -0.153695 0)
(-0.174229 -0.184929 0)
(-0.139546 -0.201759 0)
(-0.0998513 -0.199375 0)
(-0.0589289 -0.173595 0)
(-0.0236514 -0.122154 0)
(-0.00427223 -0.0465904 0)
(-0.00455414 0.0571332 0)
(-0.0239755 0.143238 0)
(-0.0580912 0.198601 0)
(-0.0968213 0.225385 0)
(-0.134161 0.228188 0)
(-0.167289 0.212066 0)
(-0.194842 0.181646 0)
(-0.216351 0.140781 0)
(-0.231822 0.0925346 0)
(-0.241357 0.0393645 0)
(-0.244916 -0.0165852 0)
(-0.242174 -0.0731321 0)
(-0.232514 -0.127674 0)
(-0.215131 -0.176817 0)
(-0.189348 -0.216067 0)
(-0.155148 -0.239744 0)
(-0.11386 -0.241288 0)
(-0.0690397 -0.214188 0)
(-0.0285769 -0.153747 0)
(-0.00539405 -0.0600061 0)
(-0.00558183 0.0706755 0)
(-0.0280047 0.173686 0)
(-0.0655159 0.236539 0)
(-0.105871 0.263935 0)
(-0.142546 0.263226 0)
(-0.173238 0.241613 0)
(-0.197432 0.205099 0)
(-0.215536 0.158258 0)
(-0.228312 0.104378 0)
(-0.236429 0.0457997 0)
(-0.240189 -0.0156543 0)
(-0.23936 -0.0782189 0)
(-0.233127 -0.139678 0)
(-0.220149 -0.196821 0)
(-0.198843 -0.2449 0)
(-0.167978 -0.277233 0)
(-0.127566 -0.28522 0)
(-0.0802707 -0.259178 0)
(-0.034678 -0.190566 0)
(-0.00694367 -0.0764007 0)
(-0.00713031 0.086803 0)
(-0.0333027 0.207908 0)
(-0.0738725 0.27662 0)
(-0.113984 0.301982 0)
(-0.147023 0.295398 0)
(-0.171875 0.266831 0)
(-0.189411 0.223819 0)
(-0.201258 0.171557 0)
(-0.209137 0.113351 0)
(-0.214398 0.0511917 0)
(-0.21777 -0.0136754 0)
(-0.219203 -0.0801833 0)
(-0.217771 -0.14684 0)
(-0.211642 -0.211029 0)
(-0.198242 -0.268184 0)
(-0.174773 -0.310948 0)
(-0.13921 -0.328606 0)
(-0.0922646 -0.307427 0)
(-0.0423424 -0.233031 0)
(-0.00917888 -0.096655 0)
(-0.00964185 0.106631 0)
(-0.0406562 0.246258 0)
(-0.08321 0.317323 0)
(-0.119706 0.336446 0)
(-0.144514 0.320847 0)
(-0.158778 0.283802 0)
(-0.165405 0.234303 0)
(-0.16754 0.177849 0)
(-0.167941 0.117424 0)
(-0.168639 0.0543767 0)
(-0.170799 -0.0108675 0)
(-0.174626 -0.0781936 0)
(-0.179242 -0.147163 0)
(-0.182527 -0.216223 0)
(-0.181051 -0.281634 0)
(-0.170306 -0.336067 0)
(-0.145521 -0.367104 0)
(-0.103977 -0.356376 0)
(-0.0520461 -0.28114 0)
(-0.0125408 -0.122078 0)
(-0.0138657 0.132082 0)
(-0.0510636 0.288761 0)
(-0.0926996 0.355567 0)
(-0.119566 0.36231 0)
(-0.129308 0.334041 0)
(-0.126828 0.28744 0)
(-0.117647 0.232362 0)
(-0.106465 0.17395 0)
(-0.0968784 0.114368 0)
(-0.0913684 0.054014 0)
(-0.0913961 -0.00768042 0)
(-0.0974409 -0.0716823 0)
(-0.108887 -0.138814 0)
(-0.123733 -0.209015 0)
(-0.138195 -0.28015 0)
(-0.146397 -0.346081 0)
(-0.140507 -0.393925 0)
(-0.11271 -0.40102 0)
(-0.064055 -0.333785 0)
(-0.0176903 -0.154581 0)
(-0.0207521 0.166372 0)
(-0.0648847 0.334072 0)
(-0.0985053 0.385182 0)
(-0.105419 0.371639 0)
(-0.0907031 0.327563 0)
(-0.0645258 0.271848 0)
(-0.0350015 0.213758 0)
(-0.00780076 0.157002 0)
(0.0133167 0.10232 0)
(0.0259772 0.0489318 0)
(0.0287689 -0.004722 0)
(0.0210263 -0.0605869 0)
(0.00288273 -0.120686 0)
(-0.0243653 -0.186633 0)
(-0.0575412 -0.258593 0)
(-0.0905549 -0.333133 0)
(-0.113274 -0.399251 0)
(-0.11183 -0.432347 0)
(-0.0771286 -0.387279 0)
(-0.0251915 -0.196921 0)
(-0.0302798 0.215093 0)
(-0.0784809 0.376695 0)
(-0.0882544 0.393721 0)
(-0.0590798 0.352112 0)
(-0.00919246 0.292256 0)
(0.0461496 0.231333 0)
(0.0978762 0.175466 0)
(0.140967 0.125627 0)
(0.172766 0.0806783 0)
(0.191869 0.0386998 0)
(0.19743 -0.00255468 0)
(0.188806 -0.0455711 0)
(0.165522 -0.0931035 0)
(0.127562 -0.148109 0)
(0.0762055 -0.213238 0)
(0.0156367 -0.289104 0)
(-0.044455 -0.369926 0)
(-0.0859308 -0.434891 0)
(-0.0846626 -0.432338 0)
(-0.0338314 -0.253349 0)
(-0.0356905 0.283836 0)
(-0.0736473 0.398956 0)
(-0.0284572 0.357943 0)
(0.0570717 0.287086 0)
(0.148525 0.219708 0)
(0.231414 0.163418 0)
(0.300284 0.118271 0)
(0.35346 0.0818493 0)
(0.390926 0.0513835 0)
(0.413086 0.0243774 0)
(0.42011 -0.00143042 0)
(0.41164 -0.0283065 0)
(0.386673 -0.058844 0)
(0.343629 -0.0963134 0)
(0.28085 -0.14491 0)
(0.198032 -0.20928 0)
(0.0990852 -0.291772 0)
(-0.00161005 -0.384581 0)
(-0.0648184 -0.446024 0)
(-0.0339886 -0.324674 0)
(0.00854046 0.33616 0)
(0.0213556 0.351837 0)
(0.162878 0.252183 0)
(0.312298 0.172246 0)
(0.431878 0.117269 0)
(0.523289 0.0797784 0)
(0.591499 0.0539473 0)
(0.640407 0.035479 0)
(0.673148 0.0214005 0)
(0.691892 0.00970728 0)
(0.69774 -0.00107333 0)
(0.690722 -0.0122613 0)
(0.669709 -0.0253826 0)
(0.632185 -0.042639 0)
(0.574012 -0.0676007 0)
(0.489405 -0.106103 0)
(0.370626 -0.166869 0)
(0.212127 -0.259894 0)
(0.0520607 -0.375732 0)
(0.0234232 -0.362198 0)
(0.35848 0.174898 0)
(0.473272 0.152865 0)
(0.665661 0.0916019 0)
(0.806127 0.0529315 0)
(0.889828 0.0311309 0)
(0.942238 0.0186404 0)
(0.976717 0.011307 0)
(0.999315 0.00678845 0)
(1.01341 0.0037586 0)
(1.02094 0.00147362 0)
(1.02281 -0.000519588 0)
(1.01918 -0.00257647 0)
(1.00947 -0.00509963 0)
(0.992044 -0.00874231 0)
(0.963666 -0.0147621 0)
(0.918123 -0.0256914 0)
(0.84142 -0.0465596 0)
(0.703722 -0.0866572 0)
(0.501356 -0.153358 0)
(0.371736 -0.179737 0)
)
;

boundaryField
{
    movingWall
    {
        type            fixedValue;
        value           uniform (1.2 0 0);
    }
    fixedWalls
    {
        type            noSlip;
    }
    frontAndBack
    {
        type            empty;
    }
}


// ************************************************************************* //
