/*--------------------------------*- C++ -*----------------------------------*\
  =========                 |
  \\      /  F ield         | OpenFOAM: The Open Source CFD Toolbox
   \\    /   O peration     | Website:  https://openfoam.org
    \\  /    A nd           | Version:  8
     \\/     M anipulation  |
\*---------------------------------------------------------------------------*/
FoamFile
{
    version     2.0;
    format      ascii;
    class       volScalarField;
    location    "0.5";
    object      p;
}
// * * * * * * * * * * * * * * * * * * * * * * * * * * * * * * * * * * * * * //

dimensions      [0 2 -2 0 0 0 0];

internalField   nonuniform List<scalar> 
400
(
2.30117e-05
-0.0257302
-0.0562047
-0.0790751
-0.0878449
-0.0797783
-0.0545043
-0.0131761
0.0418733
0.107139
0.177874
0.248177
0.31138
0.360834
0.391041
0.39899
0.385454
0.35596
0.321096
0.295827
0.0256467
-0.00104998
-0.0248488
-0.040378
-0.045059
-0.0370549
-0.0159214
0.0176428
0.0619978
0.114518
0.171523
0.228355
0.279718
0.320333
0.34587
0.354008
0.345417
0.324156
0.29657
0.270921
0.0579144
0.0210771
-0.0043594
-0.0182767
-0.0220619
-0.015018
0.00303539
0.0315705
0.0694383
0.114684
0.164364
0.214531
0.26049
0.297372
0.320992
0.32884
0.321058
0.300535
0.270214
0.234224
0.0847213
0.0344183
0.00330979
-0.0122801
-0.0171847
-0.0117432
0.0039073
0.0293193
0.0637359
0.105738
0.152897
0.201615
0.247275
0.284757
0.309284
0.317506
0.30869
0.284762
0.246207
0.195119
0.0973388
0.0335303
-0.00416362
-0.0225062
-0.0293116
-0.0257526
-0.0121713
0.0111326
0.0438272
0.0850268
0.13276
0.183645
0.232899
0.274767
0.303388
0.31404
0.304712
0.276314
0.2273
0.15883
0.088902
0.0123994
-0.0318629
-0.0532967
-0.0623092
-0.0607097
-0.0488949
-0.0268922
0.00549151
0.0479836
0.0991225
0.155735
0.212751
0.2635
0.30056
0.317217
0.30959
0.277218
0.216522
0.128376
0.0535842
-0.0345654
-0.0849767
-0.109451
-0.120718
-0.121082
-0.110851
-0.0896316
-0.056543
-0.0110685
0.0460232
0.111916
0.181291
0.24639
0.297756
0.325914
0.324212
0.290028
0.217119
0.106273
-0.0138766
-0.112561
-0.168451
-0.19562
-0.208998
-0.211324
-0.20272
-0.182208
-0.148005
-0.0985212
-0.0334876
0.0449892
0.131608
0.217537
0.290885
0.338497
0.349648
0.318134
0.23352
0.0961544
-0.118382
-0.226551
-0.28704
-0.316225
-0.331302
-0.335518
-0.328774
-0.309368
-0.274358
-0.220696
-0.14657
-0.0527832
0.0559463
0.170046
0.274997
0.353006
0.387543
0.366544
0.272587
0.104393
-0.264546
-0.381358
-0.445217
-0.47508
-0.490825
-0.496471
-0.491765
-0.474179
-0.439341
-0.382295
-0.299036
-0.18823
-0.0530872
0.0968766
0.244777
0.367434
0.440484
0.442702
0.34507
0.142022
-0.456909
-0.581913
-0.647101
-0.674895
-0.6889
-0.69446
-0.69136
-0.676186
-0.642868
-0.584061
-0.492838
-0.364719
-0.200123
-0.00713459
0.196018
0.380689
0.512767
0.557597
0.467549
0.227453
-0.700729
-0.83394
-0.896557
-0.916702
-0.923896
-0.925738
-0.922324
-0.909285
-0.878564
-0.819943
-0.722853
-0.578608
-0.383339
-0.141762
0.128579
0.394789
0.612019
0.727481
0.665189
0.390689
-1.00413
-1.14548
-1.1975
-1.19918
-1.18997
-1.18099
-1.17279
-1.15981
-1.1316
-1.07455
-0.973806
-0.815562
-0.590203
-0.296825
0.0507712
0.418538
0.752052
0.97654
0.975818
0.680308
-1.38334
-1.52982
-1.55434
-1.51769
-1.47568
-1.44395
-1.42309
-1.4056
-1.37783
-1.32217
-1.21893
-1.04855
-0.794566
-0.448359
-0.016282
0.471726
0.956424
1.34046
1.45605
1.17569
-1.87463
-2.01062
-1.97169
-1.86227
-1.76213
-1.6904
-1.64568
-1.6167
-1.58525
-1.52874
-1.42217
-1.2399
-0.958086
-0.558919
-0.0376899
0.586792
1.26009
1.86867
2.18823
2.00609
-2.55885
-2.62927
-2.45238
-2.21441
-2.02101
-1.88792
-1.8066
-1.75853
-1.71859
-1.65784
-1.54543
-1.34958
-1.03884
-0.58561
0.0288357
0.804563
1.70625
2.62124
3.2818
3.36976
-3.61246
-3.45313
-2.99509
-2.54713
-2.21698
-2.00017
-1.87176
-1.79989
-1.74889
-1.68196
-1.56185
-1.35082
-1.00921
-0.499475
0.214122
1.15864
2.33478
3.65914
4.87256
5.56409
-5.47743
-4.57325
-3.564
-2.80611
-2.2983
-1.98451
-1.80991
-1.71992
-1.66394
-1.5961
-1.47299
-1.25117
-0.88507
-0.324421
0.487393
1.61518
3.11772
4.99265
7.14982
9.20106
-9.41009
-6.02023
-3.86529
-2.73275
-2.08307
-1.72049
-1.54702
-1.47959
-1.45182
-1.41139
-1.3122
-1.10859
-0.752357
-0.183977
0.67374
1.93285
3.7505
6.34242
10.236
15.6632
-16.926
-7.40656
-3.26994
-1.91154
-1.33564
-1.08051
-1.01976
-1.05644
-1.11914
-1.15775
-1.13063
-0.996853
-0.71077
-0.216183
0.566667
1.77503
3.68239
6.91172
13.2915
25.0701
)
;

boundaryField
{
    movingWall
    {
        type            zeroGradient;
    }
    fixedWalls
    {
        type            zeroGradient;
    }
    frontAndBack
    {
        type            empty;
    }
}


// ************************************************************************* //
