/*--------------------------------*- C++ -*----------------------------------*\
  =========                 |
  \\      /  F ield         | OpenFOAM: The Open Source CFD Toolbox
   \\    /   O peration     | Website:  https://openfoam.org
    \\  /    A nd           | Version:  8
     \\/     M anipulation  |
\*---------------------------------------------------------------------------*/
FoamFile
{
    version     2.0;
    format      ascii;
    class       surfaceScalarField;
    location    "0.5";
    object      phi;
}
// * * * * * * * * * * * * * * * * * * * * * * * * * * * * * * * * * * * * * //

dimensions      [0 3 -1 0 0 0 0];

internalField   nonuniform List<scalar> 
760
(
5.61848e-08
-5.6378e-08
-1.13999e-07
1.70184e-07
-5.19282e-07
4.05283e-07
-1.08327e-06
5.6399e-07
-1.72454e-06
6.41264e-07
-2.37107e-06
6.46529e-07
-2.96162e-06
5.90552e-07
-3.44415e-06
4.82533e-07
-3.77454e-06
3.30389e-07
-3.91747e-06
1.42936e-07
-3.8499e-06
-6.75768e-08
-3.56624e-06
-2.83663e-07
-3.08392e-06
-4.82323e-07
-2.44728e-06
-6.36641e-07
-1.7278e-06
-7.19478e-07
-1.01882e-06
-7.08979e-07
-4.23616e-07
-5.95196e-07
-3.69592e-08
-3.86657e-07
8.47474e-08
-1.21711e-07
8.47427e-08
-1.67499e-07
1.11121e-07
-8.31157e-07
8.33842e-07
-1.94874e-06
1.52287e-06
-3.38052e-06
1.99576e-06
-4.96336e-06
2.22411e-06
-6.53934e-06
2.22251e-06
-7.96597e-06
2.01718e-06
-9.11926e-06
1.63582e-06
-9.89559e-06
1.10671e-06
-1.02159e-05
4.63251e-07
-1.00333e-05
-2.50141e-07
-9.3429e-06
-9.74092e-07
-8.19098e-06
-1.63424e-06
-6.68088e-06
-2.14675e-06
-4.97071e-06
-2.42965e-06
-3.26022e-06
-2.41948e-06
-1.76409e-06
-2.09132e-06
-6.72358e-07
-1.47838e-06
-9.86074e-08
-6.95458e-07
-1.38685e-08
-4.33612e-07
5.44732e-07
-1.62865e-06
2.02888e-06
-3.42426e-06
3.31848e-06
-5.61267e-06
4.18416e-06
-7.97209e-06
4.58353e-06
-1.02888e-05
4.53918e-06
-1.23677e-05
4.09614e-06
-1.4038e-05
3.30608e-06
-1.51569e-05
2.22567e-06
-1.5617e-05
9.23362e-07
-1.53557e-05
-5.11449e-07
-1.43674e-05
-1.96239e-06
-1.27149e-05
-3.28672e-06
-1.05363e-05
-4.32536e-06
-8.04255e-06
-4.92345e-06
-5.50129e-06
-4.96074e-06
-3.20439e-06
-4.38822e-06
-1.41976e-06
-3.26301e-06
-3.33995e-07
-1.78122e-06
-3.47864e-07
-6.76615e-07
1.22135e-06
-2.38318e-06
3.73545e-06
-4.82334e-06
5.75863e-06
-7.70743e-06
7.06825e-06
-1.07581e-05
7.63422e-06
-1.3719e-05
7.50011e-06
-1.63597e-05
6.73682e-06
-1.84785e-05
5.42489e-06
-1.99067e-05
3.65384e-06
-2.05155e-05
1.53213e-06
-2.02269e-05
-8.00037e-07
-1.90274e-05
-3.1619e-06
-1.69816e-05
-5.33245e-06
-1.4243e-05
-7.064e-06
-1.10548e-05
-8.11163e-06
-7.73729e-06
-8.27827e-06
-4.65488e-06
-7.47064e-06
-2.16483e-06
-5.75306e-06
-5.56163e-07
-3.38988e-06
-9.04025e-07
-8.9371e-07
2.11506e-06
-3.07633e-06
5.91807e-06
-6.12088e-06
8.80318e-06
-9.65229e-06
1.05997e-05
-1.33391e-05
1.1321e-05
-1.68896e-05
1.10506e-05
-2.00484e-05
9.89565e-06
-2.25939e-05
7.9704e-06
-2.4339e-05
5.39892e-06
-2.51364e-05
2.32956e-06
-2.48892e-05
-1.04725e-06
-2.35655e-05
-4.48564e-06
-2.1216e-05
-7.68191e-06
-1.79911e-05
-1.02888e-05
-1.4151e-05
-1.19517e-05
-1.0061e-05
-1.23682e-05
-6.1644e-06
-1.13673e-05
-2.92843e-06
-8.98904e-06
-7.72681e-07
-5.54563e-06
-1.6767e-06
-1.0892e-06
3.20425e-06
-3.70963e-06
8.53851e-06
-7.31431e-06
1.24079e-05
-1.14458e-05
1.47311e-05
-1.5722e-05
1.55972e-05
-1.98224e-05
1.51511e-05
-2.34752e-05
1.35485e-05
-2.64471e-05
1.09423e-05
-2.85385e-05
7.49027e-06
-2.95849e-05
3.37592e-06
-2.94653e-05
-1.16677e-06
-2.81182e-05
-5.83282e-06
-2.5563e-05
-1.02371e-05
-2.1927e-05
-1.39248e-05
-1.74693e-05
-1.64095e-05
-1.25918e-05
-1.72457e-05
-7.8238e-06
-1.61353e-05
-3.76716e-06
-1.30457e-05
-1.0063e-06
-8.30649e-06
-2.68301e-06
-1.26648e-06
4.47073e-06
-4.28623e-06
1.15583e-05
-8.40183e-06
1.65235e-05
-1.3079e-05
1.94083e-05
-1.78909e-05
2.0409e-05
-2.24959e-05
1.9756e-05
-2.66148e-05
1.76673e-05
-3.00115e-05
1.4339e-05
-3.24808e-05
9.95961e-06
-3.38437e-05
4.73885e-06
-3.39521e-05
-1.05845e-06
-3.27034e-05
-7.08143e-06
-3.0068e-05
-1.28726e-05
-2.61257e-05
-1.78672e-05
-2.11092e-05
-2.1426e-05
-1.54394e-05
-2.29154e-05
-9.73167e-06
-2.1843e-05
-4.74783e-06
-1.80295e-05
-1.2831e-06
-1.17712e-05
-3.96611e-06
-1.4275e-06
5.89823e-06
-4.80719e-06
1.49379e-05
-9.37667e-06
2.10929e-05
-1.45298e-05
2.45615e-05
-1.98022e-05
2.56814e-05
-2.4841e-05
2.47949e-05
-2.93714e-05
2.21977e-05
-3.31664e-05
1.8134e-05
-3.60256e-05
1.28188e-05
-3.77622e-05
6.47544e-06
-3.82019e-05
-6.18678e-07
-3.7195e-05
-8.08839e-06
-3.46444e-05
-1.54231e-05
-3.05546e-05
-2.1957e-05
-2.50957e-05
-2.68849e-05
-1.86734e-05
-2.93377e-05
-1.19734e-05
-2.85431e-05
-5.93703e-06
-2.40658e-05
-1.63025e-06
-1.6078e-05
-5.59636e-06
-1.5742e-06
7.47243e-06
-5.27389e-06
1.86376e-05
-1.02296e-05
2.60486e-05
-1.57652e-05
3.00971e-05
-2.1387e-05
3.13033e-05
-2.67441e-05
3.0152e-05
-3.15812e-05
2.70348e-05
-3.5697e-05
2.22499e-05
-3.89116e-05
1.60333e-05
-4.10441e-05
8.608e-06
-4.19032e-05
2.4045e-07
-4.1292e-05
-8.69963e-06
-3.90341e-05
-1.76809e-05
-3.50284e-05
-2.59628e-05
-2.93352e-05
-3.25781e-05
-2.22885e-05
-3.63843e-05
-1.46006e-05
-3.6231e-05
-7.3943e-06
-3.12722e-05
-2.07599e-06
-2.13963e-05
-7.67235e-06
-1.71211e-06
9.18454e-06
-5.69557e-06
2.26211e-05
-1.09583e-05
3.13113e-05
-1.67508e-05
3.58896e-05
-2.25601e-05
3.71125e-05
-2.80541e-05
3.5646e-05
-3.30182e-05
3.19989e-05
-3.72985e-05
2.65302e-05
-4.07579e-05
1.94927e-05
-4.32433e-05
1.10934e-05
-4.45653e-05
1.56249e-06
-4.44923e-05
-8.77257e-06
-4.27672e-05
-1.94061e-05
-3.91587e-05
-2.95713e-05
-3.35631e-05
-3.81737e-05
-2.61608e-05
-4.37866e-05
-1.7606e-05
-4.47858e-05
-9.16499e-06
-3.97132e-05
-2.65099e-06
-2.79103e-05
-1.03233e-05
-1.85651e-06
1.1041e-05
-6.10178e-06
2.68664e-05
-1.15818e-05
3.67913e-05
-1.74643e-05
4.17721e-05
-2.32308e-05
4.2879e-05
-2.85932e-05
4.10084e-05
-3.34049e-05
3.68106e-05
-3.75873e-05
3.07126e-05
-4.10744e-05
2.29798e-05
-4.37705e-05
1.37895e-05
-4.55185e-05
3.31046e-06
-4.60796e-05
-8.21144e-06
-4.51321e-05
-2.03535e-05
-4.23065e-05
-3.23968e-05
-3.72845e-05
-4.31957e-05
-2.99913e-05
-5.10799e-05
-2.08852e-05
-5.38919e-05
-1.12685e-05
-4.93299e-05
-3.39057e-06
-3.57882e-05
-1.37139e-05
-2.04232e-06
1.30834e-05
-6.55953e-06
3.13836e-05
-1.21568e-05
4.23886e-05
-1.79059e-05
4.75213e-05
-2.33096e-05
4.82826e-05
-2.81614e-05
4.58603e-05
-3.24195e-05
4.10687e-05
-3.61139e-05
3.4407e-05
-3.92816e-05
2.61474e-05
-4.19181e-05
1.6426e-05
-4.39377e-05
5.33009e-06
-4.51375e-05
-7.01164e-06
-4.51712e-05
-2.03199e-05
-4.35511e-05
-3.40169e-05
-3.97179e-05
-4.70289e-05
-3.32373e-05
-5.75605e-05
-2.41821e-05
-6.2947e-05
-1.36762e-05
-5.98358e-05
-4.33733e-06
-4.51271e-05
-1.80512e-05
-2.34012e-06
1.54235e-05
-7.19373e-06
3.62372e-05
-1.27866e-05
4.79814e-05
-1.80924e-05
5.28272e-05
-2.26902e-05
5.28804e-05
-2.65159e-05
4.96859e-05
-2.9681e-05
4.42337e-05
-3.23605e-05
3.70865e-05
-3.47246e-05
2.85116e-05
-3.68919e-05
1.85933e-05
-3.88877e-05
7.32585e-06
-4.05975e-05
-5.30187e-06
-4.17142e-05
-1.92031e-05
-4.16928e-05
-3.40383e-05
-3.97554e-05
-4.89663e-05
-3.50376e-05
-6.22784e-05
-2.70091e-05
-7.09755e-05
-1.62695e-05
-7.05754e-05
-5.54249e-06
-5.58541e-05
-2.35937e-05
-2.88157e-06
1.83051e-05
-8.20302e-06
4.15586e-05
-1.35992e-05
5.33776e-05
-1.79967e-05
5.72247e-05
-2.11669e-05
5.60506e-05
-2.32836e-05
5.18027e-05
-2.46729e-05
4.5623e-05
-2.56889e-05
3.81025e-05
-2.66542e-05
2.94769e-05
-2.78274e-05
1.97665e-05
-2.93721e-05
8.87054e-06
-3.13108e-05
-3.36312e-06
-3.34537e-05
-1.70603e-05
-3.53013e-05
-3.21906e-05
-3.59558e-05
-4.83119e-05
-3.4139e-05
-6.40952e-05
-2.8536e-05
-7.65785e-05
-1.87582e-05
-8.03532e-05
-7.05719e-06
-6.75551e-05
-3.06509e-05
-3.89269e-06
2.21978e-05
-9.83772e-06
4.75037e-05
-1.46273e-05
5.81672e-05
-1.73523e-05
5.99497e-05
-1.82044e-05
5.69027e-05
-1.77336e-05
5.13319e-05
-1.65437e-05
4.44332e-05
-1.51841e-05
3.67429e-05
-1.41228e-05
2.84155e-05
-1.37449e-05
1.93887e-05
-1.4349e-05
9.4746e-06
-1.61174e-05
-1.59467e-06
-1.90457e-05
-1.41321e-05
-2.28113e-05
-2.8425e-05
-2.65811e-05
-4.45421e-05
-2.88305e-05
-6.18458e-05
-2.74291e-05
-7.79799e-05
-2.05151e-05
-8.72671e-05
-8.88074e-06
-7.91896e-05
-3.95317e-05
-5.69713e-06
2.78949e-05
-1.22142e-05
5.40207e-05
-1.54096e-05
6.13626e-05
-1.51415e-05
5.96816e-05
-1.24119e-05
5.41731e-05
-8.29862e-06
4.72186e-05
-3.70571e-06
3.98403e-05
6.59085e-07
3.23781e-05
4.24227e-06
2.48323e-05
6.59273e-06
1.70383e-05
7.32848e-06
8.73885e-06
6.13163e-06
-3.97818e-07
2.79769e-06
-1.07981e-05
-2.64607e-06
-2.29812e-05
-9.67937e-06
-3.75088e-05
-1.689e-05
-5.46351e-05
-2.16091e-05
-7.32609e-05
-2.02343e-05
-8.86419e-05
-1.07719e-05
-8.8652e-05
-5.03035e-05
-8.53153e-06
3.64264e-05
-1.45562e-05
6.00454e-05
-1.38635e-05
6.06699e-05
-8.42132e-06
5.42394e-05
-5.1171e-07
4.62635e-05
8.2472e-06
3.84597e-05
1.67817e-05
3.13057e-05
2.43814e-05
2.47784e-05
3.0548e-05
1.86657e-05
3.48862e-05
1.27001e-05
3.70334e-05
6.59162e-06
3.66143e-05
2.12537e-08
3.3267e-05
-7.45076e-06
2.66745e-05
-1.63888e-05
1.68146e-05
-2.76488e-05
4.46678e-06
-4.22873e-05
-7.901e-06
-6.08931e-05
-1.5327e-05
-8.12159e-05
-1.17765e-05
-9.22025e-05
-6.208e-05
-1.165e-05
4.80764e-05
-1.26873e-05
6.10827e-05
-3.47185e-06
5.14544e-05
9.98904e-06
4.07785e-05
2.42813e-05
3.19712e-05
3.78043e-05
2.49367e-05
4.9787e-05
1.9323e-05
5.98449e-05
1.47205e-05
6.77572e-05
1.07535e-05
7.334e-05
7.11727e-06
7.63732e-05
3.5584e-06
7.65547e-05
-1.60231e-07
7.34567e-05
-4.35279e-06
6.65113e-05
-9.4433e-06
5.50695e-05
-1.62071e-05
3.87642e-05
-2.5982e-05
1.86165e-05
-4.07453e-05
-7.40842e-07
-6.18586e-05
-9.27665e-06
-8.36667e-05
-7.13567e-05
-7.49277e-06
5.55692e-05
9.10918e-06
4.44808e-05
3.26571e-05
2.79065e-05
5.469e-05
1.87456e-05
7.35049e-05
1.31563e-05
8.90583e-05
9.38329e-06
0.000101625
6.75673e-06
0.000111501
4.84388e-06
0.000118911
3.34373e-06
0.000123966
2.06187e-06
0.000126656
8.6877e-07
0.000126839
-3.4276e-07
0.00012417
-1.68461e-06
0.000118055
-3.32831e-06
0.000107469
-5.62066e-06
9.08362e-05
-9.34914e-06
6.64397e-05
-1.63489e-05
3.47322e-05
-3.0151e-05
4.88833e-06
-5.38229e-05
-6.64683e-05
5.55692e-05
0.00010005
0.000127956
0.000146702
0.000159858
0.000169242
0.000175998
0.000180842
0.000184186
0.000186248
0.000187117
0.000186774
0.000185089
0.000181761
0.00017614
0.000166791
0.000150442
0.000120291
6.64683e-05
)
;

boundaryField
{
    movingWall
    {
        type            calculated;
        value           uniform 0;
    }
    fixedWalls
    {
        type            calculated;
        value           uniform 0;
    }
    frontAndBack
    {
        type            empty;
        value           nonuniform List<scalar> 0();
    }
}


// ************************************************************************* //
