/*--------------------------------*- C++ -*----------------------------------*\
  =========                 |
  \\      /  F ield         | OpenFOAM: The Open Source CFD Toolbox
   \\    /   O peration     | Website:  https://openfoam.org
    \\  /    A nd           | Version:  8
     \\/     M anipulation  |
\*---------------------------------------------------------------------------*/
FoamFile
{
    version     2.0;
    format      ascii;
    class       volVectorField;
    location    "0.5";
    object      U;
}
// * * * * * * * * * * * * * * * * * * * * * * * * * * * * * * * * * * * * * //

dimensions      [0 1 -1 0 0 0 0];

internalField   nonuniform List<vector> 
400
(
(0.00105017 -0.00105183 0)
(0.00037763 0.000573754 0)
(-0.00554576 0.00248793 0)
(-0.0155498 0.00378164 0)
(-0.0279178 0.00442118 0)
(-0.0410823 0.00451423 0)
(-0.0537028 0.00416393 0)
(-0.0646454 0.00344477 0)
(-0.0729455 0.00240893 0)
(-0.0777989 0.00110901 0)
(-0.078605 -0.000376799 0)
(-0.0750577 -0.00192666 0)
(-0.0672594 -0.00336929 0)
(-0.0558225 -0.00449527 0)
(-0.0419182 -0.00508547 0)
(-0.0272325 -0.00495509 0)
(-0.0137963 -0.00400795 0)
(-0.00367604 -0.00229457 0)
(0.00148375 -0.000140957 0)
(0.0013304 0.00128852 0)
(-0.000514681 -0.000478494 0)
(-0.00767687 0.00760807 0)
(-0.0259047 0.0159461 0)
(-0.0522062 0.0217171 0)
(-0.0831292 0.0245668 0)
(-0.115433 0.0247356 0)
(-0.146097 0.0225756 0)
(-0.172439 0.0184204 0)
(-0.192167 0.0125812 0)
(-0.203426 0.00541459 0)
(-0.204919 -0.00259451 0)
(-0.196084 -0.0107745 0)
(-0.177303 -0.0182611 0)
(-0.150066 -0.02406 0)
(-0.117024 -0.0271841 0)
(-0.0818465 -0.0268557 0)
(-0.0488159 -0.022752 0)
(-0.0221439 -0.015254 0)
(-0.00526561 -0.00582656 0)
(0.000181166 0.00164607 0)
(-0.00261561 0.00552053 0)
(-0.0172546 0.0261346 0)
(-0.0478989 0.0450908 0)
(-0.0889849 0.0580826 0)
(-0.135565 0.0642933 0)
(-0.18333 0.0640445 0)
(-0.228188 0.0580154 0)
(-0.266449 0.0469681 0)
(-0.294948 0.0317158 0)
(-0.311146 0.013234 0)
(-0.31329 -0.00719291 0)
(-0.300646 -0.0278714 0)
(-0.273747 -0.0467076 0)
(-0.23459 -0.0613607 0)
(-0.186707 -0.0695568 0)
(-0.135003 -0.0695497 0)
(-0.0852288 -0.0606702 0)
(-0.0431308 -0.0438605 0)
(-0.0139174 -0.0222526 0)
(-0.00157422 -0.00263574 0)
(-0.00449262 0.0167043 0)
(-0.0262455 0.0553607 0)
(-0.0688521 0.0877935 0)
(-0.123779 0.109291 0)
(-0.184496 0.118978 0)
(-0.245819 0.11743 0)
(-0.302914 0.105759 0)
(-0.351427 0.0852601 0)
(-0.387625 0.0573773 0)
(-0.408491 0.0238663 0)
(-0.411903 -0.0129929 0)
(-0.396884 -0.0502521 0)
(-0.363891 -0.0843131 0)
(-0.315076 -0.111171 0)
(-0.254434 -0.126921 0)
(-0.187712 -0.128507 0)
(-0.1219 -0.114633 0)
(-0.0643252 -0.0866272 0)
(-0.022399 -0.0491679 0)
(-0.00315 -0.0115396 0)
(-0.00611915 0.0324926 0)
(-0.0343979 0.094433 0)
(-0.0882328 0.14287 0)
(-0.156114 0.17371 0)
(-0.229904 0.186632 0)
(-0.303637 0.182803 0)
(-0.371927 0.163944 0)
(-0.429988 0.131979 0)
(-0.473712 0.08904 0)
(-0.499723 0.0377041 0)
(-0.505521 -0.0187071 0)
(-0.489747 -0.0759186 0)
(-0.452511 -0.128697 0)
(-0.395762 -0.171145 0)
(-0.323589 -0.197372 0)
(-0.242326 -0.202547 0)
(-0.160172 -0.184221 0)
(-0.0863077 -0.143622 0)
(-0.030902 -0.0866166 0)
(-0.00459299 -0.0247722 0)
(-0.00755614 0.0524009 0)
(-0.0417862 0.142639 0)
(-0.106011 0.209582 0)
(-0.185911 0.250576 0)
(-0.271808 0.266491 0)
(-0.357047 0.259501 0)
(-0.435849 0.232168 0)
(-0.503173 0.187141 0)
(-0.554695 0.127246 0)
(-0.586753 0.0558328 0)
(-0.596443 -0.0228106 0)
(-0.581854 -0.103134 0)
(-0.542456 -0.178234 0)
(-0.479599 -0.240124 0)
(-0.397061 -0.280507 0)
(-0.301467 -0.292113 0)
(-0.202178 -0.270526 0)
(-0.110551 -0.216099 0)
(-0.0401903 -0.135411 0)
(-0.00611275 -0.0424217 0)
(-0.00885055 0.0760322 0)
(-0.0484983 0.199226 0)
(-0.122214 0.287041 0)
(-0.213064 0.33896 0)
(-0.309953 0.357674 0)
(-0.405664 0.34682 0)
(-0.494196 0.310063 0)
(-0.570449 0.25087 0)
(-0.630043 0.172723 0)
(-0.669142 0.0796035 0)
(-0.684432 -0.0234264 0)
(-0.673318 -0.129729 0)
(-0.634335 -0.230819 0)
(-0.567794 -0.316501 0)
(-0.47664 -0.375616 0)
(-0.36731 -0.397612 0)
(-0.250102 -0.374953 0)
(-0.138774 -0.30594 0)
(-0.0511886 -0.197125 0)
(-0.00795088 -0.0650803 0)
(-0.0100318 0.103042 0)
(-0.0545911 0.263415 0)
(-0.136817 0.374194 0)
(-0.237316 0.437649 0)
(-0.343704 0.458947 0)
(-0.448375 0.443677 0)
(-0.545327 0.396897 0)
(-0.62964 0.322987 0)
(-0.697116 0.226003 0)
(-0.743923 0.110345 0)
(-0.766432 -0.0184647 0)
(-0.761314 -0.153045 0)
(-0.725933 -0.283599 0)
(-0.659102 -0.397755 0)
(-0.562259 -0.481114 0)
(-0.440897 -0.518882 0)
(-0.305652 -0.498871 0)
(-0.172631 -0.415554 0)
(-0.0648726 -0.274153 0)
(-0.0103694 -0.0938827 0)
(-0.0111291 0.133118 0)
(-0.0601318 0.334405 0)
(-0.149801 0.469803 0)
(-0.258308 0.545048 0)
(-0.372097 0.56851 0)
(-0.483391 0.548295 0)
(-0.58648 0.491183 0)
(-0.676952 0.402566 0)
(-0.751119 0.286981 0)
(-0.805457 0.148966 0)
(-0.836258 -0.00591983 0)
(-0.839577 -0.170064 0)
(-0.811505 -0.332862 0)
(-0.748953 -0.480087 0)
(-0.651071 -0.59395 0)
(-0.521304 -0.654499 0)
(-0.369483 -0.643014 0)
(-0.213454 -0.547545 0)
(-0.0822383 -0.369639 0)
(-0.013669 -0.130523 0)
(-0.0122111 0.166006 0)
(-0.0653177 0.411409 0)
(-0.161321 0.5724 0)
(-0.275768 0.659005 0)
(-0.394014 0.683704 0)
(-0.508404 0.657801 0)
(-0.613918 0.590188 0)
(-0.707083 0.4874 0)
(-0.785167 0.354346 0)
(-0.845398 0.1954 0)
(-0.884416 0.0156597 0)
(-0.897995 -0.177711 0)
(-0.881104 -0.374086 0)
(-0.828529 -0.558102 0)
(-0.736372 -0.708911 0)
(-0.60463 -0.800806 0)
(-0.440477 -0.806494 0)
(-0.26195 -0.704029 0)
(-0.104302 -0.487249 0)
(-0.0182304 -0.177291 0)
(-0.0134546 0.201638 0)
(-0.0706753 0.493793 0)
(-0.171996 0.680295 0)
(-0.289801 0.776645 0)
(-0.408436 0.800694 0)
(-0.520808 0.767804 0)
(-0.623133 0.68944 0)
(-0.713441 0.573426 0)
(-0.790511 0.424962 0)
(-0.852899 0.247958 0)
(-0.898201 0.0465196 0)
(-0.922512 -0.173419 0)
(-0.920167 -0.402271 0)
(-0.883979 -0.624762 0)
(-0.806492 -0.818029 0)
(-0.682757 -0.950785 0)
(-0.514728 -0.985416 0)
(-0.317706 -0.885513 0)
(-0.132087 -0.630736 0)
(-0.0245812 -0.237142 0)
(-0.0152632 0.24041 0)
(-0.0773631 0.581364 0)
(-0.183262 0.791604 0)
(-0.301165 0.894157 0)
(-0.414598 0.9141 0)
(-0.51778 0.87195 0)
(-0.60895 0.782241 0)
(-0.688334 0.654225 0)
(-0.756861 0.493302 0)
(-0.815062 0.30266 0)
(-0.862205 0.084945 0)
(-0.895546 -0.155934 0)
(-0.90966 -0.412654 0)
(-0.896091 -0.671748 0)
(-0.843899 -0.91032 0)
(-0.742016 -1.09296 0)
(-0.584175 -1.17112 0)
(-0.378363 -1.08919 0)
(-0.166534 -0.803158 0)
(-0.0334962 -0.313842 0)
(-0.0184768 0.283736 0)
(-0.0876074 0.67481 0)
(-0.197709 0.904214 0)
(-0.311288 1.0064 0)
(-0.411715 1.01649 0)
(-0.495859 0.961445 0)
(-0.565125 0.859278 0)
(-0.622768 0.72067 0)
(-0.672501 0.551085 0)
(-0.717412 0.352774 0)
(-0.759129 0.126587 0)
(-0.79698 -0.12622 0)
(-0.826976 -0.401775 0)
(-0.84073 -0.690425 0)
(-0.824854 -0.972158 0)
(-0.761963 -1.2107 0)
(-0.634869 -1.34823 0)
(-0.438238 -1.30647 0)
(-0.208195 -1.00546 0)
(-0.0461245 -0.412174 0)
(-0.0247335 0.335017 0)
(-0.105261 0.776155 0)
(-0.219066 1.01533 0)
(-0.321417 1.10606 0)
(-0.397475 1.09755 0)
(-0.449163 1.02448 0)
(-0.48265 0.908349 0)
(-0.505119 0.760919 0)
(-0.523538 0.587376 0)
(-0.543859 0.388831 0)
(-0.570461 0.164196 0)
(-0.605451 -0.0882049 0)
(-0.647522 -0.368745 0)
(-0.690227 -0.673447 0)
(-0.719955 -0.988674 0)
(-0.714574 -1.28246 0)
(-0.644904 -1.49297 0)
(-0.486063 -1.51964 0)
(-0.256308 -1.23385 0)
(-0.0640462 -0.538034 0)
(-0.0369935 0.401227 0)
(-0.136179 0.888778 0)
(-0.250816 1.11995 0)
(-0.329299 1.18177 0)
(-0.363596 1.14271 0)
(-0.364667 1.0456 0)
(-0.34538 0.914453 0)
(-0.317508 0.76102 0)
(-0.291269 0.589496 0)
(-0.275203 0.399555 0)
(-0.276196 0.188246 0)
(-0.299252 -0.0488168 0)
(-0.346559 -0.316286 0)
(-0.415562 -0.616858 0)
(-0.495715 -0.946443 0)
(-0.564128 -1.28389 0)
(-0.582003 -1.57286 0)
(-0.501164 -1.69824 0)
(-0.306176 -1.4752 0)
(-0.0887691 -0.697908 0)
(-0.0597709 0.495497 0)
(-0.186786 1.01558 0)
(-0.290175 1.20666 0)
(-0.319614 1.21453 0)
(-0.285062 1.13119 0)
(-0.211946 1.0054 0)
(-0.121155 0.860743 0)
(-0.0286415 0.706744 0)
(0.0532119 0.545314 0)
(0.114554 0.374275 0)
(0.14717 0.189061 0)
(0.144006 -0.0166372 0)
(0.099535 -0.250723 0)
(0.0112042 -0.521951 0)
(-0.117051 -0.837166 0)
(-0.267918 -1.19204 0)
(-0.400652 -1.54882 0)
(-0.447022 -1.79625 0)
(-0.342525 -1.70087 0)
(-0.119042 -0.898213 0)
(-0.0967469 0.642353 0)
(-0.254882 1.15094 0)
(-0.308147 1.24561 0)
(-0.239668 1.16933 0)
(-0.0974623 1.0325 0)
(0.0754486 0.880678 0)
(0.25245 0.730914 0)
(0.416592 0.587077 0)
(0.556365 0.447215 0)
(0.663229 0.306943 0)
(0.729859 0.16059 0)
(0.749 0.00119432 0)
(0.713228 -0.180209 0)
(0.615218 -0.395804 0)
(0.450073 -0.661262 0)
(0.222468 -0.991251 0)
(-0.0386043 -1.37987 0)
(-0.26134 -1.75007 0)
(-0.326188 -1.85704 0)
(-0.142161 -1.14448 0)
(-0.134543 0.877252 0)
(-0.292598 1.25279 0)
(-0.19274 1.16284 0)
(0.0537856 0.984096 0)
(0.342276 0.806674 0)
(0.625549 0.650188 0)
(0.883213 0.516692 0)
(1.10511 0.401619 0)
(1.28582 0.298669 0)
(1.42175 0.201757 0)
(1.50914 0.105158 0)
(1.54295 0.00287618 0)
(1.5161 -0.112463 0)
(1.41863 -0.252038 0)
(1.23777 -0.433773 0)
(0.961335 -0.685175 0)
(0.58938 -1.03684 0)
(0.160908 -1.48112 0)
(-0.168358 -1.83871 0)
(-0.108242 -1.40766 0)
(-0.0298324 1.12128 0)
(-0.0416873 1.16633 0)
(0.392832 0.856115 0)
(0.879839 0.621128 0)
(1.29554 0.457467 0)
(1.63854 0.339312 0)
(1.9186 0.252272 0)
(2.14223 0.185801 0)
(2.31455 0.131882 0)
(2.43901 0.0848034 0)
(2.51679 0.0403654 0)
(2.54644 -0.00502849 0)
(2.52338 -0.055445 0)
(2.43861 -0.117091 0)
(2.2766 -0.201635 0)
(2.01234 -0.333117 0)
(1.60763 -0.558644 0)
(1.01705 -0.943552 0)
(0.357767 -1.45557 0)
(0.169655 -1.45258 0)
(1.25795 0.617781 0)
(1.61419 0.546825 0)
(2.258 0.344933 0)
(2.76066 0.21531 0)
(3.08434 0.13843 0)
(3.30367 0.0907158 0)
(3.46115 0.0602528 0)
(3.57522 0.0400495 0)
(3.65597 0.025663 0)
(3.70939 0.0143751 0)
(3.73848 0.00451732 0)
(3.74391 -0.00504642 0)
(3.72424 -0.0154475 0)
(3.67534 -0.0282143 0)
(3.58823 -0.0464674 0)
(3.44371 -0.0778021 0)
(3.1968 -0.141698 0)
(2.7296 -0.2819 0)
(1.96989 -0.545946 0)
(1.4322 -0.674821 0)
)
;

boundaryField
{
    movingWall
    {
        type            fixedValue;
        value           uniform (4.4 0 0);
    }
    fixedWalls
    {
        type            noSlip;
    }
    frontAndBack
    {
        type            empty;
    }
}


// ************************************************************************* //
