/*--------------------------------*- C++ -*----------------------------------*\
  =========                 |
  \\      /  F ield         | OpenFOAM: The Open Source CFD Toolbox
   \\    /   O peration     | Website:  https://openfoam.org
    \\  /    A nd           | Version:  8
     \\/     M anipulation  |
\*---------------------------------------------------------------------------*/
FoamFile
{
    version     2.0;
    format      ascii;
    class       volScalarField;
    location    "0.2";
    object      p;
}
// * * * * * * * * * * * * * * * * * * * * * * * * * * * * * * * * * * * * * //

dimensions      [0 2 -2 0 0 0 0];

internalField   nonuniform List<scalar> 
400
(
2.68137e-05
-0.0256997
-0.0561439
-0.0789863
-0.0877345
-0.0796526
-0.0543695
-0.0130378
0.0420103
0.107271
0.178
0.248295
0.311493
0.360946
0.391158
0.399118
0.385599
0.356125
0.321277
0.296018
0.0256499
-0.00102441
-0.0247983
-0.0403046
-0.0449663
-0.0369468
-0.0158019
0.0177699
0.062129
0.11465
0.171654
0.228485
0.279847
0.320464
0.346007
0.354155
0.345576
0.32433
0.296758
0.271118
0.0579096
0.0210969
-0.00431666
-0.0182137
-0.0219805
-0.0149202
0.00314698
0.0316933
0.0695695
0.114821
0.164503
0.214672
0.260632
0.297517
0.321143
0.329001
0.321231
0.30072
0.270413
0.234437
0.0847071
0.0344348
0.00334918
-0.0122217
-0.0171081
-0.0116486
0.00401853
0.0294453
0.0638742
0.105886
0.15305
0.20177
0.247432
0.284916
0.309447
0.317678
0.308873
0.28496
0.24642
0.19535
0.0973213
0.033548
-0.00412224
-0.0224459
-0.029232
-0.0256527
-0.0120516
0.0112708
0.0439813
0.085193
0.132933
0.183822
0.233076
0.274944
0.303567
0.314225
0.304908
0.276524
0.227528
0.159082
0.0888932
0.0124269
-0.0318115
-0.0532258
-0.0622173
-0.0605945
-0.0487563
-0.0267315
0.00567166
0.0481786
0.0993265
0.155942
0.212957
0.263702
0.30076
0.317419
0.309801
0.277442
0.216766
0.128647
0.0535988
-0.0345166
-0.0849047
-0.109359
-0.120603
-0.12094
-0.110682
-0.0894367
-0.0563254
-0.0108337
0.0462681
0.112163
0.181534
0.246625
0.297984
0.32614
0.324441
0.290269
0.217379
0.10656
-0.0138222
-0.112478
-0.168347
-0.195496
-0.208849
-0.211146
-0.20251
-0.181968
-0.14774
-0.0982367
-0.0331926
0.0452857
0.131897
0.217814
0.291148
0.338751
0.349899
0.318392
0.233795
0.0964562
-0.118272
-0.22642
-0.286894
-0.316059
-0.331111
-0.335295
-0.328517
-0.309078
-0.274038
-0.220355
-0.146219
-0.0524317
0.0562877
0.170371
0.275301
0.353294
0.387821
0.366821
0.272875
0.104705
-0.264369
-0.381172
-0.445021
-0.474867
-0.490588
-0.496202
-0.491461
-0.473838
-0.438967
-0.381898
-0.298628
-0.187823
-0.0526932
0.0972489
0.245123
0.367756
0.440787
0.442996
0.345368
0.142339
-0.456661
-0.581669
-0.646854
-0.674635
-0.688618
-0.694148
-0.691012
-0.6758
-0.642448
-0.583616
-0.492382
-0.364265
-0.199683
-0.00672016
0.196401
0.38104
0.513091
0.557903
0.46785
0.227765
-0.700415
-0.833644
-0.896265
-0.916403
-0.923579
-0.925395
-0.921946
-0.90887
-0.878114
-0.819467
-0.722365
-0.578122
-0.38287
-0.141321
0.128986
0.395158
0.612355
0.727791
0.665484
0.390985
-1.00377
-1.14514
-1.19718
-1.19886
-1.18964
-1.18063
-1.1724
-1.15939
-1.13114
-1.07406
-0.973311
-0.815071
-0.58973
-0.296381
0.0511785
0.418906
0.752383
0.97684
0.976097
0.680575
-1.38295
-1.52946
-1.554
-1.51736
-1.47535
-1.44361
-1.42272
-1.40519
-1.37739
-1.3217
-1.21845
-1.04808
-0.794115
-0.447941
-0.0159023
0.472066
0.956728
1.34073
1.45629
1.17591
-1.87423
-2.01026
-1.97136
-1.86197
-1.76183
-1.69009
-1.64534
-1.61633
-1.58484
-1.52831
-1.42173
-1.23947
-0.957682
-0.558551
-0.0373643
0.587077
1.26034
1.86889
2.18843
2.00625
-2.55848
-2.62895
-2.45209
-2.21415
-2.02077
-1.88766
-1.80632
-1.75821
-1.71823
-1.65746
-1.54504
-1.3492
-1.0385
-0.585306
0.0290922
0.804776
1.70643
2.62139
3.28194
3.36987
-3.61215
-3.45285
-2.99486
-2.54693
-2.21679
-1.99998
-1.87154
-1.79962
-1.74859
-1.68163
-1.56151
-1.35049
-1.00891
-0.499229
0.214314
1.15879
2.33488
3.65923
4.87264
5.56414
-5.47718
-4.57303
-3.56382
-2.80596
-2.29817
-1.98437
-1.80973
-1.7197
-1.66368
-1.59581
-1.47269
-1.25088
-0.884816
-0.324215
0.487542
1.61527
3.11777
4.99269
7.14983
9.20105
-9.40988
-6.02004
-3.86514
-2.73264
-2.08297
-1.72038
-1.54688
-1.4794
-1.45159
-1.41112
-1.31192
-1.10832
-0.75212
-0.183785
0.673878
1.93293
3.75053
6.34243
10.236
15.6632
-16.9258
-7.40638
-3.2698
-1.91144
-1.33557
-1.08043
-1.01964
-1.05629
-1.11894
-1.15751
-1.13037
-0.996591
-0.71053
-0.215981
0.566819
1.77513
3.68245
6.91174
13.2915
25.07
)
;

boundaryField
{
    movingWall
    {
        type            zeroGradient;
    }
    fixedWalls
    {
        type            zeroGradient;
    }
    frontAndBack
    {
        type            empty;
    }
}


// ************************************************************************* //
