/*--------------------------------*- C++ -*----------------------------------*\
  =========                 |
  \\      /  F ield         | OpenFOAM: The Open Source CFD Toolbox
   \\    /   O peration     | Website:  https://openfoam.org
    \\  /    A nd           | Version:  8
     \\/     M anipulation  |
\*---------------------------------------------------------------------------*/
FoamFile
{
    version     2.0;
    format      ascii;
    class       volVectorField;
    location    "0.2";
    object      U;
}
// * * * * * * * * * * * * * * * * * * * * * * * * * * * * * * * * * * * * * //

dimensions      [0 1 -1 0 0 0 0];

internalField   nonuniform List<vector> 
400
(
(0.00104944 -0.00105106 0)
(0.000376316 0.000574059 0)
(-0.00554464 0.00248718 0)
(-0.0155448 0.00378034 0)
(-0.0279078 0.00441964 0)
(-0.0410671 0.00451266 0)
(-0.0536827 0.0041625 0)
(-0.0646212 0.0034436 0)
(-0.0729185 0.00240814 0)
(-0.0777706 0.00110872 0)
(-0.078577 -0.000376515 0)
(-0.0750319 -0.00192579 0)
(-0.0672372 -0.00336794 0)
(-0.0558052 -0.00449361 0)
(-0.0419063 -0.00508376 0)
(-0.027226 -0.0049536 0)
(-0.0137942 -0.00400694 0)
(-0.00367674 -0.00229424 0)
(0.00148222 -0.000141319 0)
(0.00132969 0.00128789 0)
(-0.000514421 -0.000477963 0)
(-0.00767357 0.00760567 0)
(-0.0258934 0.0159397 0)
(-0.052183 0.0217083 0)
(-0.0830925 0.024557 0)
(-0.115382 0.0247259 0)
(-0.146034 0.022567 0)
(-0.172366 0.0184137 0)
(-0.192087 0.0125772 0)
(-0.203343 0.00541362 0)
(-0.204837 -0.00259213 0)
(-0.196008 -0.0107689 0)
(-0.177237 -0.0182528 0)
(-0.150013 -0.02405 0)
(-0.116985 -0.0271737 0)
(-0.0818208 -0.0268463 0)
(-0.0488021 -0.022745 0)
(-0.0221387 -0.0152501 0)
(-0.0052652 -0.00582597 0)
(0.000180709 0.00164476 0)
(-0.00261415 0.0055185 0)
(-0.0172458 0.0261231 0)
(-0.0478751 0.0450707 0)
(-0.0889415 0.0580571 0)
(-0.135501 0.0642658 0)
(-0.183244 0.064018 0)
(-0.228083 0.0579925 0)
(-0.26633 0.0469509 0)
(-0.294819 0.0317059 0)
(-0.311013 0.0132324 0)
(-0.31316 -0.00718564 0)
(-0.300526 -0.0278558 0)
(-0.273641 -0.0466852 0)
(-0.234502 -0.0613339 0)
(-0.186641 -0.0695288 0)
(-0.134957 -0.0695239 0)
(-0.085201 -0.0606497 0)
(-0.0431175 -0.0438474 0)
(-0.0139135 -0.0222474 0)
(-0.00157393 -0.00263622 0)
(-0.00448999 0.0166962 0)
(-0.0262315 0.0553343 0)
(-0.0688168 0.0877524 0)
(-0.123718 0.109242 0)
(-0.184407 0.118926 0)
(-0.245704 0.117381 0)
(-0.302776 0.105717 0)
(-0.351271 0.0852292 0)
(-0.387458 0.0573603 0)
(-0.40832 0.0238648 0)
(-0.411736 -0.0129785 0)
(-0.396728 -0.050223 0)
(-0.363753 -0.0842718 0)
(-0.314961 -0.111122 0)
(-0.254344 -0.12687 0)
(-0.187648 -0.128459 0)
(-0.121859 -0.114593 0)
(-0.0643043 -0.0865995 0)
(-0.0223918 -0.049154 0)
(-0.00314896 -0.0115374 0)
(-0.00611561 0.0324758 0)
(-0.0343799 0.0943868 0)
(-0.0881891 0.142802 0)
(-0.15604 0.173631 0)
(-0.229798 0.186551 0)
(-0.303501 0.182727 0)
(-0.371766 0.163881 0)
(-0.429808 0.131933 0)
(-0.473521 0.0890153 0)
(-0.499527 0.037703 0)
(-0.50533 -0.0186843 0)
(-0.489568 -0.0758738 0)
(-0.452352 -0.128634 0)
(-0.395627 -0.17107 0)
(-0.323482 -0.197293 0)
(-0.242248 -0.202471 0)
(-0.160121 -0.184157 0)
(-0.0862806 -0.143576 0)
(-0.0308921 -0.0865906 0)
(-0.0045914 -0.0247656 0)
(-0.0075521 0.0523738 0)
(-0.0417663 0.14257 0)
(-0.105964 0.209485 0)
(-0.185831 0.250465 0)
(-0.271695 0.266378 0)
(-0.356904 0.259396 0)
(-0.43568 0.232082 0)
(-0.502986 0.187079 0)
(-0.554496 0.127214 0)
(-0.58655 0.0558322 0)
(-0.596244 -0.0227792 0)
(-0.581667 -0.103073 0)
(-0.542288 -0.178148 0)
(-0.479455 -0.240022 0)
(-0.396945 -0.280399 0)
(-0.301381 -0.292008 0)
(-0.202121 -0.270435 0)
(-0.11052 -0.216031 0)
(-0.0401787 -0.135371 0)
(-0.00611079 -0.0424096 0)
(-0.00884654 0.0759943 0)
(-0.0484789 0.199133 0)
(-0.122168 0.286915 0)
(-0.212988 0.338817 0)
(-0.309846 0.35753 0)
(-0.405528 0.346688 0)
(-0.494037 0.309955 0)
(-0.570272 0.250793 0)
(-0.629855 0.172682 0)
(-0.66895 0.079603 0)
(-0.684243 -0.0233872 0)
(-0.673139 -0.129653 0)
(-0.634172 -0.230713 0)
(-0.567653 -0.316373 0)
(-0.476524 -0.375479 0)
(-0.367222 -0.397477 0)
(-0.250043 -0.374835 0)
(-0.138741 -0.305848 0)
(-0.051176 -0.197068 0)
(-0.00794869 -0.065062 0)
(-0.0100284 0.102994 0)
(-0.0545746 0.263301 0)
(-0.136779 0.374041 0)
(-0.237252 0.437477 0)
(-0.343614 0.458775 0)
(-0.448261 0.443521 0)
(-0.545194 0.396769 0)
(-0.629491 0.322896 0)
(-0.696958 0.225955 0)
(-0.74376 0.110344 0)
(-0.76627 -0.01842 0)
(-0.761159 -0.152958 0)
(-0.72579 -0.283476 0)
(-0.658975 -0.397606 0)
(-0.562153 -0.480952 0)
(-0.440814 -0.51872 0)
(-0.305594 -0.498725 0)
(-0.172598 -0.415439 0)
(-0.0648597 -0.274079 0)
(-0.0103671 -0.0938576 0)
(-0.0111268 0.133062 0)
(-0.0601206 0.334274 0)
(-0.149774 0.469628 0)
(-0.258263 0.544853 0)
(-0.372034 0.568316 0)
(-0.483311 0.54812 0)
(-0.586386 0.491039 0)
(-0.676847 0.402465 0)
(-0.751007 0.286927 0)
(-0.80534 0.148963 0)
(-0.836141 -0.00587261 0)
(-0.839462 -0.16997 0)
(-0.811396 -0.332728 0)
(-0.748853 -0.479922 0)
(-0.650984 -0.593769 0)
(-0.521234 -0.654315 0)
(-0.369432 -0.642845 0)
(-0.213423 -0.547409 0)
(-0.0822258 -0.36955 0)
(-0.0136667 -0.130492 0)
(-0.0122103 0.165946 0)
(-0.0653136 0.411269 0)
(-0.161311 0.572213 0)
(-0.275749 0.658797 0)
(-0.393988 0.683498 0)
(-0.50837 0.657615 0)
(-0.613876 0.590035 0)
(-0.707035 0.48729 0)
(-0.785114 0.354286 0)
(-0.845341 0.195394 0)
(-0.884357 0.015706 0)
(-0.897934 -0.177616 0)
(-0.881042 -0.373948 0)
(-0.828468 -0.557931 0)
(-0.736314 -0.708719 0)
(-0.604579 -0.800608 0)
(-0.440437 -0.806308 0)
(-0.261924 -0.703875 0)
(-0.104291 -0.487146 0)
(-0.0182281 -0.177253 0)
(-0.0134555 0.201578 0)
(-0.0706793 0.493652 0)
(-0.172004 0.680106 0)
(-0.289813 0.776435 0)
(-0.408451 0.800485 0)
(-0.520824 0.767614 0)
(-0.623151 0.689283 0)
(-0.713458 0.573313 0)
(-0.790526 0.424899 0)
(-0.852912 0.247948 0)
(-0.898209 0.0465617 0)
(-0.922514 -0.173329 0)
(-0.920161 -0.402137 0)
(-0.883966 -0.624593 0)
(-0.806472 -0.817837 0)
(-0.682734 -0.950583 0)
(-0.514705 -0.985222 0)
(-0.317688 -0.885348 0)
(-0.132078 -0.630621 0)
(-0.0245792 -0.237099 0)
(-0.0152659 0.240354 0)
(-0.0773754 0.581232 0)
(-0.183289 0.791425 0)
(-0.301207 0.893956 0)
(-0.414655 0.913898 0)
(-0.517847 0.871766 0)
(-0.609027 0.782089 0)
(-0.688417 0.654113 0)
(-0.756946 0.493238 0)
(-0.815145 0.302646 0)
(-0.862283 0.0849803 0)
(-0.895614 -0.155852 0)
(-0.909716 -0.412531 0)
(-0.896132 -0.671592 0)
(-0.843923 -0.910138 0)
(-0.742026 -1.09277 0)
(-0.584174 -1.17093 0)
(-0.378356 -1.08902 0)
(-0.166529 -0.803038 0)
(-0.0334945 -0.313795 0)
(-0.0184811 0.283689 0)
(-0.087627 0.674696 0)
(-0.197752 0.904055 0)
(-0.311358 1.00622 0)
(-0.411808 1.01631 0)
(-0.495972 0.961275 0)
(-0.565254 0.859135 0)
(-0.622909 0.720565 0)
(-0.672647 0.551023 0)
(-0.717558 0.352757 0)
(-0.759271 0.126614 0)
(-0.79711 -0.126152 0)
(-0.827091 -0.401669 0)
(-0.840825 -0.690289 0)
(-0.824925 -0.971997 0)
(-0.762009 -1.21052 0)
(-0.634893 -1.34805 0)
(-0.438246 -1.30631 0)
(-0.208195 -1.00535 0)
(-0.0461236 -0.412125 0)
(-0.0247388 0.334982 0)
(-0.105285 0.776065 0)
(-0.219121 1.0152 0)
(-0.321505 1.10591 0)
(-0.397594 1.09739 0)
(-0.449309 1.02433 0)
(-0.482817 0.908223 0)
(-0.505302 0.760824 0)
(-0.523729 0.587318 0)
(-0.544053 0.388811 0)
(-0.570651 0.164215 0)
(-0.60563 -0.0881506 0)
(-0.647684 -0.36866 0)
(-0.690367 -0.673335 0)
(-0.720067 -0.988541 0)
(-0.714655 -1.28232 0)
(-0.644953 -1.49282 0)
(-0.486086 -1.51949 0)
(-0.256314 -1.23373 0)
(-0.0640465 -0.537986 0)
(-0.0369989 0.401207 0)
(-0.136205 0.888716 0)
(-0.250874 1.11985 0)
(-0.329394 1.18165 0)
(-0.363725 1.14258 0)
(-0.364827 1.04548 0)
(-0.345564 0.914347 0)
(-0.317711 0.760939 0)
(-0.291483 0.589445 0)
(-0.275422 0.399536 0)
(-0.276413 0.188258 0)
(-0.299459 -0.0487764 0)
(-0.34675 -0.316221 0)
(-0.415731 -0.616773 0)
(-0.495855 -0.946342 0)
(-0.564235 -1.28378 0)
(-0.582075 -1.57274 0)
(-0.501201 -1.69813 0)
(-0.306188 -1.4751 0)
(-0.0887708 -0.697865 0)
(-0.0597752 0.49549 0)
(-0.186808 1.01554 0)
(-0.290227 1.2066 0)
(-0.319701 1.21445 0)
(-0.285182 1.13109 0)
(-0.212097 1.00531 0)
(-0.121333 0.860661 0)
(-0.028839 0.706679 0)
(0.0530009 0.545272 0)
(0.114336 0.374257 0)
(0.146953 0.189067 0)
(0.143796 -0.0166086 0)
(0.099339 -0.250676 0)
(0.0110281 -0.52189 0)
(-0.117202 -0.837095 0)
(-0.268037 -1.19196 0)
(-0.400735 -1.54874 0)
(-0.44707 -1.79617 0)
(-0.342544 -1.7008 0)
(-0.119045 -0.898177 0)
(-0.096749 0.642356 0)
(-0.254896 1.15093 0)
(-0.308184 1.24558 0)
(-0.239732 1.16928 0)
(-0.0975556 1.03244 0)
(0.0753267 0.880614 0)
(0.252302 0.730855 0)
(0.416424 0.58703 0)
(0.556182 0.447184 0)
(0.663037 0.306929 0)
(0.729666 0.160594 0)
(0.748812 0.00121365 0)
(0.713051 -0.180178 0)
(0.615058 -0.395764 0)
(0.449934 -0.661217 0)
(0.222356 -0.991204 0)
(-0.0386871 -1.37982 0)
(-0.26139 -1.75002 0)
(-0.326209 -1.85699 0)
(-0.142165 -1.14446 0)
(-0.134543 0.877259 0)
(-0.292601 1.25279 0)
(-0.192756 1.16283 0)
(0.0537517 0.984071 0)
(0.34222 0.80664 0)
(0.625469 0.650151 0)
(0.88311 0.516656 0)
(1.10498 0.40159 0)
(1.28569 0.29865 0)
(1.4216 0.201748 0)
(1.50899 0.105161 0)
(1.5428 0.00288825 0)
(1.51596 -0.112444 0)
(1.41851 -0.252015 0)
(1.23766 -0.433749 0)
(0.961248 -0.685151 0)
(0.589314 -1.03682 0)
(0.160865 -1.4811 0)
(-0.168376 -1.83869 0)
(-0.108246 -1.40764 0)
(-0.0298303 1.12129 0)
(-0.0416829 1.16634 0)
(0.392834 0.856114 0)
(0.879831 0.62112 0)
(1.29551 0.457454 0)
(1.6385 0.339297 0)
(1.91855 0.252257 0)
(2.14216 0.185789 0)
(2.31446 0.131875 0)
(2.43892 0.0848011 0)
(2.51669 0.0403679 0)
(2.54635 -0.00502206 0)
(2.5233 -0.0554359 0)
(2.43854 -0.117081 0)
(2.27654 -0.201625 0)
(2.01229 -0.333109 0)
(1.60759 -0.558637 0)
(1.01702 -0.943546 0)
(0.357755 -1.45557 0)
(0.169652 -1.45258 0)
(1.25796 0.617783 0)
(1.61419 0.546827 0)
(2.25801 0.344934 0)
(2.76067 0.215309 0)
(3.08434 0.138428 0)
(3.30366 0.0907129 0)
(3.46113 0.06025 0)
(3.57519 0.0400474 0)
(3.65594 0.025662 0)
(3.70936 0.0143752 0)
(3.73844 0.00451853 0)
(3.74388 -0.0050444 0)
(3.72421 -0.015445 0)
(3.67532 -0.0282119 0)
(3.58822 -0.0464653 0)
(3.4437 -0.0778006 0)
(3.1968 -0.141697 0)
(2.7296 -0.281899 0)
(1.96989 -0.545945 0)
(1.4322 -0.674821 0)
)
;

boundaryField
{
    movingWall
    {
        type            fixedValue;
        value           uniform (4.4 0 0);
    }
    fixedWalls
    {
        type            noSlip;
    }
    frontAndBack
    {
        type            empty;
    }
}


// ************************************************************************* //
