/*--------------------------------*- C++ -*----------------------------------*\
  =========                 |
  \\      /  F ield         | OpenFOAM: The Open Source CFD Toolbox
   \\    /   O peration     | Website:  https://openfoam.org
    \\  /    A nd           | Version:  8
     \\/     M anipulation  |
\*---------------------------------------------------------------------------*/
FoamFile
{
    version     2.0;
    format      ascii;
    class       surfaceScalarField;
    location    "0.3";
    object      phi;
}
// * * * * * * * * * * * * * * * * * * * * * * * * * * * * * * * * * * * * * //

dimensions      [0 3 -1 0 0 0 0];

internalField   nonuniform List<scalar> 
760
(
5.39187e-08
-5.39569e-08
-1.08141e-07
1.62059e-07
-4.94962e-07
3.86818e-07
-1.03382e-06
5.38858e-07
-1.64672e-06
6.12895e-07
-2.26442e-06
6.17699e-07
-2.82803e-06
5.63609e-07
-3.2877e-06
4.59672e-07
-3.6015e-06
3.13802e-07
-3.73623e-06
1.34727e-07
-3.67052e-06
-6.57087e-08
-3.39963e-06
-2.70898e-07
-2.94042e-06
-4.59208e-07
-2.33499e-06
-6.05427e-07
-1.65085e-06
-6.84134e-07
-9.76122e-07
-6.74731e-07
-4.08533e-07
-5.6759e-07
-3.83143e-08
-3.7022e-07
7.9827e-08
-1.18143e-07
7.98257e-08
-1.59044e-07
1.05088e-07
-7.91371e-07
7.94385e-07
-1.85769e-06
1.45314e-06
-3.22484e-06
1.90601e-06
-4.73663e-06
2.12468e-06
-6.24144e-06
2.1225e-06
-7.60253e-06
1.9247e-06
-8.70133e-06
1.55846e-06
-9.4393e-06
1.05177e-06
-9.74194e-06
4.37366e-07
-9.56567e-06
-2.41975e-07
-8.90673e-06
-9.29836e-07
-7.80979e-06
-1.55615e-06
-6.37299e-06
-2.04223e-06
-4.74596e-06
-2.31116e-06
-3.11757e-06
-2.30312e-06
-1.69119e-06
-1.99398e-06
-6.47675e-07
-1.41373e-06
-9.65719e-08
-6.69246e-07
-1.67473e-08
-4.12342e-07
5.17429e-07
-1.55101e-06
1.93305e-06
-3.26397e-06
3.16609e-06
-5.35309e-06
3.99514e-06
-7.60596e-06
4.37754e-06
-9.81739e-06
4.33394e-06
-1.18004e-05
3.90772e-06
-1.33916e-05
3.14961e-06
-1.44552e-05
2.11545e-06
-1.489e-05
8.72117e-07
-1.46376e-05
-4.9438e-07
-1.3694e-05
-1.87341e-06
-1.21199e-05
-3.1303e-06
-1.00465e-05
-4.1156e-06
-7.67373e-06
-4.68393e-06
-5.25482e-06
-4.72203e-06
-3.06609e-06
-4.18271e-06
-1.36213e-06
-3.11769e-06
-3.22095e-07
-1.70928e-06
-3.38842e-07
-6.43558e-07
1.16099e-06
-2.26982e-06
3.55931e-06
-4.59785e-06
5.49411e-06
-7.35119e-06
6.74848e-06
-1.0264e-05
7.29036e-06
-1.30901e-05
7.16004e-06
-1.56084e-05
6.42597e-06
-1.7626e-05
5.16724e-06
-1.89826e-05
3.47202e-06
-1.95566e-05
1.44618e-06
-1.92757e-05
-7.75296e-07
-1.81287e-05
-3.02041e-06
-1.61785e-05
-5.08046e-06
-1.35715e-05
-6.72262e-06
-1.05384e-05
-7.71701e-06
-7.38215e-06
-7.87831e-06
-4.44732e-06
-7.11755e-06
-2.07269e-06
-5.49232e-06
-5.34449e-07
-3.24752e-06
-8.7329e-07
-8.50314e-07
2.0113e-06
-2.93107e-06
5.64007e-06
-5.83686e-06
8.3999e-06
-9.20926e-06
1.01209e-05
-1.27301e-05
1.08112e-05
-1.61189e-05
1.05489e-05
-1.91305e-05
9.43754e-06
-2.15527e-05
7.5895e-06
-2.32079e-05
5.12715e-06
-2.39572e-05
2.19553e-06
-2.37108e-05
-1.02174e-06
-2.24408e-05
-4.29036e-06
-2.01981e-05
-7.32324e-06
-1.71268e-05
-9.7939e-06
-1.34741e-05
-1.13696e-05
-9.58568e-06
-1.17668e-05
-5.87982e-06
-1.08234e-05
-2.79845e-06
-8.57369e-06
-7.40818e-07
-5.30515e-06
-1.61411e-06
-1.03708e-06
3.04839e-06
-3.53727e-06
8.14025e-06
-6.98027e-06
1.18429e-05
-1.09282e-05
1.40688e-05
-1.50136e-05
1.48966e-05
-1.89278e-05
1.44631e-05
-2.24093e-05
1.2919e-05
-2.52346e-05
1.04149e-05
-2.72143e-05
7.10681e-06
-2.81936e-05
3.17484e-06
-2.80607e-05
-1.1547e-06
-2.67605e-05
-5.59051e-06
-2.43156e-05
-9.76814e-06
-2.08497e-05
-1.32598e-05
-1.66099e-05
-1.56095e-05
-1.19765e-05
-1.64002e-05
-7.44802e-06
-1.53518e-05
-3.59213e-06
-1.24296e-05
-9.62511e-07
-7.93477e-06
-2.57662e-06
-1.20752e-06
4.25591e-06
-4.0925e-06
1.10252e-05
-8.02815e-06
1.57786e-05
-1.25018e-05
1.85424e-05
-1.7102e-05
1.94968e-05
-2.1499e-05
1.886e-05
-2.54235e-05
1.68435e-05
-2.86494e-05
1.36408e-05
-3.09817e-05
9.43917e-06
-3.22526e-05
4.4457e-06
-3.2325e-05
-1.08228e-06
-3.11069e-05
-6.8086e-06
-2.85756e-05
-1.22995e-05
-2.48118e-05
-1.70236e-05
-2.00393e-05
-2.0382e-05
-1.46568e-05
-2.17827e-05
-9.24362e-06
-2.0765e-05
-4.51588e-06
-1.71573e-05
-1.22385e-06
-1.12268e-05
-3.80047e-06
-1.3639e-06
5.61981e-06
-4.59889e-06
1.42602e-05
-8.97576e-06
2.01554e-05
-1.39112e-05
2.34779e-05
-1.89563e-05
2.45419e-05
-2.37696e-05
2.36733e-05
-2.80853e-05
2.11592e-05
-3.16857e-05
1.72412e-05
-3.43806e-05
1.21341e-05
-3.59951e-05
6.06023e-06
-3.63685e-05
-7.08934e-07
-3.53648e-05
-7.81231e-06
-3.28997e-05
-1.47646e-05
-2.89847e-05
-2.09385e-05
-2.37869e-05
-2.55798e-05
-1.76923e-05
-2.78773e-05
-1.13462e-05
-2.71111e-05
-5.63162e-06
-2.28719e-05
-1.55012e-06
-1.53083e-05
-5.35059e-06
-1.50843e-06
7.12824e-06
-5.05867e-06
1.78105e-05
-9.81566e-06
2.49124e-05
-1.51265e-05
2.87887e-05
-2.05126e-05
2.9928e-05
-2.56331e-05
2.87938e-05
-3.02407e-05
2.57668e-05
-3.4142e-05
2.11425e-05
-3.71663e-05
1.51584e-05
-3.9145e-05
8.03885e-06
-3.99013e-05
4.73596e-08
-3.92557e-05
-8.45786e-06
-3.70503e-05
-1.69699e-05
-3.31992e-05
-2.47897e-05
-2.77686e-05
-3.10104e-05
-2.10798e-05
-3.45662e-05
-1.38045e-05
-3.43864e-05
-6.99477e-06
-2.96816e-05
-1.96753e-06
-2.03355e-05
-7.31812e-06
-1.64671e-06
8.77495e-06
-5.48128e-06
2.1645e-05
-1.05463e-05
2.99774e-05
-1.61154e-05
3.43578e-05
-2.16896e-05
3.55022e-05
-2.69455e-05
3.40497e-05
-3.16746e-05
3.04959e-05
-3.57289e-05
2.51968e-05
-3.89787e-05
1.84083e-05
-4.12818e-05
1.0342e-05
-4.24635e-05
1.22905e-06
-4.23116e-05
-8.60982e-06
-4.05919e-05
-1.86896e-05
-3.70974e-05
-2.82841e-05
-3.17424e-05
-3.63654e-05
-2.47075e-05
-4.16011e-05
-1.66136e-05
-4.24802e-05
-8.64796e-06
-3.76473e-05
-2.50458e-06
-2.64789e-05
-9.8227e-06
-1.79346e-06
1.05684e-05
-5.89495e-06
2.57465e-05
-1.11852e-05
3.52677e-05
-1.68548e-05
4.00273e-05
-2.2398e-05
4.10454e-05
-2.75335e-05
3.91853e-05
-3.21184e-05
3.50808e-05
-3.60774e-05
2.91558e-05
-3.93492e-05
2.16801e-05
-4.18458e-05
1.28385e-05
-4.34226e-05
2.80585e-06
-4.38595e-05
-8.17295e-06
-4.28602e-05
-1.96889e-05
-4.00868e-05
-3.10576e-05
-3.52527e-05
-4.11995e-05
-2.83028e-05
-4.85509e-05
-1.96804e-05
-5.11026e-05
-1.06107e-05
-4.6717e-05
-3.19422e-06
-3.38954e-05
-1.30169e-05
-1.98203e-06
1.25504e-05
-6.36278e-06
3.01273e-05
-1.17838e-05
4.06887e-05
-1.73398e-05
4.55834e-05
-2.25447e-05
4.62503e-05
-2.71965e-05
4.38371e-05
-3.12543e-05
3.91386e-05
-3.47481e-05
3.26496e-05
-3.77156e-05
2.46476e-05
-4.01558e-05
1.52787e-05
-4.19903e-05
4.64041e-06
-4.30306e-05
-7.13273e-06
-4.29537e-05
-1.97657e-05
-4.13069e-05
-3.27044e-05
-3.75752e-05
-4.49312e-05
-3.13676e-05
-5.47585e-05
-2.27733e-05
-5.9697e-05
-1.28599e-05
-5.66304e-05
-4.07669e-06
-4.26786e-05
-1.70936e-05
-2.27953e-06
1.483e-05
-7.00169e-06
3.48494e-05
-1.24346e-05
4.61216e-05
-1.75757e-05
5.07245e-05
-2.20132e-05
5.06877e-05
-2.56841e-05
4.7508e-05
-2.86976e-05
4.21521e-05
-3.12251e-05
3.5177e-05
-3.34326e-05
2.68552e-05
-3.5436e-05
1.72822e-05
-3.72608e-05
6.46523e-06
-3.87986e-05
-5.59501e-06
-3.97581e-05
-1.88062e-05
-3.96255e-05
-3.2837e-05
-3.76737e-05
-4.68831e-05
-3.31048e-05
-5.93274e-05
-2.54471e-05
-6.73547e-05
-1.52917e-05
-6.67858e-05
-5.20146e-06
-5.27688e-05
-2.22951e-05
-2.81091e-06
1.76409e-05
-7.99636e-06
4.00349e-05
-1.32481e-05
5.13733e-05
-1.75178e-05
5.49943e-05
-2.05819e-05
5.37518e-05
-2.26109e-05
4.95369e-05
-2.39238e-05
4.34651e-05
-2.48664e-05
3.61196e-05
-2.57521e-05
2.77409e-05
-2.683e-05
1.836e-05
-2.8255e-05
7.89022e-06
-3.00445e-05
-3.80553e-06
-3.20114e-05
-1.68392e-05
-3.36757e-05
-3.11727e-05
-3.41849e-05
-4.63738e-05
-3.23421e-05
-6.11702e-05
-2.69366e-05
-7.27602e-05
-1.76468e-05
-7.60756e-05
-6.62062e-06
-6.3795e-05
-2.89157e-05
-3.79006e-06
2.14309e-05
-9.57569e-06
4.58205e-05
-1.42345e-05
5.60321e-05
-1.68812e-05
5.7641e-05
-1.77034e-05
5.4574e-05
-1.72395e-05
4.9073e-05
-1.60797e-05
4.23053e-05
-1.47593e-05
3.47992e-05
-1.37311e-05
2.67127e-05
-1.33642e-05
1.79931e-05
-1.39396e-05
8.46566e-06
-1.5623e-05
-2.12216e-06
-1.83971e-05
-1.40652e-05
-2.19389e-05
-2.7631e-05
-2.54421e-05
-4.28705e-05
-2.74587e-05
-5.91536e-05
-2.59962e-05
-7.42227e-05
-1.93534e-05
-8.27184e-05
-8.34297e-06
-7.48054e-05
-3.72586e-05
-5.5205e-06
2.69514e-05
-1.18302e-05
5.21302e-05
-1.49185e-05
5.91204e-05
-1.46515e-05
5.7374e-05
-1.20062e-05
5.19287e-05
-8.03417e-06
4.5101e-05
-3.61609e-06
3.78872e-05
5.61698e-07
3.06214e-05
3.96663e-06
2.33078e-05
6.16931e-06
1.57904e-05
6.81144e-06
7.82353e-06
5.60176e-06
-9.12479e-07
2.36032e-06
-1.08237e-05
-2.86257e-06
-2.24081e-05
-9.54365e-06
-3.61894e-05
-1.63177e-05
-5.23795e-05
-2.06554e-05
-6.98851e-05
-1.91979e-05
-8.41759e-05
-1.01588e-05
-8.38446e-05
-4.74174e-05
-8.21271e-06
3.51641e-05
-1.398e-05
5.78975e-05
-1.32641e-05
5.84045e-05
-7.97761e-06
5.20875e-05
-3.34888e-07
4.4286e-05
8.09345e-06
3.66726e-05
1.62681e-05
2.97126e-05
2.3506e-05
2.33835e-05
2.93335e-05
1.74803e-05
3.33789e-05
1.17451e-05
3.53044e-05
5.89801e-06
3.47686e-05
-3.76684e-07
3.14333e-05
-7.48843e-06
2.50241e-05
-1.59988e-05
1.55515e-05
-2.67168e-05
3.79854e-06
-4.06266e-05
-7.85835e-06
-5.82282e-05
-1.4727e-05
-7.73072e-05
-1.11903e-05
-8.73813e-05
-5.86077e-05
-1.11181e-05
4.62822e-05
-1.19877e-05
5.87671e-05
-3.02416e-06
4.9441e-05
9.98105e-06
3.90823e-05
2.37344e-05
3.05326e-05
3.66931e-05
2.3714e-05
4.81201e-05
1.82856e-05
5.76551e-05
1.38484e-05
6.50975e-05
1.0038e-05
7.02825e-05
6.56e-06
7.30112e-05
3.16932e-06
7.30038e-05
-3.69238e-07
6.98644e-05
-4.34911e-06
6.3062e-05
-9.19643e-06
5.19992e-05
-1.5654e-05
3.63656e-05
-2.49929e-05
1.71878e-05
-3.90505e-05
-1.09367e-06
-5.90257e-05
-8.96774e-06
-7.95072e-05
-6.75755e-05
-6.95414e-06
5.32363e-05
9.12652e-06
4.26864e-05
3.18048e-05
2.67628e-05
5.29711e-05
1.79159e-05
7.09858e-05
1.2518e-05
8.58143e-05
8.88541e-06
9.77351e-05
6.36485e-06
0.000107048
4.53512e-06
0.000113981
3.10551e-06
0.000118652
1.88899e-06
0.00012106
7.60809e-07
0.000121075
-3.83748e-07
0.000118377
-1.65072e-06
0.000112392
-3.21209e-06
0.000102143
-5.40485e-06
8.61373e-05
-8.98721e-06
6.2782e-05
-1.56952e-05
3.25883e-05
-2.88319e-05
4.35448e-06
-5.12734e-05
-6.3221e-05
5.32363e-05
9.59228e-05
0.000122686
0.000140601
0.000153119
0.000162005
0.00016837
0.000172905
0.00017601
0.000177899
0.00017866
0.000178276
0.000176626
0.000173414
0.000168009
0.000159022
0.000143326
0.000114494
6.3221e-05
)
;

boundaryField
{
    movingWall
    {
        type            calculated;
        value           uniform 0;
    }
    fixedWalls
    {
        type            calculated;
        value           uniform 0;
    }
    frontAndBack
    {
        type            empty;
        value           nonuniform List<scalar> 0();
    }
}


// ************************************************************************* //
