/*--------------------------------*- C++ -*----------------------------------*\
  =========                 |
  \\      /  F ield         | OpenFOAM: The Open Source CFD Toolbox
   \\    /   O peration     | Website:  https://openfoam.org
    \\  /    A nd           | Version:  8
     \\/     M anipulation  |
\*---------------------------------------------------------------------------*/
FoamFile
{
    version     2.0;
    format      ascii;
    class       volVectorField;
    location    "0.3";
    object      U;
}
// * * * * * * * * * * * * * * * * * * * * * * * * * * * * * * * * * * * * * //

dimensions      [0 1 -1 0 0 0 0];

internalField   nonuniform List<vector> 
400
(
(0.0010052 -0.00100444 0)
(0.00037061 0.000545208 0)
(-0.00527824 0.00237524 0)
(-0.0148324 0.0036148 0)
(-0.0266524 0.00422757 0)
(-0.0392334 0.0043143 0)
(-0.0512859 0.00397391 0)
(-0.0617207 0.00327978 0)
(-0.0696173 0.00228481 0)
(-0.0742152 0.00104199 0)
(-0.0749533 -0.000372606 0)
(-0.0715525 -0.00184325 0)
(-0.0641193 -0.00320914 0)
(-0.0532387 -0.00427455 0)
(-0.0400186 -0.00483455 0)
(-0.0260505 -0.00471514 0)
(-0.0132528 -0.00382338 0)
(-0.00358615 -0.00220196 0)
(0.00137356 -0.000152531 0)
(0.00125962 0.00122069 0)
(-0.000483116 -0.00046572 0)
(-0.00729846 0.00724598 0)
(-0.0246792 0.0152174 0)
(-0.0497854 0.0207445 0)
(-0.0793193 0.0234735 0)
(-0.110172 0.0236262 0)
(-0.139442 0.0215409 0)
(-0.164558 0.0175455 0)
(-0.183335 0.0119496 0)
(-0.194016 0.00510444 0)
(-0.195385 -0.00252189 0)
(-0.186929 -0.0102914 0)
(-0.16903 -0.0173906 0)
(-0.143108 -0.0228874 0)
(-0.111675 -0.0258563 0)
(-0.0782017 -0.0255643 0)
(-0.0467382 -0.0216984 0)
(-0.02128 -0.0146003 0)
(-0.00511351 -0.00563323 0)
(0.000148517 0.00152671 0)
(-0.0024815 0.00523664 0)
(-0.0164173 0.0248977 0)
(-0.0456347 0.0430213 0)
(-0.0848453 0.0554623 0)
(-0.129321 0.0614088 0)
(-0.174927 0.0611531 0)
(-0.217735 0.0553487 0)
(-0.254209 0.0447438 0)
(-0.281333 0.0301415 0)
(-0.296699 0.0124957 0)
(-0.298665 -0.0069573 0)
(-0.286561 -0.0266081 0)
(-0.260914 -0.0444826 0)
(-0.223635 -0.0583827 0)
(-0.178077 -0.0661741 0)
(-0.128879 -0.0662107 0)
(-0.0814811 -0.0578452 0)
(-0.0413297 -0.041932 0)
(-0.0133952 -0.021388 0)
(-0.00153696 -0.00261929 0)
(-0.00426539 0.0158725 0)
(-0.0249766 0.0527449 0)
(-0.0656036 0.0837567 0)
(-0.118027 0.104345 0)
(-0.176002 0.11362 0)
(-0.234549 0.11211 0)
(-0.289025 0.100885 0)
(-0.335259 0.0812177 0)
(-0.369691 0.0545309 0)
(-0.389463 0.0225373 0)
(-0.392587 -0.0125692 0)
(-0.378169 -0.0479849 0)
(-0.346679 -0.080314 0)
(-0.300184 -0.105793 0)
(-0.242481 -0.120755 0)
(-0.179012 -0.122323 0)
(-0.116384 -0.109254 0)
(-0.0615274 -0.082748 0)
(-0.0214953 -0.0471512 0)
(-0.00304751 -0.0111884 0)
(-0.00581189 0.0308904 0)
(-0.0327468 0.0899821 0)
(-0.0841018 0.136307 0)
(-0.148913 0.165848 0)
(-0.219389 0.178219 0)
(-0.289791 0.174504 0)
(-0.354942 0.156366 0)
(-0.410251 0.125695 0)
(-0.4518 0.08459 0)
(-0.476393 0.0355691 0)
(-0.481693 -0.0181696 0)
(-0.466456 -0.0725558 0)
(-0.430841 -0.122645 0)
(-0.37674 -0.162894 0)
(-0.308056 -0.187775 0)
(-0.230791 -0.192746 0)
(-0.152685 -0.175482 0)
(-0.0824034 -0.137071 0)
(-0.02959 -0.0829349 0)
(-0.00442818 -0.0238918 0)
(-0.00718236 0.0498366 0)
(-0.0398125 0.135951 0)
(-0.101128 0.199996 0)
(-0.177469 0.239269 0)
(-0.259552 0.254494 0)
(-0.340964 0.247711 0)
(-0.416139 0.221401 0)
(-0.480235 0.178166 0)
(-0.529126 0.120797 0)
(-0.559352 0.0525747 0)
(-0.568201 -0.0223633 0)
(-0.553926 -0.0987228 0)
(-0.516105 -0.169975 0)
(-0.456089 -0.22861 0)
(-0.377511 -0.266847 0)
(-0.28666 -0.27787 0)
(-0.192368 -0.257516 0)
(-0.105326 -0.206035 0)
(-0.0383924 -0.129469 0)
(-0.00587595 -0.0407972 0)
(-0.00842517 0.0723489 0)
(-0.046272 0.189968 0)
(-0.116738 0.274015 0)
(-0.203636 0.323758 0)
(-0.2963 0.341632 0)
(-0.387758 0.331073 0)
(-0.472216 0.295632 0)
(-0.544765 0.238725 0)
(-0.601229 0.163804 0)
(-0.637985 0.0747833 0)
(-0.651946 -0.0234312 0)
(-0.64074 -0.124492 0)
(-0.603085 -0.220365 0)
(-0.539391 -0.301456 0)
(-0.452534 -0.35731 0)
(-0.348653 -0.378059 0)
(-0.237465 -0.356633 0)
(-0.131894 -0.291356 0)
(-0.0487637 -0.188189 0)
(-0.0076167 -0.0624444 0)
(-0.00957205 0.0981236 0)
(-0.0521939 0.25134 0)
(-0.130937 0.357414 0)
(-0.227209 0.418206 0)
(-0.329074 0.438488 0)
(-0.429164 0.423571 0)
(-0.521666 0.378361 0)
(-0.601837 0.307183 0)
(-0.665671 0.21408 0)
(-0.709555 0.103407 0)
(-0.730116 -0.0194528 0)
(-0.724306 -0.147415 0)
(-0.689768 -0.271182 0)
(-0.625532 -0.379107 0)
(-0.533101 -0.457702 0)
(-0.417761 -0.493154 0)
(-0.289571 -0.474081 0)
(-0.163645 -0.395241 0)
(-0.0616103 -0.261293 0)
(-0.00989422 -0.0898787 0)
(-0.0106545 0.126896 0)
(-0.0576558 0.319365 0)
(-0.143729 0.449078 0)
(-0.247875 0.521144 0)
(-0.356989 0.543386 0)
(-0.463512 0.523534 0)
(-0.561898 0.468176 0)
(-0.647886 0.382651 0)
(-0.717954 0.271505 0)
(-0.768787 0.139276 0)
(-0.796947 -0.00857057 0)
(-0.798814 -0.164689 0)
(-0.770851 -0.318987 0)
(-0.710323 -0.458046 0)
(-0.616626 -0.565204 0)
(-0.493176 -0.621846 0)
(-0.349323 -0.610537 0)
(-0.201823 -0.520083 0)
(-0.0778562 -0.351676 0)
(-0.0129871 -0.124666 0)
(-0.0117409 0.158463 0)
(-0.0628553 0.393363 0)
(-0.155277 0.547679 0)
(-0.265388 0.63058 0)
(-0.378984 0.653828 0)
(-0.488603 0.628248 0)
(-0.589352 0.562491 0)
(-0.67787 0.463036 0)
(-0.751553 0.33484 0)
(-0.807806 0.182331 0)
(-0.84352 0.0105852 0)
(-0.854812 -0.173427 0)
(-0.837083 -0.359547 0)
(-0.785612 -0.533253 0)
(-0.696956 -0.674987 0)
(-0.571353 -0.760763 0)
(-0.415738 -0.765193 0)
(-0.247107 -0.667841 0)
(-0.0984459 -0.462722 0)
(-0.0172473 -0.168922 0)
(-0.0130025 0.192805 0)
(-0.0682994 0.472803 0)
(-0.166169 0.65167 0)
(-0.279826 0.743815 0)
(-0.39404 0.766184 0)
(-0.501879 0.733542 0)
(-0.599645 0.657059 0)
(-0.685427 0.5445 0)
(-0.758076 0.401142 0)
(-0.816268 0.231017 0)
(-0.857793 0.0383011 0)
(-0.879055 -0.171157 0)
(-0.87483 -0.388128 0)
(-0.838513 -0.598119 0)
(-0.76331 -0.779628 0)
(-0.644856 -0.903414 0)
(-0.485289 -0.934483 0)
(-0.299167 -0.839016 0)
(-0.124339 -0.597911 0)
(-0.0231636 -0.225385 0)
(-0.0148264 0.230347 0)
(-0.0750898 0.557568 0)
(-0.177743 0.7593 0)
(-0.291835 0.857228 0)
(-0.401298 0.875313 0)
(-0.500471 0.833345 0)
(-0.587628 0.745502 0)
(-0.662994 0.62096 0)
(-0.727499 0.465224 0)
(-0.781707 0.281661 0)
(-0.824989 0.0730825 0)
(-0.854806 -0.156552 0)
(-0.866104 -0.400112 0)
(-0.851004 -0.64474 0)
(-0.799371 -0.868811 0)
(-0.701078 -1.03913 0)
(-0.550632 -1.11043 0)
(-0.355921 -1.03109 0)
(-0.156443 -0.760118 0)
(-0.0314574 -0.297549 0)
(-0.0180154 0.272484 0)
(-0.0853349 0.648355 0)
(-0.192395 0.868544 0)
(-0.302613 0.965862 0)
(-0.399749 0.974048 0)
(-0.480734 0.919203 0)
(-0.546942 0.81891 0)
(-0.601558 0.68375 0)
(-0.648212 0.519298 0)
(-0.68992 0.328024 0)
(-0.728277 0.111022 0)
(-0.76266 -0.130271 0)
(-0.789281 -0.391968 0)
(-0.800202 -0.664754 0)
(-0.782835 -0.929597 0)
(-0.720998 -1.15231 0)
(-0.598946 -1.27879 0)
(-0.412265 -1.2362 0)
(-0.195352 -0.950327 0)
(-0.0432105 -0.389879 0)
(-0.0241333 0.322501 0)
(-0.102672 0.74708 0)
(-0.213527 0.97663 0)
(-0.313041 1.06256 0)
(-0.386737 1.05236 0)
(-0.436498 0.979698 0)
(-0.468366 0.865563 0)
(-0.489367 0.721584 0)
(-0.506292 0.55305 0)
(-0.524901 0.361299 0)
(-0.549387 0.145528 0)
(-0.581707 -0.095659 0)
(-0.620507 -0.362426 0)
(-0.659523 -0.650797 0)
(-0.685736 -0.947636 0)
(-0.67825 -1.22256 0)
(-0.609885 -1.41735 0)
(-0.457943 -1.43807 0)
(-0.240537 -1.16522 0)
(-0.059938 -0.507936 0)
(-0.035999 0.387068 0)
(-0.132596 0.856836 0)
(-0.244158 1.0785 0)
(-0.320443 1.13613 0)
(-0.353666 1.09603 0)
(-0.35455 0.999851 0)
(-0.335683 0.871025 0)
(-0.30856 0.721156 0)
(-0.283109 0.554512 0)
(-0.267556 0.370978 0)
(-0.268454 0.16788 0)
(-0.290454 -0.0588483 0)
(-0.335433 -0.313507 0)
(-0.400658 -0.598495 0)
(-0.475755 -0.909629 0)
(-0.538768 -1.22646 0)
(-0.55308 -1.49543 0)
(-0.473862 -1.60837 0)
(-0.287928 -1.39295 0)
(-0.0831585 -0.657972 0)
(-0.0578795 0.47867 0)
(-0.181005 0.980031 0)
(-0.281057 1.16271 0)
(-0.309374 1.16789 0)
(-0.275758 1.08479 0)
(-0.204997 0.960875 0)
(-0.117457 0.819131 0)
(-0.0286489 0.668938 0)
(0.0494614 0.512268 0)
(0.107442 0.347122 0)
(0.137528 0.169177 0)
(0.133169 -0.0275844 0)
(0.0893528 -0.250664 0)
(0.00403409 -0.508349 0)
(-0.118491 -0.80686 0)
(-0.261184 -1.14147 0)
(-0.385049 -1.47562 0)
(-0.425718 -1.70379 0)
(-0.323654 -1.60716 0)
(-0.111934 -0.846387 0)
(-0.0931142 0.620551 0)
(-0.245238 1.11058 0)
(-0.295596 1.19989 0)
(-0.228565 1.12374 0)
(-0.0908139 0.989193 0)
(0.0759441 0.840556 0)
(0.245908 0.694445 0)
(0.402723 0.554642 0)
(0.535383 0.419291 0)
(0.635815 0.284181 0)
(0.697176 0.143851 0)
(0.712788 -0.00842945 0)
(0.675783 -0.181345 0)
(0.579518 -0.386561 0)
(0.419896 -0.638873 0)
(0.202128 -0.951629 0)
(-0.0454015 -1.31798 0)
(-0.253969 -1.66364 0)
(-0.311106 -1.75756 0)
(-0.134701 -1.07919 0)
(-0.128336 0.845884 0)
(-0.278509 1.20712 0)
(-0.179991 1.11867 0)
(0.0588596 0.944236 0)
(0.337025 0.771332 0)
(0.609066 0.61914 0)
(0.855404 0.489644 0)
(1.06641 0.378375 0)
(1.23712 0.279215 0)
(1.36428 0.186274 0)
(1.44453 0.0940112 0)
(1.4733 -0.00339736 0)
(1.44398 -0.113206 0)
(1.34731 -0.246208 0)
(1.17137 -0.419597 0)
(0.905125 -0.659282 0)
(0.549548 -0.993128 0)
(0.143165 -1.41186 0)
(-0.165586 -1.74487 0)
(-0.104663 -1.33081 0)
(-0.0251825 1.0763 0)
(-0.033656 1.12038 0)
(0.385636 0.821685 0)
(0.854204 0.594391 0)
(1.25291 0.436002 0)
(1.58062 0.321901 0)
(1.84698 0.23809 0)
(2.0585 0.17429 0)
(2.22038 0.12273 0)
(2.3362 0.0778961 0)
(2.40726 0.0357337 0)
(2.43237 -0.00724728 0)
(2.40723 -0.0550353 0)
(2.32332 -0.113705 0)
(2.16577 -0.194612 0)
(1.9107 -0.320829 0)
(1.52199 -0.53669 0)
(0.957645 -0.902541 0)
(0.331535 -1.38648 0)
(0.156642 -1.37974 0)
(1.20387 0.591005 0)
(1.54733 0.52294 0)
(2.16557 0.329063 0)
(2.64666 0.204609 0)
(2.95521 0.130929 0)
(3.1634 0.0853581 0)
(3.31214 0.0563779 0)
(3.41927 0.0372299 0)
(3.49458 0.0236456 0)
(3.54391 0.0130277 0)
(3.57019 0.00378458 0)
(3.57412 -0.005175 0)
(3.55437 -0.0149403 0)
(3.50695 -0.0270246 0)
(3.42314 -0.0445049 0)
(3.28435 -0.074803 0)
(3.04703 -0.136629 0)
(2.59845 -0.271311 0)
(1.87323 -0.522685 0)
(1.36298 -0.643609 0)
)
;

boundaryField
{
    movingWall
    {
        type            fixedValue;
        value           uniform (4.2 0 0);
    }
    fixedWalls
    {
        type            noSlip;
    }
    frontAndBack
    {
        type            empty;
    }
}


// ************************************************************************* //
