/*--------------------------------*- C++ -*----------------------------------*\
  =========                 |
  \\      /  F ield         | OpenFOAM: The Open Source CFD Toolbox
   \\    /   O peration     | Website:  https://openfoam.org
    \\  /    A nd           | Version:  8
     \\/     M anipulation  |
\*---------------------------------------------------------------------------*/
FoamFile
{
    version     2.0;
    format      ascii;
    class       surfaceScalarField;
    location    "0.1";
    object      phi;
}
// * * * * * * * * * * * * * * * * * * * * * * * * * * * * * * * * * * * * * //

dimensions      [0 3 -1 0 0 0 0];

internalField   nonuniform List<scalar> 
760
(
3.41639e-08
-3.41618e-08
-6.25294e-08
9.66919e-08
-2.98542e-07
2.36013e-07
-6.30283e-07
3.3174e-07
-1.00875e-06
3.78468e-07
-1.3892e-06
3.80452e-07
-1.73344e-06
3.44244e-07
-2.0101e-06
2.76658e-07
-2.19439e-06
1.84286e-07
-2.2684e-06
7.40108e-08
-2.22224e-06
-4.61627e-08
-2.05577e-06
-1.66471e-07
-1.78053e-06
-2.75232e-07
-1.42118e-06
-3.59352e-07
-1.01559e-06
-4.05599e-07
-6.12913e-07
-4.02672e-07
-2.68858e-07
-3.44055e-07
-3.74889e-08
-2.31369e-07
4.37956e-08
-8.12854e-08
4.37954e-08
-9.24503e-08
5.82855e-08
-4.71963e-07
4.76207e-07
-1.12031e-06
8.84357e-07
-1.95743e-06
1.16886e-06
-2.88544e-06
1.30648e-06
-3.80746e-06
1.30247e-06
-4.63626e-06
1.17305e-06
-5.29808e-06
9.38478e-07
-5.73453e-06
6.20742e-07
-5.90458e-06
2.44063e-07
-5.78728e-06
-1.63472e-07
-5.38512e-06
-5.68625e-07
-4.72736e-06
-9.32992e-07
-3.87178e-06
-1.21494e-06
-2.90356e-06
-1.37382e-06
-1.92958e-06
-1.37665e-06
-1.06664e-06
-1.20699e-06
-4.22819e-07
-8.75191e-07
-7.04059e-08
-4.33698e-07
-2.66092e-08
-2.43141e-07
3.01426e-07
-9.27261e-07
1.16033e-06
-1.96775e-06
1.92485e-06
-3.24485e-06
2.44597e-06
-4.62512e-06
2.68674e-06
-5.97758e-06
2.65493e-06
-7.18337e-06
2.37883e-06
-8.14116e-06
1.89627e-06
-8.77058e-06
1.25016e-06
-9.0154e-06
4.88886e-07
-8.84731e-06
-3.31569e-07
-8.27015e-06
-1.14578e-06
-7.32389e-06
-1.87925e-06
-6.08671e-06
-2.45212e-06
-4.67332e-06
-2.78722e-06
-3.22758e-06
-2.82238e-06
-1.90783e-06
-2.52675e-06
-8.64506e-07
-1.91851e-06
-2.11954e-07
-1.08625e-06
-2.38562e-07
-3.80996e-07
6.82421e-07
-1.36055e-06
2.13988e-06
-2.77746e-06
3.34176e-06
-4.46312e-06
4.13163e-06
-6.24927e-06
4.47289e-06
-7.97779e-06
4.38345e-06
-9.50762e-06
3.90867e-06
-1.07191e-05
3.10779e-06
-1.15174e-05
2.04842e-06
-1.18354e-05
8.06868e-07
-1.16382e-05
-5.28789e-07
-1.09278e-05
-1.85617e-06
-9.74806e-06
-3.05896e-06
-8.18797e-06
-4.01222e-06
-6.3812e-06
-4.59398e-06
-4.49975e-06
-4.70383e-06
-2.73939e-06
-4.28711e-06
-1.29708e-06
-3.36083e-06
-3.43476e-07
-2.03985e-06
-5.82038e-07
-5.0603e-07
1.18845e-06
-1.76645e-06
3.4003e-06
-3.54447e-06
5.11978e-06
-5.61858e-06
6.20573e-06
-7.78478e-06
6.63909e-06
-9.8608e-06
6.45947e-06
-1.16887e-05
5.73659e-06
-1.31365e-05
4.55556e-06
-1.40992e-05
3.01115e-06
-1.45014e-05
1.20908e-06
-1.43008e-05
-7.2942e-07
-1.34935e-05
-2.66348e-06
-1.21205e-05
-4.43198e-06
-1.02734e-05
-5.85932e-06
-8.09744e-06
-6.76992e-06
-5.78867e-06
-7.0126e-06
-3.58192e-06
-6.49386e-06
-1.72891e-06
-5.21383e-06
-4.68922e-07
-3.29984e-06
-1.05096e-06
-6.22959e-07
1.81141e-06
-2.15216e-06
4.9295e-06
-4.27795e-06
7.24557e-06
-6.72465e-06
8.65243e-06
-9.25245e-06
9.16689e-06
-1.16572e-05
8.86421e-06
-1.37682e-05
7.84764e-06
-1.54457e-05
6.23299e-06
-1.65783e-05
4.14383e-06
-1.70839e-05
1.7146e-06
-1.69112e-05
-9.02131e-07
-1.6046e-05
-3.5286e-06
-1.45195e-05
-5.95854e-06
-1.24172e-05
-7.96155e-06
-9.88859e-06
-9.29857e-06
-7.14968e-06
-9.75151e-06
-4.4769e-06
-9.16664e-06
-2.18633e-06
-7.5044e-06
-5.99447e-07
-4.88672e-06
-1.65041e-06
-7.36203e-07
2.54761e-06
-2.52619e-06
6.71949e-06
-4.98763e-06
9.70701e-06
-7.79008e-06
1.14549e-05
-1.06588e-05
1.20356e-05
-1.33711e-05
1.15765e-05
-1.57482e-05
1.02248e-05
-1.76478e-05
8.13251e-06
-1.89565e-05
5.45259e-06
-1.95873e-05
2.34542e-06
-1.94796e-05
-1.00992e-06
-1.86042e-05
-4.40394e-06
-1.69744e-05
-7.58835e-06
-1.46598e-05
-1.02762e-05
-1.18031e-05
-1.21552e-05
-8.63362e-06
-1.2921e-05
-5.46919e-06
-1.23311e-05
-2.69992e-06
-1.02737e-05
-7.47321e-07
-6.83933e-06
-2.39773e-06
-8.49315e-07
3.39692e-06
-2.89548e-06
8.76565e-06
-5.67935e-06
1.24909e-05
-8.81395e-06
1.45895e-05
-1.19917e-05
1.52134e-05
-1.49762e-05
1.4561e-05
-1.75879e-05
1.28365e-05
-1.96889e-05
1.02335e-05
-2.11704e-05
6.93414e-06
-2.19447e-05
3.11974e-06
-2.19423e-05
-1.01235e-06
-2.11159e-05
-5.23031e-06
-1.94525e-05
-9.25184e-06
-1.69925e-05
-1.27361e-05
-1.3857e-05
-1.52908e-05
-1.02742e-05
-1.65038e-05
-6.59784e-06
-1.60074e-05
-3.29977e-06
-1.35717e-05
-9.24934e-07
-9.21416e-06
-3.32266e-06
-9.65627e-07
4.36255e-06
-3.26607e-06
1.10661e-05
-6.35488e-06
1.55797e-05
-9.78464e-06
1.80193e-05
-1.3218e-05
1.86467e-05
-1.64131e-05
1.77561e-05
-1.91997e-05
1.56231e-05
-2.14553e-05
1.24891e-05
-2.30851e-05
8.56395e-06
-2.4008e-05
4.04268e-06
-2.41495e-05
-8.70858e-07
-2.34428e-05
-5.93704e-06
-2.18405e-05
-1.08541e-05
-1.93391e-05
-1.52375e-05
-1.60158e-05
-1.86141e-05
-1.20747e-05
-2.04448e-05
-7.8886e-06
-2.01936e-05
-4.01303e-06
-1.74473e-05
-1.14495e-06
-1.20822e-05
-4.46762e-06
-1.09009e-06
5.45264e-06
-3.64641e-06
1.36224e-05
-7.01507e-06
1.89483e-05
-1.06814e-05
2.16856e-05
-1.42837e-05
2.22491e-05
-1.75871e-05
2.10595e-05
-2.04458e-05
1.84818e-05
-2.27678e-05
1.48111e-05
-2.44861e-05
1.02822e-05
-2.55375e-05
5.09415e-06
-2.58505e-05
-5.57896e-07
-2.53411e-05
-6.44637e-06
-2.39227e-05
-1.22726e-05
-2.15313e-05
-1.7629e-05
-1.81729e-05
-2.19724e-05
-1.39914e-05
-2.46263e-05
-9.34528e-06
-2.48397e-05
-4.86237e-06
-2.19302e-05
-1.42134e-06
-1.55233e-05
-5.88896e-06
-1.23255e-06
6.68519e-06
-4.05316e-06
1.6443e-05
-7.66481e-06
2.256e-05
-1.14762e-05
2.5497e-05
-1.51121e-05
2.5885e-05
-1.8364e-05
2.43114e-05
-2.11322e-05
2.12499e-05
-2.33751e-05
1.7054e-05
-2.50715e-05
1.19786e-05
-2.61919e-05
6.21455e-06
-2.668e-05
-6.97571e-08
-2.64434e-05
-6.68305e-06
-2.53556e-05
-1.33603e-05
-2.32798e-05
-1.97048e-05
-2.01197e-05
-2.51325e-05
-1.59096e-05
-2.88364e-05
-1.09366e-05
-2.98127e-05
-5.86347e-06
-2.70034e-05
-1.77119e-06
-1.96155e-05
-7.66015e-06
-1.41325e-06
8.09844e-06
-4.51897e-06
1.95487e-05
-8.31728e-06
2.63583e-05
-1.2132e-05
2.93117e-05
-1.55964e-05
2.93493e-05
-1.85597e-05
2.72747e-05
-2.09977e-05
2.3688e-05
-2.29446e-05
1.90009e-05
-2.44452e-05
1.34791e-05
-2.55216e-05
7.291e-06
-2.61501e-05
5.587e-07
-2.62438e-05
-6.58935e-06
-2.56464e-05
-1.39577e-05
-2.41435e-05
-2.12077e-05
-2.15095e-05
-2.77666e-05
-1.76099e-05
-3.27359e-05
-1.25746e-05
-3.48481e-05
-7.01933e-06
-3.25586e-05
-2.21757e-06
-2.44173e-05
-9.87772e-06
-1.67164e-06
9.77008e-06
-5.10083e-06
2.29779e-05
-8.99121e-06
3.02487e-05
-1.25869e-05
3.29074e-05
-1.55756e-05
3.23381e-05
-1.79139e-05
2.9613e-05
-1.9692e-05
2.54661e-05
-2.10468e-05
2.03557e-05
-2.21085e-05
1.45409e-05
-2.29678e-05
8.15022e-06
-2.36504e-05
1.24138e-06
-2.40962e-05
-6.14355e-06
-2.41394e-05
-1.39145e-05
-2.3501e-05
-2.1846e-05
-2.18145e-05
-2.94531e-05
-1.87203e-05
-3.58302e-05
-1.40768e-05
-3.94915e-05
-8.30688e-06
-3.83286e-05
-2.79363e-06
-2.99305e-05
-1.26714e-05
-2.08002e-06
1.18501e-05
-5.88228e-06
2.67802e-05
-9.68493e-06
3.40513e-05
-1.27033e-05
3.59258e-05
-1.47724e-05
3.44071e-05
-1.603e-05
3.08706e-05
-1.67261e-05
2.61622e-05
-1.71232e-05
2.07527e-05
-1.74474e-05
1.48651e-05
-1.78646e-05
8.56739e-06
-1.84625e-05
1.83932e-06
-1.92291e-05
-5.37704e-06
-2.00217e-05
-1.31219e-05
-2.05343e-05
-2.13335e-05
-2.0281e-05
-2.97064e-05
-1.86483e-05
-3.74628e-05
-1.51015e-05
-4.30383e-05
-9.64401e-06
-4.37861e-05
-3.54537e-06
-3.60292e-05
-1.62167e-05
-2.75881e-06
1.46089e-05
-6.94557e-06
3.09669e-05
-1.02857e-05
3.73915e-05
-1.21385e-05
3.77786e-05
-1.26554e-05
3.4924e-05
-1.22533e-05
3.04685e-05
-1.13809e-05
2.52898e-05
-1.04289e-05
1.98007e-05
-9.70774e-06
1.4144e-05
-9.44491e-06
8.30456e-06
-9.78667e-06
2.18108e-06
-1.07834e-05
-4.38028e-06
-1.23553e-05
-1.155e-05
-1.42332e-05
-1.94555e-05
-1.58871e-05
-2.80525e-05
-1.64886e-05
-3.68613e-05
-1.50296e-05
-4.44973e-05
-1.08054e-05
-4.80103e-05
-4.51852e-06
-4.23161e-05
-2.07352e-05
-3.86363e-06
1.84725e-05
-8.23198e-06
3.53353e-05
-1.03134e-05
3.94729e-05
-1.00481e-05
3.75133e-05
-8.1684e-06
3.30444e-05
-5.45826e-06
2.77584e-05
-2.5592e-06
2.23907e-05
5.29911e-08
1.71885e-05
2.03922e-06
1.21578e-05
3.15192e-06
7.19186e-06
3.21575e-06
2.11724e-06
2.12164e-06
-3.28617e-06
-1.46016e-07
-9.28236e-06
-3.43857e-06
-1.6163e-05
-7.31836e-06
-2.41727e-05
-1.0898e-05
-3.32817e-05
-1.27521e-05
-4.26432e-05
-1.12125e-05
-4.95499e-05
-5.67637e-06
-4.78522e-05
-2.64116e-05
-5.43929e-06
2.39118e-05
-9.05648e-06
3.89525e-05
-8.27587e-06
3.86923e-05
-4.48801e-06
3.37254e-05
7.27084e-07
2.78293e-05
6.25615e-06
2.22293e-05
1.13905e-05
1.72564e-05
1.56987e-05
1.28804e-05
1.89125e-05
8.94397e-06
2.08485e-05
5.2558e-06
2.13562e-05
1.60955e-06
2.02966e-05
-2.22657e-06
1.75498e-05
-6.5356e-06
1.307e-05
-1.16831e-05
7.02479e-06
-1.81275e-05
6.31878e-08
-2.63201e-05
-6.31307e-06
-3.6267e-05
-9.48192e-06
-4.6381e-05
-6.63738e-06
-5.06967e-05
-3.3049e-05
-6.83249e-06
3.07443e-05
-6.68381e-06
3.88038e-05
-2.26517e-07
3.2235e-05
8.63086e-06
2.4868e-05
1.76617e-05
1.87985e-05
2.58451e-05
1.40459e-05
3.27423e-05
1.03592e-05
3.81871e-05
7.43555e-06
4.21234e-05
5.00765e-06
4.45158e-05
2.86335e-06
4.53006e-05
8.24767e-07
4.43577e-05
-1.28366e-06
4.14941e-05
-3.67203e-06
3.6453e-05
-6.64193e-06
2.89887e-05
-1.06633e-05
1.91143e-05
-1.64457e-05
7.69467e-06
-2.48473e-05
-2.50357e-06
-3.61828e-05
-6.04257e-06
-4.71577e-05
-3.90916e-05
-3.23526e-06
3.39796e-05
7.97552e-06
2.7593e-05
2.30514e-05
1.71591e-05
3.67889e-05
1.11305e-05
4.8118e-05
7.46942e-06
5.70832e-05
5.0807e-06
6.39662e-05
3.47616e-06
6.90539e-05
2.34789e-06
7.25663e-05
1.4952e-06
7.46378e-05
7.91941e-07
7.53092e-05
1.53323e-07
7.45207e-05
-4.95177e-07
7.20814e-05
-1.23272e-06
6.7628e-05
-2.1885e-06
6.05643e-05
-3.59962e-06
5.00629e-05
-5.9443e-06
3.53958e-05
-1.01803e-05
1.72308e-05
-1.80178e-05
1.14726e-06
-3.10742e-05
-3.79443e-05
3.39796e-05
6.15726e-05
7.87317e-05
8.98622e-05
9.73316e-05
0.000102412
0.000105888
0.000108236
0.000109732
0.000110524
0.000110677
0.000110182
0.000108949
0.00010676
0.000103161
9.72165e-05
8.70363e-05
6.90185e-05
3.79443e-05
)
;

boundaryField
{
    movingWall
    {
        type            calculated;
        value           uniform 0;
    }
    fixedWalls
    {
        type            calculated;
        value           uniform 0;
    }
    frontAndBack
    {
        type            empty;
        value           nonuniform List<scalar> 0();
    }
}


// ************************************************************************* //
