/*--------------------------------*- C++ -*----------------------------------*\
  =========                 |
  \\      /  F ield         | OpenFOAM: The Open Source CFD Toolbox
   \\    /   O peration     | Website:  https://openfoam.org
    \\  /    A nd           | Version:  8
     \\/     M anipulation  |
\*---------------------------------------------------------------------------*/
FoamFile
{
    version     2.0;
    format      ascii;
    class       volScalarField;
    location    "0.1";
    object      p;
}
// * * * * * * * * * * * * * * * * * * * * * * * * * * * * * * * * * * * * * //

dimensions      [0 2 -2 0 0 0 0];

internalField   nonuniform List<scalar> 
400
(
2.7169e-07
-0.0273016
-0.0596787
-0.0840286
-0.0935711
-0.0856208
-0.0598336
-0.0173972
0.0392956
0.106648
0.179787
0.252625
0.31825
0.369732
0.40131
0.409804
0.395982
0.365576
0.329583
0.303537
0.0254158
-0.00278844
-0.0280652
-0.0446629
-0.0498978
-0.0419213
-0.020295
0.0142531
0.0600286
0.114329
0.173369
0.232342
0.285752
0.328092
0.354819
0.363473
0.354722
0.33279
0.304299
0.277867
0.0571873
0.0188326
-0.00780495
-0.0225192
-0.0266871
-0.0195907
-0.00104861
0.0283944
0.0675543
0.114423
0.165975
0.218135
0.266023
0.304551
0.329314
0.337654
0.329693
0.308454
0.277078
0.239942
0.0833703
0.0313967
-0.000841298
-0.0170803
-0.0222576
-0.016713
-0.00058116
0.0256896
0.0613362
0.104916
0.153941
0.204698
0.252381
0.291623
0.317389
0.326129
0.317051
0.292194
0.252194
0.199381
0.0951509
0.0293622
-0.00952397
-0.0284655
-0.0355014
-0.0318369
-0.0178113
0.00629404
0.0401758
0.0829631
0.132655
0.185765
0.237309
0.281242
0.311367
0.322679
0.313038
0.28343
0.232429
0.161466
0.0853333
0.00647447
-0.0391202
-0.0611833
-0.0704612
-0.0688243
-0.0566636
-0.0339633
-0.000457207
0.0436479
0.0969042
0.156057
0.215822
0.269178
0.308261
0.325936
0.31807
0.284209
0.220845
0.129191
0.0478091
-0.0431138
-0.0950512
-0.120258
-0.131916
-0.132412
-0.12204
-0.100328
-0.0662665
-0.0191998
0.0401845
0.109035
0.181824
0.250375
0.304651
0.334548
0.332954
0.297113
0.220736
0.105042
-0.0229709
-0.124866
-0.182517
-0.210597
-0.224601
-0.227369
-0.218991
-0.19837
-0.163514
-0.112598
-0.045168
0.0367276
0.127618
0.218213
0.295865
0.346509
0.358621
0.325573
0.236643
0.0926909
-0.132199
-0.244011
-0.306531
-0.336884
-0.352952
-0.3581
-0.352177
-0.333302
-0.298234
-0.243564
-0.167135
-0.0695377
0.0444592
0.164832
0.276141
0.359308
0.396496
0.37469
0.275683
0.0987251
-0.284755
-0.405618
-0.471793
-0.503154
-0.520389
-0.527659
-0.524634
-0.508549
-0.474627
-0.417392
-0.332283
-0.217508
-0.076099
0.0820934
0.239161
0.370212
0.448863
0.452071
0.349095
0.134703
-0.485402
-0.614819
-0.682594
-0.712243
-0.728327
-0.736371
-0.736071
-0.723716
-0.692724
-0.635048
-0.542942
-0.411127
-0.239479
-0.0361248
0.179727
0.377339
0.519694
0.569014
0.474311
0.22009
-0.739555
-0.877495
-0.94288
-0.96515
-0.974981
-0.980226
-0.98089
-0.972267
-0.945683
-0.890027
-0.793616
-0.646543
-0.443891
-0.189913
0.0971696
0.382186
0.616471
0.742359
0.677919
0.386817
-1.05546
-1.20181
-1.25655
-1.26031
-1.25404
-1.24921
-1.24633
-1.23947
-1.21744
-1.16557
-1.06758
-0.907984
-0.67551
-0.368092
0.000420096
0.393919
0.753502
0.997481
1.00007
0.686856
-1.44957
-1.60126
-1.62787
-1.59256
-1.55318
-1.52591
-1.5113
-1.50143
-1.48185
-1.43366
-1.33547
-1.16557
-0.905223
-0.543833
-0.0868899
0.43436
0.956168
1.37239
1.50112
1.20537
-1.95881
-2.09991
-2.06123
-1.9511
-1.85224
-1.7845
-1.74636
-1.72605
-1.70441
-1.65735
-1.55786
-1.37774
-1.09031
-0.674998
-0.125209
0.540199
1.2632
1.92048
2.26916
2.08092
-2.66611
-2.74019
-2.55905
-2.31616
-2.12127
-1.99068
-1.91554
-1.87654
-1.84744
-1.7974
-1.69331
-1.50042
-1.18407
-0.713167
-0.0661579
0.758449
1.72363
2.70759
3.42135
3.52481
-3.75375
-3.59171
-3.11955
-2.65932
-2.32321
-2.10642
-1.98307
-1.92009
-1.88019
-1.82438
-1.71272
-1.50402
-1.15551
-0.625177
0.126323
1.12893
2.38405
3.80184
5.10366
5.85199
-5.68062
-4.74942
-3.70593
-2.92452
-2.40461
-2.08758
-1.91658
-1.83502
-1.79001
-1.73306
-1.61777
-1.39739
-1.02119
-0.435559
0.421086
1.61832
3.21883
5.21899
7.5212
9.70919
-9.75561
-6.24475
-4.01215
-2.84266
-2.17605
-1.80846
-1.63857
-1.58027
-1.56418
-1.53496
-1.44331
-1.23986
-0.872317
-0.276039
0.631955
1.971
3.90806
6.67043
10.8055
16.5451
-17.5878
-7.67383
-3.37773
-1.97806
-1.39025
-1.13451
-1.08168
-1.13151
-1.20918
-1.26165
-1.24425
-1.11254
-0.816903
-0.295784
0.53676
1.82698
3.86543
7.30907
14.0599
26.4447
)
;

boundaryField
{
    movingWall
    {
        type            zeroGradient;
    }
    fixedWalls
    {
        type            zeroGradient;
    }
    frontAndBack
    {
        type            empty;
    }
}


// ************************************************************************* //
