/*--------------------------------*- C++ -*----------------------------------*\
  =========                 |
  \\      /  F ield         | OpenFOAM: The Open Source CFD Toolbox
   \\    /   O peration     | Website:  https://openfoam.org
    \\  /    A nd           | Version:  8
     \\/     M anipulation  |
\*---------------------------------------------------------------------------*/
FoamFile
{
    version     2.0;
    format      ascii;
    class       surfaceScalarField;
    location    "0.1";
    object      phi;
}
// * * * * * * * * * * * * * * * * * * * * * * * * * * * * * * * * * * * * * //

dimensions      [0 3 -1 0 0 0 0];

internalField   nonuniform List<scalar> 
760
(
5.70722e-08
-5.70688e-08
-1.17697e-07
1.74767e-07
-5.34135e-07
4.16439e-07
-1.11286e-06
5.78719e-07
-1.7707e-06
6.57845e-07
-2.43432e-06
6.63624e-07
-3.04133e-06
6.07016e-07
-3.53852e-06
4.97191e-07
-3.88046e-06
3.4194e-07
-4.03042e-06
1.4996e-07
-3.96398e-06
-6.64448e-08
-3.67458e-06
-2.89393e-07
-3.1795e-06
-4.95083e-07
-2.52405e-06
-6.55442e-07
-1.78203e-06
-7.42027e-07
-1.05016e-06
-7.3187e-07
-4.35667e-07
-6.14495e-07
-3.68548e-08
-3.98813e-07
8.79891e-08
-1.24847e-07
8.79882e-08
-1.73779e-07
1.16705e-07
-8.55806e-07
8.56797e-07
-2.00225e-06
1.56288e-06
-3.4704e-06
2.04686e-06
-5.09354e-06
2.28098e-06
-6.71071e-06
2.28079e-06
-8.17666e-06
2.07297e-06
-9.36459e-06
1.68511e-06
-1.01678e-05
1.14512e-06
-1.0504e-05
4.86161e-07
-1.03235e-05
-2.46959e-07
-9.61937e-06
-9.9348e-07
-8.43798e-06
-1.67647e-06
-6.88485e-06
-2.20858e-06
-5.12297e-06
-2.50391e-06
-3.35908e-06
-2.49576e-06
-1.81587e-06
-2.15771e-06
-6.90444e-07
-1.52423e-06
-1.00316e-07
-7.1497e-07
-1.23253e-08
-4.45914e-07
5.6262e-07
-1.67321e-06
2.08409e-06
-3.51514e-06
3.40482e-06
-5.75931e-06
4.29103e-06
-8.17942e-06
4.70109e-06
-1.05577e-05
4.65902e-06
-1.26952e-05
4.21047e-06
-1.44169e-05
3.40684e-06
-1.55758e-05
2.30407e-06
-1.606e-05
9.7029e-07
-1.58027e-05
-5.04244e-07
-1.47957e-05
-2.00042e-06
-1.31016e-05
-3.37059e-06
-1.08612e-05
-4.44896e-06
-8.29192e-06
-5.07324e-06
-5.67083e-06
-5.11685e-06
-3.30092e-06
-4.52762e-06
-1.46038e-06
-3.36477e-06
-3.42428e-07
-1.83292e-06
-3.54751e-07
-6.95505e-07
1.25812e-06
-2.44792e-06
3.8365e-06
-4.95189e-06
5.90879e-06
-7.91106e-06
7.2502e-06
-1.10425e-05
7.83256e-06
-1.4085e-05
7.70153e-06
-1.68034e-05
6.92881e-06
-1.89909e-05
5.59434e-06
-2.04732e-05
3.78644e-06
-2.1116e-05
1.613e-06
-2.08357e-05
-7.84472e-07
-1.96152e-05
-3.22099e-06
-1.75179e-05
-5.46788e-06
-1.46999e-05
-7.26691e-06
-1.14121e-05
-8.36109e-06
-7.9863e-06
-8.54261e-06
-4.80171e-06
-7.71222e-06
-2.23012e-06
-5.93635e-06
-5.71351e-07
-3.49168e-06
-9.26102e-07
-9.19237e-07
2.17736e-06
-3.16225e-06
6.07952e-06
-6.2893e-06
9.03584e-06
-9.91642e-06
1.08773e-05
-1.37054e-05
1.16215e-05
-1.7359e-05
1.13552e-05
-2.06165e-05
1.01863e-05
-2.32503e-05
8.22819e-06
-2.50668e-05
5.60294e-06
-2.59116e-05
2.45778e-06
-2.56807e-05
-1.01536e-06
-2.43367e-05
-4.56502e-06
-2.19277e-05
-7.87691e-06
-1.86059e-05
-1.05887e-05
-1.46394e-05
-1.23276e-05
-1.04077e-05
-1.27743e-05
-6.3731e-06
-1.17468e-05
-3.02355e-06
-9.2859e-06
-7.95578e-07
-5.71966e-06
-1.72168e-06
-1.12182e-06
3.29919e-06
-3.81829e-06
8.77598e-06
-7.52569e-06
1.27432e-05
-1.17753e-05
1.51269e-05
-1.61771e-05
1.60233e-05
-2.04045e-05
1.55825e-05
-2.41797e-05
1.39615e-05
-2.7263e-05
1.13114e-05
-2.94471e-05
7.78702e-06
-3.05589e-05
3.5696e-06
-3.04685e-05
-1.10568e-06
-2.91063e-05
-5.92725e-06
-2.64866e-05
-1.04966e-05
-2.27367e-05
-1.43386e-05
-1.81231e-05
-1.69413e-05
-1.30641e-05
-1.78333e-05
-8.11332e-06
-1.66975e-05
-3.90161e-06
-1.34976e-05
-1.03936e-06
-8.58192e-06
-2.76104e-06
-1.30665e-06
4.60583e-06
-4.41902e-06
1.18884e-05
-8.65882e-06
1.6983e-05
-1.3478e-05
1.99461e-05
-1.84406e-05
2.09859e-05
-2.31982e-05
2.03402e-05
-2.74657e-05
1.8229e-05
-3.1e-05
1.48458e-05
-3.35875e-05
1.03745e-05
-3.50391e-05
5.02123e-06
-3.51955e-05
-9.49329e-07
-3.39432e-05
-7.17953e-06
-3.12437e-05
-1.31961e-05
-2.71735e-05
-1.84088e-05
-2.19707e-05
-2.2144e-05
-1.60739e-05
-2.37302e-05
-1.01285e-05
-2.2643e-05
-4.93588e-06
-1.86902e-05
-1.33044e-06
-1.21874e-05
-4.09148e-06
-1.47539e-06
6.08122e-06
-4.96462e-06
1.53776e-05
-9.68012e-06
2.16986e-05
-1.49994e-05
2.52654e-05
-2.04478e-05
2.64343e-05
-2.56654e-05
2.55579e-05
-3.03713e-05
2.29349e-05
-3.43318e-05
1.88062e-05
-3.73375e-05
1.33802e-05
-3.91905e-05
6.87425e-06
-3.97033e-05
-4.36483e-07
-3.87118e-05
-8.17108e-06
-3.61059e-05
-1.5802e-05
-3.18813e-05
-2.26334e-05
-2.62094e-05
-2.78159e-05
-1.95122e-05
-3.04273e-05
-1.25105e-05
-2.96447e-05
-6.19791e-06
-2.50028e-05
-1.69789e-06
-1.66874e-05
-5.78937e-06
-1.62951e-06
7.71073e-06
-5.45496e-06
1.9203e-05
-1.05774e-05
2.6821e-05
-1.63016e-05
3.09897e-05
-2.21227e-05
3.22553e-05
-2.76823e-05
3.11175e-05
-3.27197e-05
2.79723e-05
-3.70273e-05
2.31138e-05
-4.04166e-05
1.67695e-05
-4.26954e-05
9.15302e-06
-4.36576e-05
5.25699e-07
-4.3089e-05
-8.73961e-06
-4.07955e-05
-1.80956e-05
-3.66605e-05
-2.67684e-05
-3.07381e-05
-3.37382e-05
-2.33734e-05
-3.77921e-05
-1.53153e-05
-3.77028e-05
-7.75193e-06
-3.25662e-05
-2.17211e-06
-2.22672e-05
-7.96149e-06
-1.77404e-06
9.48477e-06
-5.89763e-06
2.33266e-05
-1.13448e-05
3.22681e-05
-1.73444e-05
3.69893e-05
-2.33707e-05
3.82816e-05
-2.9085e-05
3.68318e-05
-3.42677e-05
3.3155e-05
-3.87598e-05
2.7606e-05
-4.2417e-05
2.04267e-05
-4.50758e-05
1.18118e-05
-4.65322e-05
1.9821e-06
-4.65357e-05
-8.73604e-06
-4.4807e-05
-1.98243e-05
-4.10922e-05
-3.04832e-05
-3.52707e-05
-3.95598e-05
-2.75228e-05
-4.55399e-05
-1.85345e-05
-4.66912e-05
-9.64698e-06
-4.14537e-05
-2.78627e-06
-2.91279e-05
-1.07478e-05
-1.92399e-06
1.14088e-05
-6.32107e-06
2.77237e-05
-1.19986e-05
3.79456e-05
-1.80996e-05
4.30903e-05
-2.40923e-05
4.42743e-05
-2.9682e-05
4.24215e-05
-3.47186e-05
3.81916e-05
-3.91204e-05
3.20078e-05
-4.28166e-05
2.41229e-05
-4.57036e-05
1.46988e-05
-4.76119e-05
3.89046e-06
-4.82849e-05
-8.06303e-06
-4.73766e-05
-2.07326e-05
-4.44881e-05
-3.33717e-05
-3.92718e-05
-4.47761e-05
-3.16355e-05
-5.31761e-05
-2.20537e-05
-5.6273e-05
-1.19034e-05
-5.16039e-05
-3.57848e-06
-3.74529e-05
-1.43262e-05
-2.11481e-06
1.35236e-05
-6.79292e-06
3.24018e-05
-1.25949e-05
4.37476e-05
-1.85648e-05
4.90602e-05
-2.41911e-05
4.99006e-05
-2.92619e-05
4.74923e-05
-3.37335e-05
4.26632e-05
-3.76355e-05
3.59097e-05
-4.10036e-05
2.7491e-05
-4.383e-05
1.75252e-05
-4.60214e-05
6.08185e-06
-4.73611e-05
-6.72334e-06
-4.74805e-05
-2.06132e-05
-4.58597e-05
-3.49925e-05
-4.18982e-05
-4.87375e-05
-3.51223e-05
-5.99521e-05
-2.5592e-05
-6.58033e-05
-1.44878e-05
-6.27081e-05
-4.59427e-06
-4.73464e-05
-1.89205e-05
-2.4192e-06
1.59428e-05
-7.4422e-06
3.74248e-05
-1.3241e-05
4.95464e-05
-1.87583e-05
5.45775e-05
-2.35591e-05
5.47014e-05
-2.75753e-05
5.15085e-05
-3.09192e-05
4.60071e-05
-3.37687e-05
3.87592e-05
-3.62971e-05
3.00194e-05
-3.86255e-05
1.98536e-05
-4.07788e-05
8.23516e-06
-4.26369e-05
-4.86526e-06
-4.38779e-05
-1.93722e-05
-4.39275e-05
-3.49429e-05
-4.19608e-05
-5.07042e-05
-3.70517e-05
-6.48612e-05
-2.86163e-05
-7.42387e-05
-1.72661e-05
-7.40583e-05
-5.88698e-06
-5.87255e-05
-2.48075e-05
-2.97401e-06
1.89168e-05
-8.47736e-06
4.29282e-05
-1.40756e-05
5.51447e-05
-1.86613e-05
5.91631e-05
-2.19945e-05
5.80346e-05
-2.42485e-05
5.37626e-05
-2.57536e-05
4.75122e-05
-2.68706e-05
3.98761e-05
-2.79305e-05
3.10794e-05
-2.9201e-05
2.11241e-05
-3.08541e-05
9.88818e-06
-3.29175e-05
-2.80184e-06
-3.51992e-05
-1.70905e-05
-3.71825e-05
-3.29595e-05
-3.7927e-05
-4.99598e-05
-3.60788e-05
-6.67094e-05
-3.0225e-05
-8.00925e-05
-1.99147e-05
-8.43686e-05
-7.5066e-06
-7.11336e-05
-3.23141e-05
-4.01594e-06
2.29327e-05
-1.01666e-05
4.90788e-05
-1.51483e-05
6.01263e-05
-1.80186e-05
6.20334e-05
-1.89663e-05
5.89823e-05
-1.85478e-05
5.33441e-05
-1.73766e-05
4.6341e-05
-1.60138e-05
3.85133e-05
-1.49413e-05
3.00069e-05
-1.45596e-05
2.07424e-05
-1.51841e-05
1.05127e-05
-1.70142e-05
-9.71746e-07
-2.00589e-05
-1.40459e-05
-2.39977e-05
-2.90207e-05
-2.79734e-05
-4.59841e-05
-3.03901e-05
-6.42926e-05
-2.8986e-05
-8.14966e-05
-2.17447e-05
-9.16099e-05
-9.44144e-06
-8.34369e-05
-4.17555e-05
-5.88808e-06
2.88208e-05
-1.26513e-05
5.5842e-05
-1.60107e-05
6.34858e-05
-1.58083e-05
6.1831e-05
-1.30633e-05
5.62373e-05
-8.87335e-06
4.91541e-05
-4.16106e-06
4.16287e-05
3.4768e-07
3.40045e-05
4.08154e-06
2.6273e-05
6.56797e-06
1.8256e-05
7.40212e-06
9.67855e-06
6.24097e-06
1.89405e-07
2.85126e-06
-1.06561e-05
-2.76266e-06
-2.34068e-05
-1.00864e-05
-3.86604e-05
-1.76662e-05
-5.67129e-05
-2.27004e-05
-7.64624e-05
-2.13494e-05
-9.29609e-05
-1.14149e-05
-9.33713e-05
-5.31705e-05
-8.85479e-06
3.76756e-05
-1.51636e-05
6.21508e-05
-1.45415e-05
6.28638e-05
-9.00483e-06
5.62943e-05
-8.951e-07
4.81276e-05
8.12902e-06
4.013e-05
1.69654e-05
3.27923e-05
2.48807e-05
2.60893e-05
3.1355e-05
1.97987e-05
3.59714e-05
1.36397e-05
3.83415e-05
7.30839e-06
3.80654e-05
4.65519e-07
3.474e-05
-7.33074e-06
2.80138e-05
-1.66806e-05
1.78264e-05
-2.8473e-05
4.94872e-06
-4.38352e-05
-8.06711e-06
-6.34466e-05
-1.5997e-05
-8.50311e-05
-1.23911e-05
-9.69771e-05
-6.55616e-05
-1.21795e-05
4.98551e-05
-1.3402e-05
6.33733e-05
-3.97143e-06
5.34332e-05
9.89426e-06
4.24286e-05
2.4667e-05
3.33548e-05
3.86953e-05
2.61018e-05
5.11799e-05
2.03076e-05
6.17174e-05
1.55519e-05
7.00707e-05
1.14454e-05
7.60392e-05
7.67113e-06
7.93839e-05
3.96369e-06
7.97695e-05
7.99466e-08
7.675e-05
-4.31126e-06
6.97079e-05
-9.63849e-06
5.79414e-05
-1.67065e-05
4.10224e-05
-2.69163e-05
1.99601e-05
-4.23842e-05
-4.28417e-07
-6.46425e-05
-9.59919e-06
-8.78064e-05
-7.51608e-05
-8.0374e-06
5.78925e-05
9.07228e-06
4.62636e-05
3.3466e-05
2.90394e-05
5.63312e-05
1.95634e-05
7.59055e-05
1.37805e-05
9.21414e-05
9.86586e-06
0.000105314
7.13463e-06
0.000115724
5.14255e-06
0.000123592
3.57752e-06
0.000129026
2.23673e-06
0.000132005
9.84549e-07
0.000132374
-2.8909e-07
0.000129767
-1.70363e-06
0.000123557
-3.42927e-06
0.000112673
-5.82265e-06
9.54553e-05
-9.6981e-06
7.00589e-05
-1.69878e-05
3.68712e-05
-3.14548e-05
5.43186e-06
-5.6367e-05
-6.97289e-05
5.78925e-05
0.000104156
0.000133196
0.000152759
0.00016654
0.000176405
0.00018354
0.000188683
0.00019226
0.000194497
0.000195481
0.000195192
0.000193489
0.000190059
0.000184237
0.000174539
0.000157551
0.000126096
6.97289e-05
)
;

boundaryField
{
    movingWall
    {
        type            calculated;
        value           uniform 0;
    }
    fixedWalls
    {
        type            calculated;
        value           uniform 0;
    }
    frontAndBack
    {
        type            empty;
        value           nonuniform List<scalar> 0();
    }
}


// ************************************************************************* //
