/*--------------------------------*- C++ -*----------------------------------*\
  =========                 |
  \\      /  F ield         | OpenFOAM: The Open Source CFD Toolbox
   \\    /   O peration     | Website:  https://openfoam.org
    \\  /    A nd           | Version:  8
     \\/     M anipulation  |
\*---------------------------------------------------------------------------*/
FoamFile
{
    version     2.0;
    format      ascii;
    class       volScalarField;
    location    "0.3";
    object      p;
}
// * * * * * * * * * * * * * * * * * * * * * * * * * * * * * * * * * * * * * //

dimensions      [0 2 -2 0 0 0 0];

internalField   nonuniform List<scalar> 
400
(
-1.55917e-07
-0.0175144
-0.0384632
-0.0542334
-0.0600986
-0.0540355
-0.0358408
-0.00653073
0.0319867
0.0770384
0.125252
0.172676
0.215047
0.248231
0.268841
0.274983
0.267017
0.248232
0.225255
0.207923
0.0173829
-0.000714275
-0.0170787
-0.0278061
-0.0308616
-0.0248662
-0.00956542
0.0143685
0.0455482
0.0819392
0.120906
0.159322
0.193804
0.221088
0.238534
0.244703
0.239931
0.226603
0.208482
0.190814
0.0395591
0.0145705
-0.00298615
-0.0126762
-0.0151124
-0.00969114
0.00364605
0.0243189
0.0512445
0.0828133
0.116861
0.150729
0.181442
0.206047
0.222052
0.227948
0.223754
0.211062
0.19124
0.166584
0.0585512
0.0243208
0.00274269
-0.00816778
-0.0112844
-0.00670409
0.00537358
0.0243504
0.0493226
0.0789591
0.111379
0.144135
0.174337
0.198947
0.215204
0.221163
0.216327
0.201619
0.176588
0.141907
0.0687753
0.0251338
-0.00114827
-0.0139649
-0.0181391
-0.014348
-0.00300381
0.0152825
0.0397636
0.0693389
0.102333
0.136391
0.168537
0.195426
0.21376
0.22089
0.215624
0.198218
0.166693
0.120787
0.0659435
0.0132283
-0.0177993
-0.0326445
-0.037849
-0.034562
-0.0233406
-0.00476533
0.0205932
0.0518655
0.0875589
0.125356
0.162088
0.193923
0.216779
0.227011
0.222468
0.20261
0.163977
0.105746
0.0463915
-0.0149777
-0.0505049
-0.0671648
-0.0730965
-0.0698559
-0.0580828
-0.0382663
-0.0107421
0.0239048
0.0644074
0.108501
0.152782
0.1928
0.223442
0.239705
0.238089
0.216922
0.170973
0.0989498
0.00664016
-0.0629908
-0.102573
-0.120547
-0.126654
-0.122853
-0.109828
-0.087903
-0.0570846
-0.0175585
0.0297577
0.0827614
0.137867
0.189951
0.232631
0.25912
0.263995
0.243832
0.190897
0.103183
-0.0568701
-0.134464
-0.177471
-0.195931
-0.201357
-0.196193
-0.181159
-0.156344
-0.121296
-0.0756236
-0.0196826
0.0448109
0.114274
0.182969
0.24308
0.285557
0.302285
0.287083
0.228381
0.122775
-0.147963
-0.233375
-0.27887
-0.296446
-0.299812
-0.292101
-0.274116
-0.245644
-0.205614
-0.152825
-0.0867628
-0.00840469
0.0790219
0.169417
0.253527
0.319602
0.355889
0.351987
0.29031
0.164652
-0.27102
-0.364314
-0.410705
-0.424984
-0.423926
-0.411731
-0.38939
-0.356323
-0.310657
-0.250086
-0.172842
-0.0786816
0.0300729
0.147483
0.263156
0.362427
0.428921
0.446061
0.386912
0.239781
-0.431667
-0.533047
-0.577311
-0.583886
-0.574247
-0.554268
-0.52526
-0.486181
-0.434118
-0.365323
-0.276328
-0.165086
-0.0322778
0.117174
0.27251
0.416437
0.52725
0.579886
0.533293
0.365406
-0.638441
-0.747634
-0.783651
-0.774468
-0.749085
-0.715833
-0.676379
-0.628997
-0.569387
-0.491959
-0.39107
-0.262248
-0.103664
0.0819498
0.284854
0.486298
0.659344
0.768252
0.751675
0.568843
-0.906658
-1.02049
-1.03551
-0.996178
-0.943286
-0.8882
-0.832583
-0.773453
-0.704549
-0.617926
-0.505278
-0.359122
-0.174246
0.0501916
0.307511
0.579937
0.837051
1.03143
1.07474
0.894456
-1.26708
-1.37183
-1.33903
-1.24477
-1.14634
-1.05733
-0.977963
-0.90272
-0.822387
-0.72595
-0.601946
-0.439394
-0.228959
0.0351561
0.351852
0.708287
1.07509
1.39543
1.54972
1.41578
-1.78299
-1.8342
-1.69873
-1.50929
-1.34011
-1.20225
-1.09091
-0.995553
-0.902343
-0.796199
-0.661987
-0.484882
-0.250908
0.0518609
0.430606
0.882816
1.38839
1.88941
2.23996
2.25085
-2.58391
-2.45616
-2.1144
-1.77089
-1.49928
-1.29698
-1.14757
-1.03095
-0.926049
-0.812566
-0.671194
-0.483085
-0.22932
0.109163
0.550657
1.10959
1.7867
2.53928
3.22356
3.58595
-3.98315
-3.29868
-2.55608
-1.98647
-1.58337
-1.30851
-1.1239
-0.992957
-0.884131
-0.770999
-0.6302
-0.439242
-0.174545
0.190751
0.689082
1.35982
2.23984
3.33483
4.60434
5.81175
-6.85406
-4.38209
-2.81604
-1.97206
-1.4636
-1.15312
-0.969617
-0.855533
-0.768411
-0.677497
-0.557729
-0.385355
-0.13486
0.225947
0.742643
1.48471
2.54913
4.07805
6.44996
9.85844
-12.1053
-5.43304
-2.47535
-1.44895
-0.983882
-0.749908
-0.647317
-0.60722
-0.584204
-0.549459
-0.481214
-0.359386
-0.16138
0.141859
0.596175
1.28618
2.37952
4.27833
8.272
15.9887
)
;

boundaryField
{
    movingWall
    {
        type            zeroGradient;
    }
    fixedWalls
    {
        type            zeroGradient;
    }
    frontAndBack
    {
        type            empty;
    }
}


// ************************************************************************* //
