/*--------------------------------*- C++ -*----------------------------------*\
  =========                 |
  \\      /  F ield         | OpenFOAM: The Open Source CFD Toolbox
   \\    /   O peration     | Website:  https://openfoam.org
    \\  /    A nd           | Version:  8
     \\/     M anipulation  |
\*---------------------------------------------------------------------------*/
FoamFile
{
    version     2.0;
    format      ascii;
    class       surfaceScalarField;
    location    "0.3";
    object      phi;
}
// * * * * * * * * * * * * * * * * * * * * * * * * * * * * * * * * * * * * * //

dimensions      [0 3 -1 0 0 0 0];

internalField   nonuniform List<scalar> 
760
(
3.97419e-08
-3.97401e-08
-7.40913e-08
1.13832e-07
-3.50493e-07
2.764e-07
-7.38327e-07
3.87833e-07
-1.18057e-06
4.42238e-07
-1.62544e-06
4.44873e-07
-2.02878e-06
4.03348e-07
-2.35407e-06
3.25284e-07
-2.57197e-06
2.17904e-07
-2.66081e-06
8.8841e-08
-2.60809e-06
-5.27207e-08
-2.41291e-06
-1.95186e-07
-2.08852e-06
-3.24382e-07
-1.66425e-06
-4.24277e-07
-1.18553e-06
-4.78719e-07
-7.11372e-07
-4.74154e-07
-3.08137e-07
-4.03235e-07
-3.92851e-08
-2.68851e-07
5.28199e-08
-9.2105e-08
5.28197e-08
-1.10019e-07
7.0279e-08
-5.57169e-07
5.60981e-07
-1.31819e-06
1.03743e-06
-2.29899e-06
1.36863e-06
-3.38553e-06
1.52878e-06
-4.46544e-06
1.52479e-06
-5.43749e-06
1.37539e-06
-6.21551e-06
1.10331e-06
-6.73051e-06
7.32906e-07
-6.93309e-06
2.91417e-07
-6.79712e-06
-1.88692e-07
-6.32433e-06
-6.67975e-07
-5.54869e-06
-1.10003e-06
-4.53882e-06
-1.43414e-06
-3.3966e-06
-1.62094e-06
-2.2498e-06
-1.62095e-06
-1.23732e-06
-1.41572e-06
-4.86119e-07
-1.02005e-06
-7.88005e-08
-4.99424e-07
-2.598e-08
-2.8821e-07
3.58489e-07
-1.09425e-06
1.36702e-06
-2.31614e-06
2.25931e-06
-3.8131e-06
2.86558e-06
-5.42978e-06
3.14546e-06
-7.01428e-06
3.10929e-06
-8.42858e-06
2.78969e-06
-9.55428e-06
2.22901e-06
-1.02964e-05
1.47506e-06
-1.05875e-05
5.82496e-07
-1.03924e-05
-3.83818e-07
-9.71405e-06
-1.34631e-06
-8.59888e-06
-2.21519e-06
-7.1395e-06
-2.89353e-06
-5.47276e-06
-3.28769e-06
-3.77045e-06
-3.32326e-06
-2.22086e-06
-2.96531e-06
-1.00119e-06
-2.23972e-06
-2.43281e-07
-1.25734e-06
-2.69259e-07
-4.50681e-07
8.0917e-07
-1.60329e-06
2.51962e-06
-3.26538e-06
3.92141e-06
-5.23924e-06
4.83944e-06
-7.32948e-06
5.23569e-06
-9.35312e-06
5.13293e-06
-1.11466e-05
4.5832e-06
-1.25704e-05
3.65274e-06
-1.35122e-05
2.41686e-06
-1.38915e-05
9.61873e-07
-1.36651e-05
-6.10253e-07
-1.28331e-05
-2.17832e-06
-1.14458e-05
-3.60247e-06
-9.60808e-06
-4.73125e-06
-7.47897e-06
-5.4168e-06
-5.26368e-06
-5.53855e-06
-3.19538e-06
-5.03362e-06
-1.50684e-06
-3.92826e-06
-3.96437e-07
-2.36774e-06
-6.65694e-07
-5.96904e-07
1.40607e-06
-2.07591e-06
3.99862e-06
-4.1562e-06
6.00171e-06
-6.5792e-06
7.26245e-06
-9.10909e-06
7.76558e-06
-1.15358e-05
7.55966e-06
-1.36769e-05
6.7243e-06
-1.53785e-05
5.35432e-06
-1.65167e-05
3.55502e-06
-1.70005e-05
1.44568e-06
-1.6777e-05
-8.3375e-07
-1.58384e-05
-3.11693e-06
-1.42303e-05
-5.21051e-06
-1.20597e-05
-6.90189e-06
-9.4985e-06
-7.97799e-06
-6.78043e-06
-8.25662e-06
-4.18572e-06
-7.62833e-06
-2.01315e-06
-6.10083e-06
-5.42815e-07
-3.83807e-06
-1.20851e-06
-7.31663e-07
2.13774e-06
-2.51837e-06
5.78533e-06
-4.99553e-06
8.47887e-06
-7.84353e-06
1.01104e-05
-1.07868e-05
1.07089e-05
-1.35916e-05
1.03644e-05
-1.60616e-05
9.19427e-06
-1.80341e-05
7.3268e-06
-1.93777e-05
4.8986e-06
-1.99925e-05
2.0605e-06
-1.9814e-05
-1.01219e-06
-1.88206e-05
-4.11035e-06
-1.70441e-05
-6.98703e-06
-1.45825e-05
-9.36345e-06
-1.16114e-05
-1.09492e-05
-8.38784e-06
-1.14801e-05
-5.24245e-06
-1.07737e-05
-2.55211e-06
-8.79117e-06
-6.95854e-07
-5.69433e-06
-1.90436e-06
-8.59352e-07
2.99709e-06
-2.93849e-06
7.86446e-06
-5.79137e-06
1.13317e-05
-9.03809e-06
1.33572e-05
-1.23656e-05
1.40364e-05
-1.55204e-05
1.35193e-05
-1.82983e-05
1.19722e-05
-2.05339e-05
9.56242e-06
-2.20932e-05
6.45781e-06
-2.28695e-05
2.83684e-06
-2.27855e-05
-1.09619e-06
-2.17999e-05
-5.09598e-06
-1.99207e-05
-8.86617e-06
-1.72243e-05
-1.20598e-05
-1.38762e-05
-1.42973e-05
-1.01481e-05
-1.52082e-05
-6.42072e-06
-1.45011e-05
-3.16132e-06
-1.20506e-05
-8.70564e-07
-7.98509e-06
-2.77493e-06
-9.83433e-07
3.98052e-06
-3.34264e-06
1.02237e-05
-6.54792e-06
1.4537e-05
-1.01589e-05
1.69681e-05
-1.38281e-05
1.77056e-05
-1.72889e-05
1.69801e-05
-2.0337e-05
1.50203e-05
-2.28127e-05
1.20382e-05
-2.45865e-05
8.23161e-06
-2.555e-05
3.8003e-06
-2.56135e-05
-1.03268e-06
-2.47118e-05
-5.99766e-06
-2.2819e-05
-1.07589e-05
-1.99737e-05
-1.49052e-05
-1.63119e-05
-1.7959e-05
-1.21026e-05
-1.94176e-05
-7.76871e-06
-1.8835e-05
-3.87795e-06
-1.59413e-05
-1.08223e-06
-1.07808e-05
-3.85716e-06
-1.10723e-06
5.08775e-06
-3.73668e-06
1.28531e-05
-7.26599e-06
1.80663e-05
-1.11916e-05
2.08937e-05
-1.5136e-05
2.16501e-05
-1.88286e-05
2.06727e-05
-2.20769e-05
1.82685e-05
-2.47387e-05
1.47e-05
-2.67001e-05
1.0193e-05
-2.78594e-05
4.95952e-06
-2.81193e-05
-7.72768e-07
-2.73895e-05
-6.72744e-06
-2.5601e-05
-1.25474e-05
-2.27362e-05
-1.777e-05
-1.88753e-05
-2.18199e-05
-1.42544e-05
-2.40385e-05
-9.3178e-06
-2.37716e-05
-4.73549e-06
-2.05236e-05
-1.34651e-06
-1.41698e-05
-5.20367e-06
-1.23617e-06
6.32392e-06
-4.1302e-06
1.57471e-05
-7.94731e-06
2.18834e-05
-1.21144e-05
2.50608e-05
-1.62308e-05
2.57664e-05
-2.00355e-05
2.44773e-05
-2.33642e-05
2.15972e-05
-2.61093e-05
1.74452e-05
-2.81882e-05
1.22719e-05
-2.95191e-05
6.29042e-06
-3.00074e-05
-2.84438e-07
-2.95418e-05
-7.19303e-06
-2.8005e-05
-1.40843e-05
-2.53049e-05
-2.04701e-05
-2.14327e-05
-2.56921e-05
-1.6547e-05
-2.89242e-05
-1.1071e-05
-2.92476e-05
-5.76126e-06
-2.58334e-05
-1.68053e-06
-1.82505e-05
-6.88421e-06
-1.38168e-06
7.70559e-06
-4.54365e-06
1.89091e-05
-8.60128e-06
2.59411e-05
-1.29024e-05
2.9362e-05
-1.70345e-05
2.98984e-05
-2.07673e-05
2.82102e-05
-2.39884e-05
2.48182e-05
-2.66467e-05
2.01035e-05
-2.8711e-05
1.43362e-05
-3.01384e-05
7.71786e-06
-3.0853e-05
4.3014e-07
-3.0734e-05
-7.31201e-06
-2.96185e-05
-1.51998e-05
-2.73268e-05
-2.27618e-05
-2.3725e-05
-2.92939e-05
-1.88346e-05
-3.38147e-05
-1.29857e-05
-3.50964e-05
-6.97249e-06
-3.18466e-05
-2.10487e-06
-2.31181e-05
-8.98907e-06
-1.5676e-06
9.27319e-06
-5.01799e-06
2.23595e-05
-9.25137e-06
3.01745e-05
-1.35269e-05
3.36376e-05
-1.74436e-05
3.38151e-05
-2.08355e-05
3.16021e-05
-2.36734e-05
2.76562e-05
-2.59906e-05
2.24207e-05
-2.78307e-05
1.61763e-05
-2.92112e-05
9.09845e-06
-3.00964e-05
1.31528e-06
-3.03761e-05
-7.03229e-06
-2.98561e-05
-1.57199e-05
-2.82684e-05
-2.43494e-05
-2.53251e-05
-3.22372e-05
-2.08406e-05
-3.82991e-05
-1.4946e-05
-4.09911e-05
-8.3682e-06
-3.84244e-05
-2.64657e-06
-2.88398e-05
-1.16356e-05
-1.84059e-06
1.11138e-05
-5.62534e-06
2.61443e-05
-9.93406e-06
3.44832e-05
-1.39407e-05
3.76442e-05
-1.73046e-05
3.71789e-05
-1.9977e-05
3.42745e-05
-2.2054e-05
2.97332e-05
-2.3683e-05
2.40497e-05
-2.50051e-05
1.74984e-05
-2.61185e-05
1.02118e-05
-2.70497e-05
2.24646e-06
-2.77264e-05
-6.35557e-06
-2.79517e-05
-1.54945e-05
-2.73903e-05
-2.49108e-05
-2.55922e-05
-3.40353e-05
-2.21025e-05
-4.17889e-05
-1.67166e-05
-4.6377e-05
-9.911e-06
-4.523e-05
-3.34317e-06
-3.54076e-05
-1.49788e-05
-2.28627e-06
1.34e-05
-6.4734e-06
3.03314e-05
-1.06721e-05
3.86819e-05
-1.40229e-05
4.0995e-05
-1.63446e-05
3.95006e-05
-1.77859e-05
3.57158e-05
-1.86186e-05
3.05659e-05
-1.91301e-05
2.45612e-05
-1.95718e-05
1.79401e-05
-2.01322e-05
1.07722e-05
-2.09158e-05
3.03008e-06
-2.19156e-05
-5.35577e-06
-2.29741e-05
-1.44361e-05
-2.37375e-05
-2.41474e-05
-2.36287e-05
-3.41442e-05
-2.18983e-05
-4.35192e-05
-1.78668e-05
-5.04086e-05
-1.14854e-05
-5.16113e-05
-4.24422e-06
-4.26488e-05
-1.9223e-05
-3.04794e-06
1.6448e-05
-7.67715e-06
3.49606e-05
-1.13744e-05
4.23791e-05
-1.34308e-05
4.30514e-05
-1.40102e-05
4.008e-05
-1.35671e-05
3.52728e-05
-1.25939e-05
2.95927e-05
-1.15245e-05
2.34917e-05
-1.07091e-05
1.71248e-05
-1.04135e-05
1.04765e-05
-1.08165e-05
3.43315e-06
-1.19934e-05
-4.17891e-06
-1.38721e-05
-1.25574e-05
-1.61596e-05
-2.18598e-05
-1.82472e-05
-3.20566e-05
-1.91512e-05
-4.26152e-05
-1.76379e-05
-5.19219e-05
-1.27964e-05
-5.64528e-05
-5.39217e-06
-5.0053e-05
-2.46152e-05
-4.31582e-06
2.07638e-05
-9.20487e-06
3.98497e-05
-1.15431e-05
4.47173e-05
-1.12536e-05
4.27619e-05
-9.14063e-06
3.79671e-05
-6.06807e-06
3.22002e-05
-2.74848e-06
2.62731e-05
2.8176e-07
2.04615e-05
2.62904e-06
1.47775e-05
4.00017e-06
9.10541e-06
4.17553e-06
3.25779e-06
3.00573e-06
-3.00911e-06
4.43507e-07
-9.99514e-06
-3.37237e-06
-1.80439e-05
-7.96427e-06
-2.74647e-05
-1.23097e-05
-3.82697e-05
-1.47136e-05
-4.9518e-05
-1.31267e-05
-5.80397e-05
-6.71995e-06
-5.64598e-05
-3.13351e-05
-6.16828e-06
2.69321e-05
-1.03257e-05
4.40071e-05
-9.52088e-06
4.39125e-05
-5.29187e-06
3.85329e-05
6.03266e-07
3.20719e-05
6.92076e-06
2.58827e-05
1.28582e-05
2.03356e-05
1.7915e-05
1.54047e-05
2.17699e-05
1.09226e-05
2.41928e-05
6.68249e-06
2.49899e-05
2.46073e-06
2.39777e-05
-1.9969e-06
2.09899e-05
-7.00736e-06
1.59373e-05
-1.29913e-05
8.96881e-06
-2.04962e-05
7.93092e-07
-3.0094e-05
-6.84693e-06
-4.1878e-05
-1.08351e-05
-5.40515e-05
-7.74161e-06
-5.95533e-05
-3.90768e-05
-7.90911e-06
3.48412e-05
-7.9458e-06
4.40438e-05
-7.62624e-07
3.67293e-05
9.23396e-06
2.85363e-05
1.95309e-05
2.1775e-05
2.89651e-05
1.64485e-05
3.70181e-05
1.22827e-05
4.34749e-05
8.94787e-06
4.8246e-05
6.15146e-06
5.12681e-05
3.6604e-06
5.24491e-05
1.27974e-06
5.16352e-05
-1.18297e-06
4.85884e-05
-3.9606e-06
4.29906e-05
-7.39354e-06
3.45209e-05
-1.20264e-05
2.31362e-05
-1.87094e-05
9.77576e-06
-2.85175e-05
-2.35489e-06
-4.19209e-05
-6.83559e-06
-5.50726e-05
-4.59124e-05
-4.05212e-06
3.88933e-05
8.49548e-06
3.14962e-05
2.55879e-05
1.96369e-05
4.12738e-05
1.28503e-05
5.4328e-05
8.72083e-06
6.47743e-05
6.00224e-06
7.28985e-05
4.15838e-06
7.89971e-05
2.8493e-06
8.32981e-05
1.85047e-06
8.59383e-05
1.02018e-06
8.69546e-05
2.63443e-07
8.6274e-05
-5.02339e-07
8.36774e-05
-1.36401e-06
7.87489e-05
-2.465e-06
7.07948e-05
-4.07237e-06
5.88259e-05
-6.74047e-06
4.19236e-05
-1.16152e-05
2.07666e-05
-2.07639e-05
1.77387e-06
-3.60799e-05
-4.41385e-05
3.88933e-05
7.03895e-05
9.00265e-05
0.000102877
0.000111598
0.0001176
0.000121758
0.000124608
0.000126458
0.000127478
0.000127742
0.000127239
0.000125875
0.00012341
0.000119338
0.000112597
0.000100982
8.02183e-05
4.41385e-05
)
;

boundaryField
{
    movingWall
    {
        type            calculated;
        value           uniform 0;
    }
    fixedWalls
    {
        type            calculated;
        value           uniform 0;
    }
    frontAndBack
    {
        type            empty;
        value           nonuniform List<scalar> 0();
    }
}


// ************************************************************************* //
