/*--------------------------------*- C++ -*----------------------------------*\
  =========                 |
  \\      /  F ield         | OpenFOAM: The Open Source CFD Toolbox
   \\    /   O peration     | Website:  https://openfoam.org
    \\  /    A nd           | Version:  8
     \\/     M anipulation  |
\*---------------------------------------------------------------------------*/
FoamFile
{
    version     2.0;
    format      ascii;
    class       volVectorField;
    location    "0.3";
    object      U;
}
// * * * * * * * * * * * * * * * * * * * * * * * * * * * * * * * * * * * * * //

dimensions      [0 1 -1 0 0 0 0];

internalField   nonuniform List<vector> 
400
(
(0.000730228 -0.000726072 0)
(0.000311815 0.000374205 0)
(-0.00370005 0.00169836 0)
(-0.0105556 0.002608 0)
(-0.0190786 0.00305856 0)
(-0.0281541 0.00311306 0)
(-0.0368126 0.00284394 0)
(-0.0442434 0.00231354 0)
(-0.0497857 0.00157323 0)
(-0.0529246 0.000673166 0)
(-0.0533104 -0.000325654 0)
(-0.0508 -0.00134234 0)
(-0.0455095 -0.00227282 0)
(-0.0378622 -0.00299435 0)
(-0.0286128 -0.00337813 0)
(-0.0188264 -0.00331026 0)
(-0.00979287 -0.00272045 0)
(-0.00286303 -0.00161735 0)
(0.00081426 -0.000178978 0)
(0.000859317 0.000835917 0)
(-0.000308888 -0.000384749 0)
(-0.00508859 0.00510118 0)
(-0.0174418 0.0108664 0)
(-0.0354131 0.0149106 0)
(-0.0566326 0.0169098 0)
(-0.0788044 0.0169879 0)
(-0.0997712 0.0153949 0)
(-0.117642 0.0124059 0)
(-0.130852 0.00829749 0)
(-0.138204 0.00336955 0)
(-0.138924 -0.00201861 0)
(-0.132749 -0.00742134 0)
(-0.12002 -0.0123032 0)
(-0.101762 -0.016068 0)
(-0.0797007 -0.0181248 0)
(-0.0561842 -0.0179904 0)
(-0.0339569 -0.0154243 0)
(-0.0157711 -0.0105847 0)
(-0.00400073 -0.00430476 0)
(8.43848e-06 0.00091746 0)
(-0.00170805 0.00358926 0)
(-0.0115151 0.0175889 0)
(-0.0322822 0.0306977 0)
(-0.0603251 0.0397922 0)
(-0.0922366 0.0441434 0)
(-0.124958 0.0438907 0)
(-0.155577 0.0395221 0)
(-0.181499 0.0316621 0)
(-0.200572 0.0210033 0)
(-0.21115 0.00833096 0)
(-0.212184 -0.00542055 0)
(-0.203326 -0.0191253 0)
(-0.185051 -0.0314715 0)
(-0.158748 -0.0410379 0)
(-0.126738 -0.0464512 0)
(-0.092174 -0.0466255 0)
(-0.0587436 -0.0410695 0)
(-0.0301763 -0.0302181 0)
(-0.0100148 -0.0158632 0)
(-0.0012352 -0.0022803 0)
(-0.00295209 0.011029 0)
(-0.0175496 0.0373045 0)
(-0.0464578 0.0597534 0)
(-0.0839779 0.0748114 0)
(-0.125586 0.0815974 0)
(-0.167581 0.0803834 0)
(-0.206507 0.0719794 0)
(-0.239302 0.057447 0)
(-0.263429 0.0380002 0)
(-0.27694 0.0150337 0)
(-0.278569 -0.00979936 0)
(-0.267855 -0.0345302 0)
(-0.245279 -0.0568891 0)
(-0.212381 -0.0744305 0)
(-0.171821 -0.0847919 0)
(-0.127307 -0.086089 0)
(-0.0832977 -0.0774164 0)
(-0.0444892 -0.0593671 0)
(-0.0158267 -0.0345656 0)
(-0.00234272 -0.00868983 0)
(-0.00403422 0.0215521 0)
(-0.0230722 0.0637167 0)
(-0.0597207 0.0972993 0)
(-0.106226 0.118927 0)
(-0.1569 0.127966 0)
(-0.207438 0.125055 0)
(-0.253957 0.111465 0)
(-0.293073 0.0887801 0)
(-0.321998 0.0587976 0)
(-0.338564 0.0235716 0)
(-0.341307 -0.0144757 0)
(-0.329585 -0.0524691 0)
(-0.30374 -0.0870878 0)
(-0.265267 -0.114722 0)
(-0.216955 -0.131821 0)
(-0.162911 -0.135446 0)
(-0.108323 -0.12398 0)
(-0.0589824 -0.0978726 0)
(-0.021527 -0.0602953 0)
(-0.00334381 -0.018064 0)
(-0.00501175 0.034874 0)
(-0.0282006 0.096452 0)
(-0.0721903 0.142975 0)
(-0.127222 0.171755 0)
(-0.186447 0.182825 0)
(-0.244992 0.177488 0)
(-0.298637 0.15766 0)
(-0.343792 0.125547 0)
(-0.377518 0.0835629 0)
(-0.397496 0.03442 0)
(-0.402059 -0.0187087 0)
(-0.390305 -0.0720497 0)
(-0.362281 -0.121195 0)
(-0.319228 -0.161251 0)
(-0.263846 -0.187247 0)
(-0.200475 -0.19483 0)
(-0.135005 -0.18123 0)
(-0.0744768 -0.146293 0)
(-0.0275562 -0.0933859 0)
(-0.0043658 -0.0303845 0)
(-0.00593483 0.0508094 0)
(-0.0330691 0.13518 0)
(-0.0840347 0.196387 0)
(-0.147111 0.232851 0)
(-0.214315 0.245704 0)
(-0.280268 0.237253 0)
(-0.340518 0.210273 0)
(-0.391394 0.167693 0)
(-0.429927 0.112559 0)
(-0.45372 0.0481884 0)
(-0.460918 -0.0215842 0)
(-0.450289 -0.0921727 0)
(-0.421427 -0.158115 0)
(-0.375082 -0.213155 0)
(-0.313579 -0.25065 0)
(-0.241251 -0.264385 0)
(-0.16457 -0.249813 0)
(-0.0919326 -0.205521 0)
(-0.0344395 -0.134588 0)
(-0.00554995 -0.0459292 0)
(-0.00684264 0.069252 0)
(-0.0377921 0.179627 0)
(-0.0953862 0.2571 0)
(-0.165922 0.301632 0)
(-0.240311 0.315928 0)
(-0.31277 0.303683 0)
(-0.378764 0.268776 0)
(-0.434715 0.214971 0)
(-0.477783 0.145932 0)
(-0.505621 0.0654788 0)
(-0.516247 -0.0220577 0)
(-0.508069 -0.111459 0)
(-0.480084 -0.19634 0)
(-0.432279 -0.269088 0)
(-0.366243 -0.321162 0)
(-0.285896 -0.343964 0)
(-0.197993 -0.330364 0)
(-0.112272 -0.276736 0)
(-0.0427205 -0.185105 0)
(-0.00704414 -0.0652844 0)
(-0.00777411 0.0901599 0)
(-0.0424853 0.229569 0)
(-0.106355 0.324611 0)
(-0.183565 0.377289 0)
(-0.263944 0.392459 0)
(-0.341451 0.375659 0)
(-0.411688 0.332163 0)
(-0.471414 0.266684 0)
(-0.518158 0.183472 0)
(-0.549824 0.0866915 0)
(-0.564442 -0.0190714 0)
(-0.560104 -0.128257 0)
(-0.535117 -0.233831 0)
(-0.488435 -0.326968 0)
(-0.420446 -0.397119 0)
(-0.334058 -0.432777 0)
(-0.235731 -0.423219 0)
(-0.136258 -0.361249 0)
(-0.0529485 -0.246558 0)
(-0.00901319 -0.0893483 0)
(-0.00879339 0.113569 0)
(-0.0473372 0.284843 0)
(-0.117122 0.398289 0)
(-0.199914 0.45864 0)
(-0.284468 0.473662 0)
(-0.364714 0.45132 0)
(-0.436718 0.398621 0)
(-0.497915 0.321349 0)
(-0.546534 0.224288 0)
(-0.581026 0.111747 0)
(-0.599677 -0.0117544 0)
(-0.600418 -0.140728 0)
(-0.580874 -0.267939 0)
(-0.538748 -0.38372 0)
(-0.472715 -0.475626 0)
(-0.383859 -0.528837 0)
(-0.277371 -0.5279 0)
(-0.164369 -0.460166 0)
(-0.0656933 -0.320873 0)
(-0.0116637 -0.119347 0)
(-0.0100356 0.139669 0)
(-0.0527327 0.345404 0)
(-0.128089 0.47732 0)
(-0.214914 0.54394 0)
(-0.300921 0.557029 0)
(-0.380395 0.527722 0)
(-0.450334 0.46516 0)
(-0.509317 0.376322 0)
(-0.556694 0.266443 0)
(-0.591856 0.13974 0)
(-0.613697 0.000277495 0)
(-0.620279 -0.147051 0)
(-0.608711 -0.29545 0)
(-0.575378 -0.435084 0)
(-0.516777 -0.552093 0)
(-0.431201 -0.628282 0)
(-0.321147 -0.642369 0)
(-0.196599 -0.57383 0)
(-0.0815702 -0.410091 0)
(-0.0152869 -0.156883 0)
(-0.011787 0.168981 0)
(-0.0594421 0.411465 0)
(-0.140064 0.560633 0)
(-0.228649 0.630622 0)
(-0.312061 0.638803 0)
(-0.385599 0.600443 0)
(-0.447885 0.527235 0)
(-0.499234 0.427431 0)
(-0.540623 0.306591 0)
(-0.57282 0.168564 0)
(-0.595758 0.0165448 0)
(-0.608055 -0.145765 0)
(-0.606681 -0.312816 0)
(-0.586889 -0.475603 0)
(-0.542769 -0.619866 0)
(-0.468879 -0.724596 0)
(-0.36318 -0.762017 0)
(-0.232094 -0.700958 0)
(-0.101255 -0.516023 0)
(-0.0203296 -0.204045 0)
(-0.014628 0.202712 0)
(-0.0688894 0.483692 0)
(-0.154377 0.646706 0)
(-0.241174 0.714846 0)
(-0.315934 0.713477 0)
(-0.376145 0.663127 0)
(-0.423041 0.578377 0)
(-0.459387 0.46869 0)
(-0.488282 0.339715 0)
(-0.512275 0.19462 0)
(-0.532743 0.0353305 0)
(-0.549357 -0.136217 0)
(-0.559527 -0.316594 0)
(-0.557934 -0.498896 0)
(-0.536507 -0.670081 0)
(-0.485499 -0.807865 0)
(-0.396369 -0.878367 0)
(-0.268463 -0.837283 0)
(-0.125431 -0.63961 0)
(-0.0275045 -0.263598 0)
(-0.0196743 0.243377 0)
(-0.0834703 0.563342 0)
(-0.172691 0.733004 0)
(-0.251646 0.790657 0)
(-0.308559 0.773024 0)
(-0.34512 0.706975 0)
(-0.366503 0.609957 0)
(-0.378632 0.492246 0)
(-0.387069 0.359145 0)
(-0.396323 0.212774 0)
(-0.409433 0.0534668 0)
(-0.427526 -0.119025 0)
(-0.449152 -0.304127 0)
(-0.469393 -0.498364 0)
(-0.478997 -0.692044 0)
(-0.464249 -0.864372 0)
(-0.408721 -0.977634 0)
(-0.300435 -0.973541 0)
(-0.154454 -0.779645 0)
(-0.0379102 -0.339229 0)
(-0.0289005 0.295787 0)
(-0.106642 0.651949 0)
(-0.195699 0.814554 0)
(-0.255697 0.848459 0)
(-0.280686 0.805868 0)
(-0.279707 0.720347 0)
(-0.263322 0.611328 0)
(-0.24101 0.488874 0)
(-0.220657 0.357174 0)
(-0.208425 0.216876 0)
(-0.208799 0.0665449 0)
(-0.224445 -0.0963416 0)
(-0.255652 -0.274371 0)
(-0.299162 -0.468468 0)
(-0.34642 -0.674519 0)
(-0.381633 -0.877113 0)
(-0.380865 -1.03964 0)
(-0.317185 -1.09274 0)
(-0.187049 -0.930263 0)
(-0.0529152 -0.435589 0)
(-0.0451423 0.368601 0)
(-0.141489 0.749509 0)
(-0.218435 0.880596 0)
(-0.238656 0.872419 0)
(-0.210797 0.79575 0)
(-0.155127 0.688943 0)
(-0.0882551 0.570888 0)
(-0.0225477 0.449484 0)
(0.0328852 0.326668 0)
(0.0713318 0.20118 0)
(0.0877488 0.0698936 0)
(0.0783995 -0.0715959 0)
(0.0410848 -0.228597 0)
(-0.023792 -0.406478 0)
(-0.110946 -0.608175 0)
(-0.206369 -0.827874 0)
(-0.282405 -1.03784 0)
(-0.297038 -1.167 0)
(-0.21624 -1.07674 0)
(-0.0728254 -0.558324 0)
(-0.0699583 0.477587 0)
(-0.183519 0.848288 0)
(-0.216296 0.906226 0)
(-0.159942 0.835364 0)
(-0.0518965 0.720402 0)
(0.0750073 0.597002 0)
(0.200567 0.478533 0)
(0.312444 0.367979 0)
(0.402888 0.263845 0)
(0.466702 0.162783 0)
(0.499834 0.0604574 0)
(0.49858 -0.0484413 0)
(0.459337 -0.170562 0)
(0.379116 -0.31426 0)
(0.257474 -0.488981 0)
(0.101232 -0.701116 0)
(-0.0668658 -0.940988 0)
(-0.198062 -1.15395 0)
(-0.219567 -1.18814 0)
(-0.0916653 -0.714584 0)
(-0.0911172 0.643188 0)
(-0.194566 0.913268 0)
(-0.108902 0.837302 0)
(0.077993 0.694463 0)
(0.288975 0.554433 0)
(0.489888 0.433078 0)
(0.666432 0.331751 0)
(0.81232 0.246582 0)
(0.925026 0.172547 0)
(1.00336 0.104891 0)
(1.04596 0.0391404 0)
(1.05053 -0.0294409 0)
(1.0132 -0.106719 0)
(0.928309 -0.200981 0)
(0.788857 -0.324421 0)
(0.589673 -0.493355 0)
(0.335422 -0.721725 0)
(0.0581335 -0.99574 0)
(-0.13782 -1.19822 0)
(-0.0796775 -0.894858 0)
(-0.00342724 0.795745 0)
(0.00403319 0.831422 0)
(0.324344 0.605745 0)
(0.675082 0.429601 0)
(0.967281 0.306822 0)
(1.2014 0.219813 0)
(1.38597 0.157219 0)
(1.52732 0.110617 0)
(1.63065 0.0738435 0)
(1.69971 0.0426113 0)
(1.73634 0.0137564 0)
(1.74025 -0.0155199 0)
(1.7087 -0.0485184 0)
(1.63555 -0.0902139 0)
(1.51006 -0.149452 0)
(1.31567 -0.242665 0)
(1.02848 -0.398082 0)
(0.624848 -0.650502 0)
(0.19374 -0.974209 0)
(0.0897317 -0.95476 0)
(0.873621 0.427902 0)
(1.1345 0.377526 0)
(1.59219 0.233659 0)
(1.9405 0.141583 0)
(2.15807 0.0878342 0)
(2.30085 0.0554015 0)
(2.3997 0.0353311 0)
(2.46836 0.0224052 0)
(2.5145 0.0134539 0)
(2.54273 0.00660913 0)
(2.55539 0.000733341 0)
(2.55314 -0.00498485 0)
(2.53498 -0.0114148 0)
(2.49774 -0.0198592 0)
(2.43444 -0.0329475 0)
(2.33069 -0.0566125 0)
(2.1531 -0.10435 0)
(1.82182 -0.203406 0)
(1.30572 -0.378948 0)
(0.955773 -0.456532 0)
)
;

boundaryField
{
    movingWall
    {
        type            fixedValue;
        value           uniform (3 0 0);
    }
    fixedWalls
    {
        type            noSlip;
    }
    frontAndBack
    {
        type            empty;
    }
}


// ************************************************************************* //
