/*--------------------------------*- C++ -*----------------------------------*\
  =========                 |
  \\      /  F ield         | OpenFOAM: The Open Source CFD Toolbox
   \\    /   O peration     | Website:  https://openfoam.org
    \\  /    A nd           | Version:  8
     \\/     M anipulation  |
\*---------------------------------------------------------------------------*/
FoamFile
{
    version     2.0;
    format      ascii;
    class       surfaceScalarField;
    location    "0.1";
    object      phi;
}
// * * * * * * * * * * * * * * * * * * * * * * * * * * * * * * * * * * * * * //

dimensions      [0 3 -1 0 0 0 0];

internalField   nonuniform List<scalar> 
760
(
4.70635e-08
-4.70635e-08
-9.21118e-08
1.39178e-07
-4.26457e-07
3.34345e-07
-8.93873e-07
4.67418e-07
-1.42635e-06
5.32473e-07
-1.96282e-06
5.36474e-07
-2.45128e-06
4.88465e-07
-2.84815e-06
3.96869e-07
-3.11749e-06
2.69336e-07
-3.23158e-06
1.14094e-07
-3.17326e-06
-5.83187e-08
-2.93949e-06
-2.33773e-07
-2.54519e-06
-3.94294e-07
-2.02608e-06
-5.19111e-07
-1.43889e-06
-5.87194e-07
-8.57747e-07
-5.81141e-07
-3.65668e-07
-4.92079e-07
-4.08182e-08
-3.2485e-07
6.68068e-08
-1.07627e-07
6.68065e-08
-1.36084e-07
8.9021e-08
-6.80535e-07
6.83626e-07
-1.60174e-06
1.25555e-06
-2.78552e-06
1.65119e-06
-4.09591e-06
1.84286e-06
-5.39998e-06
1.84054e-06
-6.57784e-06
1.66633e-06
-7.52633e-06
1.34536e-06
-8.16096e-06
9.03969e-07
-8.41911e-06
3.72246e-07
-8.2653e-06
-2.12125e-07
-7.69798e-06
-8.01094e-07
-6.75613e-06
-1.33615e-06
-5.52316e-06
-1.75208e-06
-4.12542e-06
-1.98493e-06
-2.72253e-06
-1.98404e-06
-1.48763e-06
-1.72698e-06
-5.77204e-07
-1.23527e-06
-8.98403e-08
-5.94989e-07
-2.30321e-08
-3.53647e-07
4.42667e-07
-1.33445e-06
1.66443e-06
-2.81428e-06
2.73538e-06
-4.62265e-06
3.45956e-06
-6.57448e-06
3.79469e-06
-8.49e-06
3.75606e-06
-1.02055e-05
3.38187e-06
-1.15791e-05
2.7189e-06
-1.24943e-05
1.8192e-06
-1.28657e-05
7.43616e-07
-1.26455e-05
-4.32292e-07
-1.18325e-05
-1.61415e-06
-1.04795e-05
-2.6891e-06
-8.69875e-06
-3.53285e-06
-6.65938e-06
-4.0243e-06
-4.57582e-06
-4.0676e-06
-2.68315e-06
-3.61965e-06
-1.20079e-06
-2.71764e-06
-2.87773e-07
-1.508e-06
-3.10802e-07
-5.52001e-07
9.94671e-07
-1.95402e-06
3.06644e-06
-3.96735e-06
4.74871e-06
-6.35308e-06
5.8453e-06
-8.87883e-06
6.32045e-06
-1.13284e-05
6.20561e-06
-1.35079e-05
5.56134e-06
-1.52496e-05
4.46063e-06
-1.64158e-05
2.98543e-06
-1.69041e-05
1.23193e-06
-1.66552e-05
-6.81225e-07
-1.56625e-05
-2.6069e-06
-1.39819e-05
-4.36967e-06
-1.17393e-05
-5.77547e-06
-9.13083e-06
-6.63274e-06
-6.41312e-06
-6.78531e-06
-3.87874e-06
-6.15403e-06
-1.81806e-06
-4.77831e-06
-4.73232e-07
-2.85283e-06
-7.84035e-07
-7.30555e-07
1.72522e-06
-2.52864e-06
4.86453e-06
-5.04794e-06
7.26801e-06
-7.977e-06
8.77436e-06
-1.10362e-05
9.37965e-06
-1.39781e-05
9.14746e-06
-1.65866e-05
8.16992e-06
-1.8677e-05
6.55104e-06
-2.00965e-05
4.40487e-06
-2.07282e-05
1.86364e-06
-2.04989e-05
-9.10532e-07
-1.93894e-05
-3.71642e-06
-1.74471e-05
-6.31194e-06
-1.4798e-05
-8.42452e-06
-1.16536e-05
-9.77715e-06
-8.30681e-06
-1.01321e-05
-5.1118e-06
-9.34903e-06
-2.44499e-06
-7.44512e-06
-6.52667e-07
-4.64516e-06
-1.4367e-06
-8.94499e-07
2.61972e-06
-3.06415e-06
7.03417e-06
-6.06149e-06
1.02654e-05
-9.50324e-06
1.22161e-05
-1.30642e-05
1.29406e-05
-1.64699e-05
1.25532e-05
-1.94888e-05
1.11889e-05
-2.19255e-05
8.9877e-06
-2.36168e-05
6.09622e-06
-2.44331e-05
2.67996e-06
-2.42839e-05
-1.05977e-06
-2.3129e-05
-4.87133e-06
-2.09948e-05
-8.44617e-06
-1.79927e-05
-1.14265e-05
-1.43365e-05
-1.34333e-05
-1.03494e-05
-1.41193e-05
-6.45228e-06
-1.32462e-05
-3.12536e-06
-1.0772e-05
-8.43958e-07
-6.92657e-06
-2.28066e-06
-1.04816e-06
3.66788e-06
-3.56727e-06
9.55328e-06
-7.01321e-06
1.37113e-05
-1.09331e-05
1.6136e-05
-1.49594e-05
1.69669e-05
-1.87965e-05
1.63903e-05
-2.22042e-05
1.45966e-05
-2.49837e-05
1.17672e-05
-2.69675e-05
8.08e-06
-2.80153e-05
3.72771e-06
-2.8017e-05
-1.05808e-06
-2.69037e-05
-5.98462e-06
-2.4667e-05
-1.06828e-05
-2.13863e-05
-1.47073e-05
-1.7259e-05
-1.75606e-05
-1.26261e-05
-1.87521e-05
-7.97578e-06
-1.78965e-05
-3.91035e-06
-1.48375e-05
-1.06721e-06
-9.7697e-06
-3.34787e-06
-1.19447e-06
4.86235e-06
-4.04237e-06
1.24012e-05
-7.90284e-06
1.75718e-05
-1.22547e-05
2.04879e-05
-1.6693e-05
2.14052e-05
-2.09084e-05
2.06057e-05
-2.4662e-05
1.83502e-05
-2.77614e-05
1.48667e-05
-3.00432e-05
1.03618e-05
-3.13623e-05
5.04678e-06
-3.159e-05
-8.30382e-07
-3.0623e-05
-6.95164e-06
-2.84046e-05
-1.29012e-05
-2.49602e-05
-1.81517e-05
-2.04448e-05
-2.2076e-05
-1.51926e-05
-2.40044e-05
-9.7482e-06
-2.33409e-05
-4.85078e-06
-1.97349e-05
-1.34318e-06
-1.32773e-05
-4.69105e-06
-1.33608e-06
6.19844e-06
-4.493e-06
1.55581e-05
-8.72593e-06
2.18047e-05
-1.34441e-05
2.5206e-05
-1.82108e-05
2.61718e-05
-2.2714e-05
2.51089e-05
-2.67295e-05
2.23656e-05
-3.00855e-05
1.82227e-05
-3.2636e-05
1.29123e-05
-3.42419e-05
6.65266e-06
-3.47624e-05
-3.09859e-07
-3.40591e-05
-7.65491e-06
-3.20161e-05
-1.49443e-05
-2.85812e-05
-2.15866e-05
-2.38306e-05
-2.68266e-05
-1.80504e-05
-2.97846e-05
-1.18115e-05
-2.95798e-05
-5.99251e-06
-2.55539e-05
-1.69334e-06
-1.75765e-05
-6.38439e-06
-1.47824e-06
7.67667e-06
-4.92773e-06
1.90076e-05
-9.48045e-06
2.63574e-05
-1.44705e-05
3.01961e-05
-1.94372e-05
3.11385e-05
-2.40817e-05
2.97534e-05
-2.82127e-05
2.64966e-05
-3.16989e-05
2.17089e-05
-3.44305e-05
1.56439e-05
-3.62918e-05
8.51395e-06
-3.71441e-05
5.42403e-07
-3.68213e-05
-7.97767e-06
-3.51441e-05
-1.66214e-05
-3.1961e-05
-2.47698e-05
-2.72258e-05
-3.15618e-05
-2.11153e-05
-3.58951e-05
-1.41659e-05
-3.65292e-05
-7.37193e-06
-3.23478e-05
-2.14122e-06
-2.28072e-05
-8.52561e-06
-1.63378e-06
9.31045e-06
-5.36977e-06
2.27436e-05
-1.01771e-05
3.11648e-05
-1.53047e-05
3.53237e-05
-2.02809e-05
3.61148e-05
-2.48429e-05
3.43154e-05
-2.88585e-05
3.05123e-05
-3.22619e-05
2.51122e-05
-3.5004e-05
1.83861e-05
-3.70166e-05
1.05265e-05
-3.81855e-05
1.71139e-06
-3.8336e-05
-7.82727e-06
-3.7233e-05
-1.77244e-05
-3.46132e-05
-2.73896e-05
-3.02645e-05
-3.59105e-05
-2.41742e-05
-4.19854e-05
-1.67435e-05
-4.396e-05
-9.00876e-06
-4.00825e-05
-2.71443e-06
-2.91015e-05
-1.124e-05
-1.83128e-06
1.11417e-05
-5.8703e-06
2.67826e-05
-1.08505e-05
3.6145e-05
-1.59242e-05
4.03974e-05
-2.06341e-05
4.08246e-05
-2.47895e-05
3.84707e-05
-2.83523e-05
3.40751e-05
-3.13529e-05
2.81128e-05
-3.38313e-05
2.08645e-05
-3.57946e-05
1.24898e-05
-3.71833e-05
3.10006e-06
-3.78438e-05
-7.16675e-06
-3.75113e-05
-1.80569e-05
-3.58175e-05
-2.90833e-05
-3.23539e-05
-3.93741e-05
-2.68304e-05
-4.75088e-05
-1.93675e-05
-5.14229e-05
-1.08916e-05
-4.85583e-05
-3.44772e-06
-3.65454e-05
-1.46878e-05
-2.1283e-06
1.327e-05
-6.52398e-06
3.11783e-05
-1.15627e-05
4.11837e-05
-1.63016e-05
4.51362e-05
-2.03504e-05
4.48734e-05
-2.36482e-05
4.17686e-05
-2.62973e-05
3.67241e-05
-2.84584e-05
3.02739e-05
-3.02876e-05
2.26937e-05
-3.18934e-05
1.40956e-05
-3.33021e-05
4.50874e-06
-3.44207e-05
-6.04813e-06
-3.49989e-05
-1.74787e-05
-3.46012e-05
-2.9481e-05
-3.26256e-05
-4.13497e-05
-2.84342e-05
-5.17002e-05
-2.16891e-05
-5.81681e-05
-1.29493e-05
-5.72981e-05
-4.38611e-06
-4.51086e-05
-1.90739e-05
-2.63216e-06
1.59022e-05
-7.4789e-06
3.6025e-05
-1.23788e-05
4.60836e-05
-1.63465e-05
4.91039e-05
-1.91683e-05
4.76953e-05
-2.10029e-05
4.36032e-05
-2.21491e-05
3.78703e-05
-2.29291e-05
3.1054e-05
-2.36316e-05
2.33961e-05
-2.44806e-05
1.49446e-05
-2.56096e-05
5.63779e-06
-2.70246e-05
-4.63318e-06
-2.85486e-05
-1.59547e-05
-2.97532e-05
-2.82763e-05
-2.99042e-05
-4.11987e-05
-2.80044e-05
-5.36e-05
-2.30914e-05
-6.30811e-05
-1.49899e-05
-6.53997e-05
-5.58233e-06
-5.45162e-05
-2.46562e-05
-3.52585e-06
1.9428e-05
-8.91064e-06
4.14098e-05
-1.32549e-05
5.04278e-05
-1.57325e-05
5.15816e-05
-1.65161e-05
4.84788e-05
-1.61085e-05
4.31956e-05
-1.50607e-05
3.68226e-05
-1.38674e-05
2.98606e-05
-1.29415e-05
2.24702e-05
-1.26081e-05
1.46112e-05
-1.31053e-05
6.135e-06
-1.45583e-05
-3.18018e-06
-1.69222e-05
-1.35908e-05
-1.98799e-05
-2.53186e-05
-2.27026e-05
-3.8376e-05
-2.41396e-05
-5.2163e-05
-2.2537e-05
-6.46837e-05
-1.65672e-05
-7.13694e-05
-7.06363e-06
-6.40198e-05
-3.17198e-05
-5.06346e-06
2.44915e-05
-1.08504e-05
4.71968e-05
-1.36913e-05
5.32688e-05
-1.34686e-05
5.13588e-05
-1.10875e-05
4.60977e-05
-7.5249e-06
3.9633e-05
-3.59455e-06
3.28922e-05
7.67236e-08
2.61893e-05
3.01656e-06
1.95304e-05
4.84929e-06
1.27785e-05
5.27662e-06
5.70767e-06
4.07017e-06
-1.97373e-06
1.11091e-06
-1.06316e-05
-3.50453e-06
-2.07032e-05
-9.25987e-06
-3.26207e-05
-1.49237e-05
-4.64992e-05
-1.83221e-05
-6.12853e-05
-1.66836e-05
-7.30078e-05
-8.68853e-06
-7.20149e-05
-4.04084e-05
-7.39553e-06
3.1887e-05
-1.25253e-05
5.23266e-05
-1.1792e-05
5.25354e-05
-6.95828e-06
4.65251e-05
-5.62522e-08
3.91957e-05
7.47508e-06
3.21017e-05
1.46915e-05
2.56758e-05
2.09864e-05
1.98944e-05
2.59498e-05
1.4567e-05
2.92729e-05
9.45535e-06
3.06808e-05
4.29981e-06
2.9902e-05
-1.19497e-06
2.66738e-05
-7.40332e-06
2.08071e-05
-1.48364e-05
1.23829e-05
-2.41965e-05
2.17164e-06
-3.62879e-05
-7.70217e-06
-5.14115e-05
-1.32219e-05
-6.74881e-05
-9.75463e-06
-7.54822e-05
-5.0163e-05
-9.78304e-06
4.16701e-05
-1.02741e-05
5.28176e-05
-2.0117e-06
4.4273e-05
9.77096e-06
3.47425e-05
2.20957e-05
2.6871e-05
3.3574e-05
2.06233e-05
4.35621e-05
1.56877e-05
5.17646e-05
1.1692e-05
5.80323e-05
8.29926e-06
6.22489e-05
5.23873e-06
6.42651e-05
2.28363e-06
6.38578e-05
-7.87616e-07
6.06993e-05
-4.24482e-06
5.43497e-05
-8.4869e-06
4.43326e-05
-1.41794e-05
3.04638e-05
-2.24192e-05
1.37583e-05
-3.47059e-05
-1.84563e-06
-5.18842e-05
-8.15233e-06
-6.91755e-05
-5.83153e-05
-5.66802e-06
4.73381e-05
9.03045e-06
3.81191e-05
2.94541e-05
2.38494e-05
4.838e-05
1.58166e-05
6.4335e-05
1.0916e-05
7.73121e-05
7.64624e-06
8.76007e-05
5.39898e-06
9.55087e-05
3.78402e-06
0.000101271
2.53653e-06
0.000105023
1.48729e-06
0.000106784
5.22899e-07
0.00010645
-4.53732e-07
0.000103746
-1.54084e-06
9.81613e-05
-2.90247e-06
8.88317e-05
-4.84979e-06
7.44736e-05
-8.0611e-06
5.37909e-05
-1.40232e-05
2.74011e-05
-2.54944e-05
3.1354e-06
-4.49097e-05
-5.51799e-05
4.73381e-05
8.54572e-05
0.000109307
0.000125123
0.000136039
0.000143685
0.000149084
0.000152868
0.000155405
0.000156892
0.000157415
0.000156961
0.000155421
0.000152518
0.000147668
0.000139607
0.000125584
0.00010009
5.51799e-05
)
;

boundaryField
{
    movingWall
    {
        type            calculated;
        value           uniform 0;
    }
    fixedWalls
    {
        type            calculated;
        value           uniform 0;
    }
    frontAndBack
    {
        type            empty;
        value           nonuniform List<scalar> 0();
    }
}


// ************************************************************************* //
