/*--------------------------------*- C++ -*----------------------------------*\
  =========                 |
  \\      /  F ield         | OpenFOAM: The Open Source CFD Toolbox
   \\    /   O peration     | Website:  https://openfoam.org
    \\  /    A nd           | Version:  8
     \\/     M anipulation  |
\*---------------------------------------------------------------------------*/
FoamFile
{
    version     2.0;
    format      ascii;
    class       volVectorField;
    location    "0.1";
    object      U;
}
// * * * * * * * * * * * * * * * * * * * * * * * * * * * * * * * * * * * * * //

dimensions      [0 1 -1 0 0 0 0];

internalField   nonuniform List<vector> 
400
(
(0.000872884 -0.000870903 0)
(0.000338765 0.000463226 0)
(-0.00453074 0.0020531 0)
(-0.0128056 0.0031402 0)
(-0.0230683 0.00367963 0)
(-0.0339993 0.00375307 0)
(-0.0444582 0.0034469 0)
(-0.0534863 0.00282967 0)
(-0.0602858 0.00195445 0)
(-0.0642133 0.000873483 0)
(-0.0648083 -0.000344305 0)
(-0.0618551 -0.00160041 0)
(-0.0554612 -0.00276196 0)
(-0.0461293 -0.00366862 0)
(-0.0347927 -0.00415168 0)
(-0.0227875 -0.00406454 0)
(-0.0117337 -0.00332243 0)
(-0.00331045 -0.00194784 0)
(0.00108918 -0.000179089 0)
(0.00107083 0.00103901 0)
(-0.000407651 -0.000421228 0)
(-0.00625815 0.00622951 0)
(-0.0212492 0.0131501 0)
(-0.0429654 0.0179817 0)
(-0.068556 0.0203749 0)
(-0.0953012 0.0205 0)
(-0.120653 0.0186535 0)
(-0.142364 0.0151395 0)
(-0.158543 0.0102537 0)
(-0.1677 0.00432331 0)
(-0.168826 -0.00223702 0)
(-0.161521 -0.0088843 0)
(-0.146138 -0.0149412 0)
(-0.123895 -0.0196378 0)
(-0.0969159 -0.022207 0)
(-0.0681291 -0.0220283 0)
(-0.040965 -0.0188115 0)
(-0.0188445 -0.0127947 0)
(-0.00465595 -0.00507427 0)
(7.03424e-05 0.00122051 0)
(-0.00212154 0.00446648 0)
(-0.0140973 0.0214284 0)
(-0.0393018 0.037163 0)
(-0.0732123 0.0480278 0)
(-0.111735 0.0532371 0)
(-0.15125 0.0530027 0)
(-0.188313 0.0478985 0)
(-0.219836 0.0386153 0)
(-0.243214 0.0259048 0)
(-0.256399 0.0106386 0)
(-0.258024 -0.0060961 0)
(-0.247562 -0.0229282 0)
(-0.225499 -0.0382067 0)
(-0.193479 -0.0501067 0)
(-0.154348 -0.0568516 0)
(-0.11203 -0.0570467 0)
(-0.0711355 -0.0500922 0)
(-0.0363163 -0.0366088 0)
(-0.0119095 -0.0189496 0)
(-0.0014175 -0.00252268 0)
(-0.00364507 0.0135854 0)
(-0.0214555 0.0454157 0)
(-0.0565382 0.0723586 0)
(-0.101924 0.0903453 0)
(-0.152187 0.0984744 0)
(-0.202954 0.0971421 0)
(-0.250145 0.0872938 0)
(-0.290113 0.070102 0)
(-0.319781 0.0468892 0)
(-0.336716 0.0192112 0)
(-0.339262 -0.011006 0)
(-0.326717 -0.0413685 0)
(-0.299534 -0.0690267 0)
(-0.259513 -0.0908472 0)
(-0.209896 -0.103774 0)
(-0.155297 -0.105375 0)
(-0.10131 -0.0945257 0)
(-0.053832 -0.0720817 0)
(-0.0189701 -0.0415242 0)
(-0.00274588 -0.0101391 0)
(-0.00497165 0.0264708 0)
(-0.0281852 0.0775396 0)
(-0.0726426 0.11784 0)
(-0.128893 0.143676 0)
(-0.190131 0.154526 0)
(-0.251291 0.15125 0)
(-0.307798 0.135326 0)
(-0.355628 0.108495 0)
(-0.391387 0.0727119 0)
(-0.412355 0.0302626 0)
(-0.416594 -0.0160377 0)
(-0.403124 -0.0627023 0)
(-0.372174 -0.10557 0)
(-0.325433 -0.140015 0)
(-0.266266 -0.161432 0)
(-0.19978 -0.166004 0)
(-0.132523 -0.151681 0)
(-0.0718306 -0.119172 0)
(-0.0259883 -0.0727605 0)
(-0.00395713 -0.0213612 0)
(-0.0061665 0.0427702 0)
(-0.0344067 0.117323 0)
(-0.0877121 0.173142 0)
(-0.154233 0.207536 0)
(-0.225806 0.220882 0)
(-0.296727 0.214861 0)
(-0.362043 0.191685 0)
(-0.41749 0.153769 0)
(-0.459485 0.103719 0)
(-0.48509 0.044532 0)
(-0.492064 -0.0201278 0)
(-0.47904 -0.0857042 0)
(-0.445802 -0.146682 0)
(-0.393642 -0.196788 0)
(-0.325755 -0.229547 0)
(-0.247524 -0.239262 0)
(-0.166418 -0.222353 0)
(-0.0914449 -0.178783 0)
(-0.0335593 -0.113228 0)
(-0.00521777 -0.0362255 0)
(-0.0072816 0.0622367 0)
(-0.0402472 0.164315 0)
(-0.101878 0.237731 0)
(-0.178013 0.281348 0)
(-0.259191 0.296967 0)
(-0.33915 0.287487 0)
(-0.412697 0.256096 0)
(-0.475477 0.20598 0)
(-0.523859 0.140393 0)
(-0.55477 0.0629525 0)
(-0.565679 -0.0219599 0)
(-0.554731 -0.108843 0)
(-0.521046 -0.19088 0)
(-0.465196 -0.260042 0)
(-0.38982 -0.307641 0)
(-0.300235 -0.325476 0)
(-0.204676 -0.307583 0)
(-0.113989 -0.252292 0)
(-0.0423924 -0.164074 0)
(-0.00671503 -0.0551625 0)
(-0.00835307 0.0846949 0)
(-0.0458004 0.218091 0)
(-0.115212 0.310984 0)
(-0.200144 0.364333 0)
(-0.289899 0.381933 0)
(-0.37779 0.368339 0)
(-0.458557 0.327988 0)
(-0.527965 0.264945 0)
(-0.582521 0.183069 0)
(-0.619175 0.0864491 0)
(-0.635178 -0.0200426 0)
(-0.628145 -0.130207 0)
(-0.596348 -0.23611 0)
(-0.539283 -0.327978 0)
(-0.458528 -0.394608 0)
(-0.358784 -0.424574 0)
(-0.248629 -0.408403 0)
(-0.140729 -0.341483 0)
(-0.0532301 -0.227072 0)
(-0.0086487 -0.0790186 0)
(-0.00941532 0.110021 0)
(-0.0511579 0.278243 0)
(-0.127755 0.392153 0)
(-0.220394 0.455411 0)
(-0.317192 0.474468 0)
(-0.411213 0.456059 0)
(-0.497387 0.406183 0)
(-0.571881 0.329895 0)
(-0.631627 0.231603 0)
(-0.673841 0.115658 0)
(-0.695742 -0.0128973 0)
(-0.69449 -0.147551 0)
(-0.667405 -0.279623 0)
(-0.612565 -0.397806 0)
(-0.52988 -0.488243 0)
(-0.422612 -0.535573 0)
(-0.29886 -0.525414 0)
(-0.172701 -0.448313 0)
(-0.0668288 -0.304567 0)
(-0.0112457 -0.109067 0)
(-0.0105331 0.138156 0)
(-0.0565032 0.344396 0)
(-0.139652 0.480304 0)
(-0.238521 0.553025 0)
(-0.340074 0.572527 0)
(-0.437389 0.548366 0)
(-0.525949 0.488477 0)
(-0.60271 0.39904 0)
(-0.665415 0.284933 0)
(-0.711921 0.150525 0)
(-0.739739 0.000627573 0)
(-0.745808 -0.158468 0)
(-0.726557 -0.31793 0)
(-0.678414 -0.465439 0)
(-0.598977 -0.584672 0)
(-0.48898 -0.655825 0)
(-0.35469 -0.65805 0)
(-0.210517 -0.57442 0)
(-0.0839695 -0.39932 0)
(-0.0147929 -0.147031 0)
(-0.0118587 0.169205 0)
(-0.0622716 0.416291 0)
(-0.151362 0.574272 0)
(-0.25446 0.654949 0)
(-0.35743 0.673009 0)
(-0.453777 0.641658 0)
(-0.54005 0.571205 0)
(-0.614518 0.469092 0)
(-0.676231 0.340592 0)
(-0.724169 0.189818 0)
(-0.756609 0.020899 0)
(-0.770701 -0.160744 0)
(-0.762288 -0.34696 0)
(-0.726153 -0.525334 0)
(-0.65707 -0.677799 0)
(-0.552007 -0.780115 0)
(-0.413443 -0.803541 0)
(-0.254033 -0.720324 0)
(-0.105468 -0.514208 0)
(-0.0196909 -0.19515 0)
(-0.0137312 0.203656 0)
(-0.0693961 0.493984 0)
(-0.163926 0.672624 0)
(-0.268494 0.758027 0)
(-0.368056 0.771377 0)
(-0.45726 0.730578 0)
(-0.534475 0.648785 0)
(-0.599937 0.534816 0)
(-0.654583 0.394226 0)
(-0.699068 0.230605 0)
(-0.733008 0.046943 0)
(-0.754382 -0.152903 0)
(-0.759042 -0.362482 0)
(-0.740526 -0.570617 0)
(-0.69065 -0.758935 0)
(-0.601514 -0.899689 0)
(-0.46939 -0.955535 0)
(-0.301774 -0.884175 0)
(-0.132147 -0.651697 0)
(-0.0265401 -0.256305 0)
(-0.0168536 0.242831 0)
(-0.0796595 0.578154 0)
(-0.179195 0.773521 0)
(-0.281168 0.857734 0)
(-0.370297 0.861118 0)
(-0.443649 0.807516 0)
(-0.502497 0.713316 0)
(-0.549833 0.588684 0)
(-0.589068 0.439266 0)
(-0.623028 0.267853 0)
(-0.653224 0.0759129 0)
(-0.679161 -0.134887 0)
(-0.697565 -0.360837 0)
(-0.701636 -0.593636 0)
(-0.680791 -0.816831 0)
(-0.621784 -1.00145 0)
(-0.512289 -1.10243 0)
(-0.34992 -1.05986 0)
(-0.164682 -0.812857 0)
(-0.0362643 -0.334228 0)
(-0.0225946 0.289678 0)
(-0.0961323 0.670378 0)
(-0.199714 0.874188 0)
(-0.292414 0.947291 0)
(-0.360617 0.932916 0)
(-0.406052 0.862045 0)
(-0.434381 0.754301 0)
(-0.452179 0.620823 0)
(-0.465746 0.46696 0)
(-0.480338 0.294394 0)
(-0.499667 0.102821 0)
(-0.525328 -0.108665 0)
(-0.555891 -0.339899 0)
(-0.585609 -0.587082 0)
(-0.603036 -0.838483 0)
(-0.59041 -1.06779 0)
(-0.525425 -1.22574 0)
(-0.390496 -1.23434 0)
(-0.203008 -0.995458 0)
(-0.0502123 -0.433697 0)
(-0.0334122 0.350048 0)
(-0.1234 0.772959 0)
(-0.227364 0.969397 0)
(-0.298558 1.01595 0)
(-0.329748 0.973435 0)
(-0.330942 0.880397 0)
(-0.313911 0.758756 0)
(-0.289343 0.619568 0)
(-0.266365 0.467131 0)
(-0.252369 0.301628 0)
(-0.253029 0.120914 0)
(-0.272144 -0.0784531 0)
(-0.310855 -0.300071 0)
(-0.36609 -0.545695 0)
(-0.428098 -0.811067 0)
(-0.477438 -1.0777 0)
(-0.483 -1.29918 0)
(-0.408054 -1.38432 0)
(-0.244408 -1.19049 0)
(-0.0698827 -0.560353 0)
(-0.0529604 0.434749 0)
(-0.166095 0.887055 0)
(-0.257953 1.04765 0)
(-0.284112 1.04585 0)
(-0.253831 0.963773 0)
(-0.1901 0.845429 0)
(-0.111794 0.712285 0)
(-0.0331457 0.573193 0)
(0.0349956 0.43014 0)
(0.0843238 0.281424 0)
(0.108263 0.123182 0)
(0.101466 -0.049994 0)
(0.0601747 -0.244754 0)
(-0.0164871 -0.4682 0)
(-0.123585 -0.725086 0)
(-0.245096 -1.00995 0)
(-0.34667 -1.28958 0)
(-0.373619 -1.47304 0)
(-0.27816 -1.37685 0)
(-0.0949774 -0.720436 0)
(-0.0837833 0.563785 0)
(-0.220612 1.00551 0)
(-0.264191 1.08096 0)
(-0.201886 1.00536 0)
(-0.0767009 0.877168 0)
(0.0731842 0.737439 0)
(0.224217 0.601602 0)
(0.361711 0.473156 0)
(0.476012 0.350373 0)
(0.560288 0.229399 0)
(0.608934 0.105164 0)
(0.616577 -0.028562 0)
(0.577783 -0.179728 0)
(0.487541 -0.358723 0)
(0.343477 -0.578113 0)
(0.151794 -0.848081 0)
(-0.0611083 -1.15997 0)
(-0.234678 -1.44717 0)
(-0.273774 -1.51268 0)
(-0.116505 -0.920765 0)
(-0.11278 0.764772 0)
(-0.243385 1.08908 0)
(-0.149422 1.00469 0)
(0.0685999 0.841719 0)
(0.319247 0.680881 0)
(0.561662 0.540221 0)
(0.778464 0.421537 0)
(0.961493 0.320594 0)
(1.10689 0.231681 0)
(1.21239 0.149348 0)
(1.27559 0.0684303 0)
(1.29294 -0.0165229 0)
(1.25905 -0.112308 0)
(1.16619 -0.228806 0)
(1.00457 -0.381248 0)
(0.765748 -0.591466 0)
(0.452644 -0.880929 0)
(0.10171 -1.23741 0)
(-0.156972 -1.51254 0)
(-0.0950637 -1.14337 0)
(-0.0147514 0.961828 0)
(-0.0155321 1.00297 0)
(0.364143 0.733687 0)
(0.784933 0.526404 0)
(1.13979 0.381807 0)
(1.4283 0.27829 0)
(1.65979 0.202914 0)
(1.84088 0.146108 0)
(1.97694 0.100717 0)
(2.07178 0.0617029 0)
(2.12706 0.0253453 0)
(2.14206 -0.0115998 0)
(2.11317 -0.0529013 0)
(2.03289 -0.104258 0)
(1.88794 -0.176117 0)
(1.65744 -0.288917 0)
(1.31036 -0.480096 0)
(0.812874 -0.798404 0)
(0.269516 -1.21374 0)
(0.126361 -1.19989 0)
(1.06753 0.523611 0)
(1.37795 0.46286 0)
(1.93087 0.289372 0)
(2.35727 0.178064 0)
(2.62776 0.112486 0)
(2.80808 0.0723071 0)
(2.93518 0.0470372 0)
(3.02531 0.0305265 0)
(3.08751 0.0189465 0)
(3.12717 0.00999588 0)
(3.14707 0.0022665 0)
(3.1479 -0.00522326 0)
(3.12851 -0.0134835 0)
(3.08524 -0.0239566 0)
(3.01 -0.0395755 0)
(2.88581 -0.0672317 0)
(2.673 -0.123566 0)
(2.27225 -0.243908 0)
(1.63394 -0.463579 0)
(1.19158 -0.565556 0)
)
;

boundaryField
{
    movingWall
    {
        type            fixedValue;
        value           uniform (3.7 0 0);
    }
    fixedWalls
    {
        type            noSlip;
    }
    frontAndBack
    {
        type            empty;
    }
}


// ************************************************************************* //
