/*--------------------------------*- C++ -*----------------------------------*\
  =========                 |
  \\      /  F ield         | OpenFOAM: The Open Source CFD Toolbox
   \\    /   O peration     | Website:  https://openfoam.org
    \\  /    A nd           | Version:  8
     \\/     M anipulation  |
\*---------------------------------------------------------------------------*/
FoamFile
{
    version     2.0;
    format      ascii;
    class       surfaceScalarField;
    location    "0.2";
    object      phi;
}
// * * * * * * * * * * * * * * * * * * * * * * * * * * * * * * * * * * * * * //

dimensions      [0 3 -1 0 0 0 0];

internalField   nonuniform List<scalar> 
760
(
5.37591e-08
-5.40352e-08
-1.08219e-07
1.61979e-07
-4.94906e-07
3.86695e-07
-1.03361e-06
5.38704e-07
-1.64634e-06
6.12728e-07
-2.26388e-06
6.17537e-07
-2.82735e-06
5.63465e-07
-3.28691e-06
4.59561e-07
-3.60064e-06
3.13732e-07
-3.73535e-06
1.34707e-07
-3.66967e-06
-6.56754e-08
-3.39886e-06
-2.70811e-07
-2.93979e-06
-4.59074e-07
-2.33452e-06
-6.05261e-07
-1.65056e-06
-6.83958e-07
-9.75987e-07
-6.74571e-07
-4.08516e-07
-5.67469e-07
-3.8357e-08
-3.70158e-07
7.97883e-08
-1.18145e-07
7.97881e-08
-1.59062e-07
1.05011e-07
-7.91182e-07
7.94105e-07
-1.85715e-06
1.45267e-06
-3.22387e-06
1.90543e-06
-4.7352e-06
2.12406e-06
-6.23956e-06
2.12191e-06
-7.60028e-06
1.92419e-06
-8.69879e-06
1.55807e-06
-9.4366e-06
1.05154e-06
-9.73921e-06
4.37316e-07
-9.56306e-06
-2.41828e-07
-8.90437e-06
-9.29501e-07
-7.80779e-06
-1.55566e-06
-6.37142e-06
-2.04163e-06
-4.74485e-06
-2.31053e-06
-3.11689e-06
-2.30253e-06
-1.69085e-06
-1.99351e-06
-6.47576e-07
-1.41344e-06
-9.65731e-08
-6.69146e-07
-1.67844e-08
-4.1221e-07
5.17227e-07
-1.55047e-06
1.93236e-06
-3.26282e-06
3.16502e-06
-5.35123e-06
3.99384e-06
-7.60336e-06
4.37619e-06
-9.81412e-06
4.33266e-06
-1.17966e-05
3.90663e-06
-1.33873e-05
3.1488e-06
-1.44507e-05
2.11499e-06
-1.48855e-05
8.7205e-07
-1.46333e-05
-4.94036e-07
-1.36901e-05
-1.87268e-06
-1.21165e-05
-3.12925e-06
-1.00438e-05
-4.11433e-06
-7.67172e-06
-4.68258e-06
-5.25349e-06
-4.72076e-06
-3.06534e-06
-4.18166e-06
-1.36181e-06
-3.11696e-06
-3.22023e-07
-1.70893e-06
-3.38807e-07
-6.43298e-07
1.16053e-06
-2.26894e-06
3.55801e-06
-4.59613e-06
5.4922e-06
-7.34853e-06
6.74624e-06
-1.02604e-05
7.28806e-06
-1.30856e-05
7.1579e-06
-1.56032e-05
6.42417e-06
-1.76203e-05
5.16591e-06
-1.89766e-05
3.47129e-06
-1.95506e-05
1.44611e-06
-1.927e-05
-7.74696e-07
-1.81235e-05
-3.01919e-06
-1.6174e-05
-5.07872e-06
-1.35678e-05
-6.72053e-06
-1.05356e-05
-7.71477e-06
-7.38022e-06
-7.87616e-06
-4.44616e-06
-7.11571e-06
-2.07215e-06
-5.49097e-06
-5.34305e-07
-3.24677e-06
-8.73112e-07
-8.49968e-07
2.0105e-06
-2.92995e-06
5.63799e-06
-5.83473e-06
8.39698e-06
-9.20602e-06
1.01175e-05
-1.27258e-05
1.08078e-05
-1.61136e-05
1.05458e-05
-1.91244e-05
9.43494e-06
-2.15461e-05
7.58762e-06
-2.32009e-05
5.12614e-06
-2.39503e-05
2.19545e-06
-2.37041e-05
-1.02086e-06
-2.24347e-05
-4.28858e-06
-2.01927e-05
-7.32073e-06
-1.71224e-05
-9.79088e-06
-1.34707e-05
-1.13664e-05
-9.58328e-06
-1.17636e-05
-5.87835e-06
-1.08206e-05
-2.79773e-06
-8.57159e-06
-7.40618e-07
-5.30388e-06
-1.61373e-06
-1.03669e-06
3.04719e-06
-3.53603e-06
8.13733e-06
-6.97796e-06
1.18389e-05
-1.09247e-05
1.40643e-05
-1.5009e-05
1.48921e-05
-1.89222e-05
1.4459e-05
-2.24029e-05
1.29156e-05
-2.52277e-05
1.04124e-05
-2.7207e-05
7.1055e-06
-2.81863e-05
3.17476e-06
-2.80537e-05
-1.15354e-06
-2.6754e-05
-5.5882e-06
-2.43099e-05
-9.76488e-06
-2.08449e-05
-1.32558e-05
-1.66062e-05
-1.56052e-05
-1.19738e-05
-1.6396e-05
-7.44635e-06
-1.53481e-05
-3.5913e-06
-1.24266e-05
-9.62275e-07
-7.9329e-06
-2.57601e-06
-1.20714e-06
4.25433e-06
-4.09129e-06
1.10215e-05
-8.02592e-06
1.57735e-05
-1.24985e-05
1.85369e-05
-1.70976e-05
1.94912e-05
-2.14937e-05
1.8855e-05
-2.54174e-05
1.68394e-05
-2.86428e-05
1.36378e-05
-3.09749e-05
9.43758e-06
-3.22457e-05
4.44559e-06
-3.23183e-05
-1.0809e-06
-3.11007e-05
-6.80584e-06
-2.857e-05
-1.22956e-05
-2.4807e-05
-1.70188e-05
-2.00355e-05
-2.03767e-05
-1.46541e-05
-2.17774e-05
-9.24187e-06
-2.07603e-05
-4.515e-06
-1.71535e-05
-1.2236e-06
-1.12243e-05
-3.7996e-06
-1.36357e-06
5.6179e-06
-4.59787e-06
1.42558e-05
-8.97388e-06
2.01495e-05
-1.39084e-05
2.34714e-05
-1.89526e-05
2.45355e-05
-2.37651e-05
2.36675e-05
-2.80802e-05
2.11544e-05
-3.16802e-05
1.72378e-05
-3.43748e-05
1.21322e-05
-3.59893e-05
6.06005e-06
-3.63627e-05
-7.07432e-07
-3.53593e-05
-7.80924e-06
-3.28947e-05
-1.47602e-05
-2.89804e-05
-2.09331e-05
-2.37834e-05
-2.55737e-05
-1.76897e-05
-2.78712e-05
-1.13445e-05
-2.71055e-05
-5.63075e-06
-2.28672e-05
-1.54986e-06
-1.53052e-05
-5.34947e-06
-1.50821e-06
7.12611e-06
-5.05797e-06
1.78056e-05
-9.81437e-06
2.49059e-05
-1.51246e-05
2.87816e-05
-2.05101e-05
2.9921e-05
-2.563e-05
2.87874e-05
-3.02371e-05
2.57616e-05
-3.41381e-05
2.11387e-05
-3.71622e-05
1.51563e-05
-3.91407e-05
8.03857e-06
-3.9897e-05
4.88756e-08
-3.92516e-05
-8.45466e-06
-3.70465e-05
-1.69653e-05
-3.31958e-05
-2.47838e-05
-2.77657e-05
-3.10038e-05
-2.10775e-05
-3.45594e-05
-1.3803e-05
-3.438e-05
-6.99397e-06
-2.96763e-05
-1.96729e-06
-2.03319e-05
-7.31675e-06
-1.64662e-06
8.77273e-06
-5.48101e-06
2.16399e-05
-1.05458e-05
2.99707e-05
-1.61146e-05
3.43504e-05
-2.16885e-05
3.54948e-05
-2.69442e-05
3.40431e-05
-3.1673e-05
3.04904e-05
-3.57271e-05
2.51928e-05
-3.89768e-05
1.8406e-05
-4.12798e-05
1.03415e-05
-4.24613e-05
1.23046e-06
-4.23093e-05
-8.60668e-06
-4.05897e-05
-1.86849e-05
-3.70953e-05
-2.82782e-05
-3.17404e-05
-3.63587e-05
-2.47058e-05
-4.15939e-05
-1.66124e-05
-4.24734e-05
-8.6473e-06
-3.76414e-05
-2.50437e-06
-2.64748e-05
-9.82112e-06
-1.79355e-06
1.05663e-05
-5.89519e-06
2.57416e-05
-1.11856e-05
3.52611e-05
-1.68553e-05
4.00201e-05
-2.23986e-05
4.10381e-05
-2.75342e-05
3.91787e-05
-3.21191e-05
3.50753e-05
-3.60781e-05
2.91518e-05
-3.93498e-05
2.16777e-05
-4.18462e-05
1.2838e-05
-4.34228e-05
2.80707e-06
-4.38595e-05
-8.17006e-06
-4.28599e-05
-1.96844e-05
-4.00862e-05
-3.10519e-05
-3.52519e-05
-4.11929e-05
-2.8302e-05
-4.85439e-05
-1.96798e-05
-5.10957e-05
-1.06103e-05
-4.67109e-05
-3.19406e-06
-3.3891e-05
-1.30152e-05
-1.98229e-06
1.25486e-05
-6.36352e-06
3.01228e-05
-1.17851e-05
4.06827e-05
-1.73416e-05
4.55766e-05
-2.2547e-05
4.62435e-05
-2.71992e-05
4.38308e-05
-3.12572e-05
3.91334e-05
-3.47512e-05
3.26458e-05
-3.77187e-05
2.46453e-05
-4.01588e-05
1.5278e-05
-4.19931e-05
4.64136e-06
-4.30329e-05
-7.13024e-06
-4.29555e-05
-1.97618e-05
-4.13082e-05
-3.26993e-05
-3.75759e-05
-4.49252e-05
-3.13679e-05
-5.47519e-05
-2.27732e-05
-5.96903e-05
-1.28597e-05
-5.66243e-05
-4.0766e-06
-4.26742e-05
-1.70918e-05
-2.27993e-06
1.48285e-05
-7.00287e-06
3.48458e-05
-1.24366e-05
4.61165e-05
-1.75787e-05
5.07187e-05
-2.2017e-05
5.06817e-05
-2.56886e-05
4.75024e-05
-2.87026e-05
4.21474e-05
-3.12303e-05
3.51735e-05
-3.3438e-05
2.6853e-05
-3.54413e-05
1.72814e-05
-3.72659e-05
6.46589e-06
-3.88031e-05
-5.59299e-06
-3.9762e-05
-1.8803e-05
-3.96286e-05
-3.28327e-05
-3.76759e-05
-4.68779e-05
-3.31062e-05
-5.93216e-05
-2.54478e-05
-6.73488e-05
-1.52919e-05
-6.67802e-05
-5.20147e-06
-5.27646e-05
-2.22932e-05
-2.8114e-06
1.76399e-05
-7.99783e-06
4.00322e-05
-1.32507e-05
5.13694e-05
-1.75216e-05
5.49896e-05
-2.05868e-05
5.37469e-05
-2.26166e-05
4.95322e-05
-2.39302e-05
4.3461e-05
-2.48732e-05
3.61165e-05
-2.57592e-05
2.77389e-05
-2.6837e-05
1.83592e-05
-2.82617e-05
7.89062e-06
-3.00507e-05
-3.804e-06
-3.2017e-05
-1.68367e-05
-3.36803e-05
-3.11693e-05
-3.41885e-05
-4.63697e-05
-3.23446e-05
-6.11655e-05
-2.6938e-05
-7.27553e-05
-1.76474e-05
-7.60709e-05
-6.62074e-06
-6.37912e-05
-2.8914e-05
-3.79057e-06
2.14304e-05
-9.57722e-06
4.58189e-05
-1.42373e-05
5.60294e-05
-1.68852e-05
5.76376e-05
-1.77086e-05
5.45703e-05
-1.72457e-05
4.90693e-05
-1.60867e-05
4.23021e-05
-1.47669e-05
3.47967e-05
-1.3739e-05
2.6711e-05
-1.33721e-05
1.79924e-05
-1.39474e-05
8.46586e-06
-1.56303e-05
-2.12106e-06
-1.84037e-05
-1.40633e-05
-2.19445e-05
-2.76285e-05
-2.54467e-05
-4.28675e-05
-2.7462e-05
-5.91502e-05
-2.59983e-05
-7.42191e-05
-1.93544e-05
-8.27148e-05
-8.34322e-06
-7.48024e-05
-3.72572e-05
-5.52092e-06
2.69514e-05
-1.18315e-05
5.21294e-05
-1.4921e-05
5.91189e-05
-1.46552e-05
5.73718e-05
-1.2011e-05
5.19261e-05
-8.04001e-06
4.50983e-05
-3.62277e-06
3.78848e-05
5.54393e-07
3.06195e-05
3.95895e-06
2.33065e-05
6.1615e-06
1.57898e-05
6.80374e-06
7.82362e-06
5.59442e-06
-9.11739e-07
2.35356e-06
-1.08224e-05
-2.86852e-06
-2.24064e-05
-9.54858e-06
-3.61875e-05
-1.63215e-05
-5.23773e-05
-2.06578e-05
-6.98827e-05
-1.91992e-05
-8.41734e-05
-1.01592e-05
-8.38424e-05
-4.74164e-05
-8.21296e-06
3.51643e-05
-1.39809e-05
5.78973e-05
-1.32659e-05
5.84038e-05
-7.98034e-06
5.20863e-05
-3.38633e-07
4.42844e-05
8.08875e-06
3.66709e-05
1.62625e-05
2.9711e-05
2.34999e-05
2.33822e-05
2.93269e-05
1.74794e-05
3.33721e-05
1.17446e-05
3.52977e-05
5.89806e-06
3.47621e-05
-3.76203e-07
3.14273e-05
-7.48762e-06
2.50187e-05
-1.59978e-05
1.55469e-05
-2.67157e-05
3.795e-06
-4.06254e-05
-7.86079e-06
-5.82269e-05
-1.47284e-05
-7.73058e-05
-1.11907e-05
-8.73801e-05
-5.8607e-05
-1.11181e-05
4.62824e-05
-1.1988e-05
5.87672e-05
-3.02498e-06
4.94408e-05
9.97954e-06
3.90818e-05
2.37321e-05
3.05318e-05
3.669e-05
2.37131e-05
4.81162e-05
1.82848e-05
5.76507e-05
1.38477e-05
6.50926e-05
1.00375e-05
7.02774e-05
6.55981e-06
7.30061e-05
3.16939e-06
7.29988e-05
-3.68952e-07
6.98599e-05
-4.34867e-06
6.3058e-05
-9.1959e-06
5.19958e-05
-1.56535e-05
3.63628e-05
-2.49924e-05
1.71859e-05
-3.90499e-05
-1.09481e-06
-5.90251e-05
-8.96814e-06
-7.95067e-05
-6.75752e-05
-6.95402e-06
5.32365e-05
9.12666e-06
4.26866e-05
3.18047e-05
2.67628e-05
5.29707e-05
1.79158e-05
7.09848e-05
1.25177e-05
8.58128e-05
8.88514e-06
9.7733e-05
6.36458e-06
0.000107046
4.53491e-06
0.000113978
3.10538e-06
0.000118649
1.88895e-06
0.000121057
7.60859e-07
0.000121072
-3.83629e-07
0.000118374
-1.65056e-06
0.00011239
-3.21191e-06
0.000102141
-5.40469e-06
8.61358e-05
-8.98709e-06
6.27809e-05
-1.56951e-05
3.25876e-05
-2.88318e-05
4.35425e-06
-5.12734e-05
-6.32209e-05
5.32365e-05
9.5923e-05
0.000122686
0.000140602
0.000153119
0.000162004
0.000168369
0.000172904
0.000176009
0.000177898
0.000178659
0.000178275
0.000176625
0.000173413
0.000168008
0.000159021
0.000143326
0.000114494
6.32209e-05
)
;

boundaryField
{
    movingWall
    {
        type            calculated;
        value           uniform 0;
    }
    fixedWalls
    {
        type            calculated;
        value           uniform 0;
    }
    frontAndBack
    {
        type            empty;
        value           nonuniform List<scalar> 0();
    }
}


// ************************************************************************* //
