/*--------------------------------*- C++ -*----------------------------------*\
  =========                 |
  \\      /  F ield         | OpenFOAM: The Open Source CFD Toolbox
   \\    /   O peration     | Website:  https://openfoam.org
    \\  /    A nd           | Version:  8
     \\/     M anipulation  |
\*---------------------------------------------------------------------------*/
FoamFile
{
    version     2.0;
    format      ascii;
    class       volScalarField;
    location    "0.3";
    object      p;
}
// * * * * * * * * * * * * * * * * * * * * * * * * * * * * * * * * * * * * * //

dimensions      [0 2 -2 0 0 0 0];

internalField   nonuniform List<scalar> 
400
(
4.69118e-05
-0.0292683
-0.0638409
-0.0897911
-0.0999224
-0.0912201
-0.0632148
-0.0170498
0.0448443
0.118674
0.199128
0.279425
0.351767
0.408296
0.4425
0.450858
0.434404
0.399809
0.359532
0.330909
0.0292587
-0.00117784
-0.0281795
-0.0458011
-0.0512911
-0.0426376
-0.0192921
0.0180931
0.0678429
0.12714
0.191879
0.25672
0.315464
0.36186
0.390756
0.399422
0.388732
0.363614
0.331708
0.302704
0.0658714
0.0238781
-0.00493864
-0.0206885
-0.0251706
-0.0176715
0.00206721
0.0336045
0.0758443
0.126757
0.183103
0.240363
0.293024
0.335279
0.362099
0.370493
0.360701
0.336316
0.30118
0.260378
0.0959282
0.0386452
0.00347027
-0.0141409
-0.0199699
-0.0144854
0.00223817
0.0299006
0.0679142
0.114923
0.168323
0.224017
0.276562
0.319798
0.347922
0.356882
0.345857
0.317361
0.27255
0.214377
0.109237
0.0367056
-0.00583617
-0.0265828
-0.0347654
-0.0317931
-0.0179252
0.00678275
0.04232
0.0880342
0.141926
0.200192
0.257186
0.305938
0.339255
0.351344
0.339793
0.305934
0.248738
0.170327
0.0977072
0.0109854
-0.0388797
-0.0632325
-0.0742902
-0.0741622
-0.0631015
-0.0407525
-0.00640369
0.0401272
0.0975515
0.162397
0.228708
0.288379
0.332233
0.35192
0.342645
0.304066
0.232923
0.131311
0.05449
-0.0450442
-0.101741
-0.129773
-0.143998
-0.147044
-0.138981
-0.118851
-0.0850031
-0.0361719
0.0273403
0.102639
0.183571
0.260727
0.322357
0.356551
0.354909
0.314347
0.228541
0.0998382
-0.0264775
-0.137325
-0.200089
-0.231591
-0.249124
-0.255759
-0.25126
-0.233867
-0.200721
-0.149091
-0.0778178
0.0113018
0.112341
0.214691
0.303559
0.362285
0.377118
0.340299
0.240446
0.0797819
-0.150619
-0.271314
-0.339167
-0.373592
-0.394333
-0.40497
-0.404927
-0.391488
-0.360271
-0.306601
-0.227172
-0.121866
0.00445764
0.140539
0.268405
0.365435
0.410225
0.387255
0.276411
0.0783415
-0.322716
-0.452017
-0.5236
-0.559689
-0.582857
-0.597502
-0.602809
-0.595006
-0.567892
-0.5143
-0.427951
-0.305684
-0.149998
0.0283905
0.20885
0.361957
0.456013
0.463306
0.348882
0.108431
-0.547068
-0.684199
-0.757267
-0.792155
-0.815374
-0.83279
-0.84361
-0.842986
-0.822626
-0.772323
-0.681941
-0.54398
-0.356857
-0.1288
0.118475
0.348907
0.518147
0.580653
0.47736
0.192092
-0.828316
-0.973119
-1.04337
-1.07095
-1.08872
-1.10513
-1.11977
-1.12672
-1.11531
-1.07179
-0.981339
-0.83085
-0.612752
-0.330197
-0.0031101
0.327776
0.604554
0.757849
0.691806
0.365801
-1.17378
-1.32622
-1.3848
-1.39297
-1.39454
-1.402
-1.41562
-1.42817
-1.42621
-1.3919
-1.3051
-1.14606
-0.899521
-0.56077
-0.143919
0.310029
0.731737
1.02351
1.03774
0.689222
-1.59924
-1.75648
-1.78472
-1.75118
-1.71795
-1.70291
-1.70652
-1.71945
-1.72462
-1.69947
-1.61795
-1.45309
-1.18089
-0.78642
-0.273518
0.323385
0.930317
1.42147
1.58396
1.26017
-2.14213
-2.28818
-2.24645
-2.1326
-2.03597
-1.97879
-1.95945
-1.96445
-1.97149
-1.95218
-1.87409
-1.70282
-1.4053
-0.955111
-0.342026
0.414433
1.24811
2.01443
2.43103
2.23674
-2.88915
-2.96558
-2.77163
-2.51527
-2.31603
-2.19262
-2.13561
-2.12333
-2.12556
-2.10651
-2.02676
-1.84454
-1.51774
-1.00833
-0.289374
0.642701
1.74646
2.88063
3.71224
3.8567
-4.03468
-3.86356
-3.35853
-2.86931
-2.51946
-2.30492
-2.19791
-2.16186
-2.15456
-2.13102
-2.04417
-1.84496
-1.48258
-0.906736
-0.0712032
1.05868
2.48451
4.10249
5.59385
6.46952
-6.07324
-5.08708
-3.97105
-3.13809
-2.59224
-2.27125
-2.11403
-2.05881
-2.04643
-2.02139
-1.92945
-1.71515
-1.31938
-0.678693
0.27737
1.62666
3.43835
5.70557
8.31143
10.7912
-10.421
-6.67236
-4.28207
-3.0343
-2.33199
-1.95667
-1.80026
-1.76946
-1.78725
-1.79055
-1.722
-1.52368
-1.13231
-0.474527
0.544576
2.05829
4.25232
7.37618
12.0152
18.4016
-18.8804
-8.18314
-3.56704
-2.08079
-1.46663
-1.21087
-1.17922
-1.26396
-1.38195
-1.47243
-1.48285
-1.36006
-1.04566
-0.466465
0.475951
1.94551
4.26665
8.16455
15.6851
29.3048
)
;

boundaryField
{
    movingWall
    {
        type            zeroGradient;
    }
    fixedWalls
    {
        type            zeroGradient;
    }
    frontAndBack
    {
        type            empty;
    }
}


// ************************************************************************* //
