/*--------------------------------*- C++ -*----------------------------------*\
  =========                 |
  \\      /  F ield         | OpenFOAM: The Open Source CFD Toolbox
   \\    /   O peration     | Website:  https://openfoam.org
    \\  /    A nd           | Version:  8
     \\/     M anipulation  |
\*---------------------------------------------------------------------------*/
FoamFile
{
    version     2.0;
    format      ascii;
    class       surfaceScalarField;
    location    "0.3";
    object      phi;
}
// * * * * * * * * * * * * * * * * * * * * * * * * * * * * * * * * * * * * * //

dimensions      [0 3 -1 0 0 0 0];

internalField   nonuniform List<scalar> 
760
(
6.30532e-08
-6.34469e-08
-1.31675e-07
1.94728e-07
-5.92282e-07
4.60605e-07
-1.23134e-06
6.39059e-07
-1.95732e-06
7.25979e-07
-2.69014e-06
7.32815e-07
-3.36171e-06
6.7157e-07
-3.91346e-06
5.51745e-07
-4.29453e-06
3.81071e-07
-4.46301e-06
1.68475e-07
-4.39036e-06
-7.26502e-08
-4.06824e-06
-3.22117e-07
-3.51561e-06
-5.52625e-07
-2.78377e-06
-7.31838e-07
-1.95659e-06
-8.27177e-07
-1.14374e-06
-8.12852e-07
-4.65654e-07
-6.78089e-07
-3.07361e-08
-4.34916e-07
1.00247e-07
-1.30976e-07
1.00253e-07
-1.93093e-07
1.29646e-07
-9.51151e-07
9.52788e-07
-2.22263e-06
1.73208e-06
-3.84795e-06
2.26438e-06
-5.6436e-06
2.52162e-06
-7.43309e-06
2.52231e-06
-9.05701e-06
2.29549e-06
-1.03752e-05
1.86993e-06
-1.12684e-05
1.27425e-06
-1.16433e-05
5.43444e-07
-1.14427e-05
-2.73325e-07
-1.06572e-05
-1.1076e-06
-9.33828e-06
-1.87154e-06
-7.60507e-06
-2.46504e-06
-5.6421e-06
-2.79015e-06
-3.68283e-06
-2.77212e-06
-1.97689e-06
-2.38403e-06
-7.41946e-07
-1.66987e-06
-1.02883e-07
-7.70052e-07
-2.62529e-09
-4.98074e-07
6.27718e-07
-1.86313e-06
2.31784e-06
-3.90715e-06
3.77611e-06
-6.39337e-06
4.7506e-06
-9.0724e-06
5.20065e-06
-1.17052e-05
5.15508e-06
-1.40732e-05
4.66352e-06
-1.5983e-05
3.77968e-06
-1.72704e-05
2.56166e-06
-1.78089e-05
1.08198e-06
-1.75221e-05
-5.60097e-07
-1.63991e-05
-2.23063e-06
-1.4509e-05
-3.76159e-06
-1.20105e-05
-4.96361e-06
-9.14871e-06
-5.65192e-06
-6.23632e-06
-5.68451e-06
-3.61308e-06
-5.00726e-06
-1.58738e-06
-3.69556e-06
-3.67419e-07
-1.99002e-06
-3.70045e-07
-7.76915e-07
1.40463e-06
-2.72585e-06
4.26677e-06
-5.50323e-06
6.5535e-06
-8.7798e-06
8.02717e-06
-1.22443e-05
8.66518e-06
-1.56106e-05
8.52137e-06
-1.86206e-05
7.67351e-06
-2.10462e-05
6.20524e-06
-2.26931e-05
4.2086e-06
-2.34098e-05
1.79869e-06
-2.31009e-05
-8.69054e-07
-2.17443e-05
-3.58718e-06
-1.94096e-05
-6.09629e-06
-1.62711e-05
-8.10208e-06
-1.2611e-05
-9.31208e-06
-8.80314e-06
-9.49234e-06
-5.27356e-06
-8.53683e-06
-2.43641e-06
-6.53271e-06
-6.18774e-07
-3.80766e-06
-9.88823e-07
-1.02543e-06
2.43007e-06
-3.51542e-06
6.75676e-06
-6.97718e-06
1.00153e-05
-1.09859e-05
1.20358e-05
-1.51708e-05
1.28501e-05
-1.92076e-05
1.25582e-05
-2.28113e-05
1.12772e-05
-2.57313e-05
9.1253e-06
-2.77524e-05
6.22969e-06
-2.87006e-05
2.74693e-06
-2.84567e-05
-1.11301e-06
-2.69746e-05
-5.06929e-06
-2.43043e-05
-8.76657e-06
-2.06137e-05
-1.17927e-05
-1.62024e-05
-1.37233e-05
-1.14976e-05
-1.41971e-05
-7.01991e-06
-1.30146e-05
-3.31562e-06
-1.0237e-05
-8.65907e-07
-6.25737e-06
-1.85473e-06
-1.24721e-06
3.67728e-06
-4.23001e-06
9.73956e-06
-8.32011e-06
1.41053e-05
-1.30019e-05
1.67176e-05
-1.78504e-05
1.76986e-05
-2.25112e-05
1.7219e-05
-2.66823e-05
1.54482e-05
-3.01007e-05
1.25437e-05
-3.25365e-05
8.66557e-06
-3.37948e-05
4.00519e-06
-3.37259e-05
-1.18197e-06
-3.22452e-05
-6.54994e-06
-2.93618e-05
-1.165e-05
-2.52117e-05
-1.59428e-05
-2.00898e-05
-1.88452e-05
-1.44655e-05
-1.98213e-05
-8.96358e-06
-1.85165e-05
-4.2941e-06
-1.49065e-05
-1.13614e-06
-9.41533e-06
-2.99087e-06
-1.4447e-06
5.12199e-06
-4.8693e-06
1.31642e-05
-9.52366e-06
1.87597e-05
-1.48096e-05
2.20036e-05
-2.02554e-05
2.31445e-05
-2.5486e-05
2.24496e-05
-3.0193e-05
2.01552e-05
-3.41116e-05
1.64623e-05
-3.70053e-05
1.15592e-05
-3.86606e-05
5.66051e-06
-3.88935e-05
-9.49095e-07
-3.75677e-05
-7.87565e-06
-3.46287e-05
-1.4589e-05
-3.01504e-05
-2.04211e-05
-2.43912e-05
-2.46045e-05
-1.78399e-05
-2.63726e-05
-1.12252e-05
-2.51313e-05
-5.45353e-06
-2.06781e-05
-1.46109e-06
-1.34078e-05
-4.45197e-06
-1.6187e-06
6.74069e-06
-5.43074e-06
1.69762e-05
-1.05741e-05
2.39031e-05
-1.63759e-05
2.78053e-05
-2.23269e-05
2.90955e-05
-2.80429e-05
2.81656e-05
-3.32227e-05
2.5335e-05
-3.76128e-05
2.08525e-05
-4.09821e-05
1.49285e-05
-4.3107e-05
7.7855e-06
-4.37708e-05
-2.853e-07
-4.27777e-05
-8.86882e-06
-3.99884e-05
-1.73783e-05
-3.53805e-05
-2.5029e-05
-2.91303e-05
-3.08547e-05
-2.17024e-05
-3.38005e-05
-1.39083e-05
-3.29253e-05
-6.87553e-06
-2.7711e-05
-1.874e-06
-1.84093e-05
-6.32596e-06
-1.77011e-06
8.51081e-06
-5.91268e-06
2.11188e-05
-1.14562e-05
2.94467e-05
-1.76574e-05
3.40065e-05
-2.39799e-05
3.5418e-05
-3.00447e-05
3.42303e-05
-3.55746e-05
3.0865e-05
-4.03461e-05
2.5624e-05
-4.41515e-05
1.87338e-05
-4.67735e-05
1.04075e-05
-4.79739e-05
9.15063e-07
-4.74994e-05
-9.34329e-06
-4.51133e-05
-1.97644e-05
-4.06614e-05
-2.94808e-05
-3.41803e-05
-3.73359e-05
-2.60385e-05
-4.19422e-05
-1.70732e-05
-4.18907e-05
-8.63271e-06
-3.61515e-05
-2.40963e-06
-2.46324e-05
-8.73559e-06
-1.90423e-06
1.0415e-05
-6.32352e-06
2.55381e-05
-1.21649e-05
3.5288e-05
-1.86133e-05
4.04549e-05
-2.51161e-05
4.19208e-05
-3.13182e-05
4.04324e-05
-3.69889e-05
3.65356e-05
-4.19581e-05
3.05932e-05
-4.60668e-05
2.28426e-05
-4.913e-05
1.34706e-05
-5.0912e-05
2.69711e-06
-5.11197e-05
-9.1356e-06
-4.94203e-05
-2.14637e-05
-4.55026e-05
-3.33986e-05
-3.9199e-05
-4.36394e-05
-3.06814e-05
-5.04598e-05
-2.07025e-05
-5.18696e-05
-1.07787e-05
-4.60752e-05
-3.10574e-06
-3.23053e-05
-1.18413e-05
-2.03787e-06
1.24529e-05
-6.69667e-06
3.01969e-05
-1.27237e-05
4.13151e-05
-1.92233e-05
4.69545e-05
-2.56415e-05
4.8339e-05
-3.16729e-05
4.64638e-05
-3.71618e-05
4.20244e-05
-4.20215e-05
3.54529e-05
-4.61731e-05
2.69942e-05
-4.9498e-05
1.67955e-05
-5.18009e-05
4.99999e-06
-5.27847e-05
-8.15179e-06
-5.20462e-05
-2.22023e-05
-4.91135e-05
-3.63313e-05
-4.35611e-05
-4.91918e-05
-3.52424e-05
-5.87786e-05
-2.46525e-05
-6.24594e-05
-1.33314e-05
-5.73964e-05
-4.00524e-06
-4.16314e-05
-1.58466e-05
-2.21075e-06
1.46637e-05
-7.11104e-06
3.50972e-05
-1.32059e-05
4.74099e-05
-1.95048e-05
5.32534e-05
-2.54798e-05
5.43141e-05
-3.09141e-05
5.18981e-05
-3.57644e-05
4.68748e-05
-4.00623e-05
3.97508e-05
-4.38435e-05
3.07754e-05
-4.70948e-05
2.00468e-05
-4.97079e-05
7.6131e-06
-5.14364e-05
-6.4233e-06
-5.18608e-05
-2.17778e-05
-5.03834e-05
-3.78086e-05
-4.63009e-05
-5.32743e-05
-3.9032e-05
-6.60475e-05
-2.85838e-05
-7.29076e-05
-1.62421e-05
-6.97381e-05
-5.15816e-06
-5.27154e-05
-2.10047e-05
-2.5039e-06
1.71676e-05
-7.71618e-06
4.03094e-05
-1.37489e-05
5.34427e-05
-1.95121e-05
5.90166e-05
-2.45608e-05
5.93627e-05
-2.88288e-05
5.6166e-05
-3.24355e-05
5.04815e-05
-3.5568e-05
4.28834e-05
-3.84089e-05
3.36163e-05
-4.10854e-05
2.27233e-05
-4.36229e-05
1.01507e-05
-4.589e-05
-4.15621e-06
-4.75326e-05
-2.01353e-05
-4.79105e-05
-3.74307e-05
-4.60875e-05
-5.50974e-05
-4.09834e-05
-7.11515e-05
-3.18671e-05
-8.20239e-05
-1.93401e-05
-8.22651e-05
-6.62039e-06
-6.54351e-05
-2.76251e-05
-3.06911e-06
2.02367e-05
-8.75386e-06
4.59942e-05
-1.4537e-05
5.92258e-05
-1.92779e-05
6.37575e-05
-2.27357e-05
6.28205e-05
-2.50949e-05
5.85253e-05
-2.67011e-05
5.20877e-05
-2.79322e-05
4.41145e-05
-2.9138e-05
3.4822e-05
-3.06051e-05
2.41905e-05
-3.25236e-05
1.20691e-05
-3.49333e-05
-1.74656e-06
-3.76394e-05
-1.74291e-05
-4.009e-05
-3.49801e-05
-4.12508e-05
-5.39366e-05
-3.95933e-05
-7.2809e-05
-3.34637e-05
-8.81535e-05
-2.22307e-05
-9.34981e-05
-8.43725e-06
-7.92285e-05
-3.60624e-05
-4.16909e-06
2.44058e-05
-1.05417e-05
5.23668e-05
-1.56775e-05
6.43616e-05
-1.86034e-05
6.66833e-05
-1.95239e-05
6.37411e-05
-1.90219e-05
5.80232e-05
-1.77375e-05
5.08033e-05
-1.62593e-05
4.26363e-05
-1.50979e-05
3.36607e-05
-1.46859e-05
2.37785e-05
-1.53732e-05
1.27564e-05
-1.73943e-05
2.74546e-07
-2.07895e-05
-1.40339e-05
-2.52466e-05
-3.0523e-05
-2.98624e-05
-4.93208e-05
-3.2889e-05
-6.97824e-05
-3.17666e-05
-8.92759e-05
-2.41037e-05
-0.000101161
-1.0572e-05
-9.27603e-05
-4.66343e-05
-6.18955e-06
3.05953e-05
-1.32815e-05
5.94588e-05
-1.6767e-05
6.78471e-05
-1.64831e-05
6.63994e-05
-1.35027e-05
6.07608e-05
-8.97553e-06
5.3496e-05
-3.86896e-06
4.56967e-05
1.05026e-06
3.77171e-05
5.16949e-06
2.95415e-05
7.97435e-06
2.09736e-05
9.01273e-06
1.1718e-05
7.88828e-06
1.39899e-06
4.31067e-06
-1.04563e-05
-1.76909e-06
-2.44432e-05
-9.85673e-06
-4.12331e-05
-1.84201e-05
-6.1219e-05
-2.43786e-05
-8.33175e-05
-2.3363e-05
-0.000102177
-1.26741e-05
-0.000103449
-5.93084e-05
-9.4518e-06
4.00471e-05
-1.62267e-05
6.62337e-05
-1.56109e-05
6.72312e-05
-9.72938e-06
6.05179e-05
-1.0551e-06
5.20865e-05
8.66166e-06
4.37793e-05
1.82517e-05
3.61067e-05
2.6927e-05
2.90418e-05
3.41189e-05
2.23496e-05
3.93609e-05
1.57316e-05
4.22126e-05
8.86628e-06
4.22165e-05
1.39511e-06
3.88979e-05
-7.13769e-06
3.18274e-05
-1.73728e-05
2.08645e-05
-3.02702e-05
6.75061e-06
-4.71051e-05
-7.80152e-06
-6.87654e-05
-1.70167e-05
-9.29614e-05
-1.3545e-05
-0.000106921
-7.28534e-05
-1.32369e-05
5.3284e-05
-1.48166e-05
6.78134e-05
-4.91085e-06
5.73255e-05
9.8466e-06
4.57605e-05
2.56941e-05
3.6239e-05
4.08668e-05
2.86065e-05
5.44961e-05
2.24774e-05
6.61263e-05
1.74116e-05
7.54763e-05
1.29996e-05
8.23023e-05
8.90562e-06
8.63181e-05
4.85042e-06
8.71417e-05
5.71563e-07
8.42589e-05
-4.25496e-06
7.6979e-05
-1.00929e-05
6.44935e-05
-1.77847e-05
4.62471e-05
-2.88587e-05
2.32049e-05
-4.57232e-05
5.35638e-07
-7.02922e-05
-1.01215e-05
-9.62637e-05
-8.29749e-05
-9.19251e-06
6.24765e-05
8.8704e-06
4.97505e-05
3.49319e-05
3.1264e-05
5.94867e-05
2.12056e-05
8.06523e-05
1.50734e-05
9.83606e-05
1.08983e-05
0.000112872
7.96614e-06
0.000124472
5.81193e-06
0.000133366
4.10463e-06
0.000139644
2.6276e-06
0.000143259
1.23562e-06
0.000144013
-1.81948e-07
0.000141518
-1.76033e-06
0.000135087
-3.66144e-06
0.000123563
-6.26076e-06
0.000105126
-1.04221e-05
7.76754e-05
-1.82723e-05
4.14426e-05
-3.40594e-05
6.66276e-06
-6.14838e-05
-7.63122e-05
6.24765e-05
0.000112227
0.000143491
0.000164697
0.00017977
0.000190668
0.000198635
0.000204446
0.000208551
0.000211179
0.000212414
0.000212232
0.000210472
0.000206811
0.00020055
0.000190128
0.000171855
0.000137796
7.63122e-05
)
;

boundaryField
{
    movingWall
    {
        type            calculated;
        value           uniform 0;
    }
    fixedWalls
    {
        type            calculated;
        value           uniform 0;
    }
    frontAndBack
    {
        type            empty;
        value           nonuniform List<scalar> 0();
    }
}


// ************************************************************************* //
