/*--------------------------------*- C++ -*----------------------------------*\
  =========                 |
  \\      /  F ield         | OpenFOAM: The Open Source CFD Toolbox
   \\    /   O peration     | Website:  https://openfoam.org
    \\  /    A nd           | Version:  8
     \\/     M anipulation  |
\*---------------------------------------------------------------------------*/
FoamFile
{
    version     2.0;
    format      ascii;
    class       volScalarField;
    location    "0.4";
    object      p;
}
// * * * * * * * * * * * * * * * * * * * * * * * * * * * * * * * * * * * * * //

dimensions      [0 2 -2 0 0 0 0];

internalField   nonuniform List<scalar> 
400
(
8.81994e-06
-0.0198481
-0.0435202
-0.0613158
-0.0679801
-0.0612755
-0.0409582
-0.00810615
0.0352225
0.0860926
0.14073
0.194637
0.242894
0.280689
0.304069
0.310831
0.301431
0.279742
0.253461
0.233847
0.0197365
-0.000802763
-0.0192922
-0.0313877
-0.0348772
-0.0282423
-0.0111809
0.0156082
0.0506408
0.0916922
0.135818
0.179463
0.218722
0.24979
0.269574
0.276396
0.270669
0.255212
0.234466
0.214493
0.0447988
0.0164447
-0.0033697
-0.0142686
-0.0170581
-0.0110989
0.00369448
0.0267359
0.0568958
0.0924413
0.130972
0.169465
0.204481
0.232555
0.250748
0.257284
0.252204
0.237427
0.214703
0.186796
0.0660679
0.0272659
0.00294898
-0.00930294
-0.012887
-0.00795972
0.00528606
0.0262678
0.0540882
0.0873575
0.124018
0.161293
0.195828
0.224036
0.242632
0.249301
0.243477
0.226322
0.197568
0.158215
0.0770988
0.0277067
-0.0018638
-0.0162601
-0.0211151
-0.0172386
-0.00503991
0.0149221
0.0419711
0.0750211
0.112279
0.151092
0.187995
0.219012
0.240187
0.248337
0.242053
0.221734
0.185425
0.133156
0.0729058
0.0133805
-0.0214703
-0.0381831
-0.0443539
-0.0413143
-0.0296006
-0.00968465
0.0180177
0.052742
0.0929531
0.136069
0.178401
0.215377
0.242063
0.254037
0.248709
0.225534
0.180904
0.114328
0.049237
-0.0198452
-0.0596815
-0.0785262
-0.0857794
-0.0832084
-0.0713934
-0.050634
-0.0210024
0.017141
0.0625914
0.11288
0.164064
0.210828
0.246953
0.266321
0.26465
0.240012
0.186778
0.104046
0.00211467
-0.0759548
-0.120267
-0.140765
-0.148627
-0.146039
-0.133566
-0.111241
-0.0786628
-0.035634
0.0171453
0.0774807
0.141271
0.202405
0.253098
0.284987
0.291359
0.2681
0.206636
0.105375
-0.0724229
-0.158999
-0.207085
-0.228424
-0.236123
-0.232864
-0.219179
-0.19474
-0.158511
-0.109504
-0.0476333
0.0254876
0.105862
0.186693
0.258446
0.30991
0.330946
0.313959
0.245757
0.123238
-0.178485
-0.27326
-0.324096
-0.344891
-0.351108
-0.34614
-0.330537
-0.303524
-0.263237
-0.207606
-0.135367
-0.0470899
0.0538119
0.160217
0.260875
0.341201
0.386422
0.383576
0.312104
0.165688
-0.320605
-0.423531
-0.475398
-0.49312
-0.495447
-0.486907
-0.468184
-0.437985
-0.393401
-0.330933
-0.247665
-0.14251
-0.0175823
0.12038
0.25885
0.37965
0.462149
0.485519
0.417641
0.245673
-0.50447
-0.615725
-0.665346
-0.675248
-0.669259
-0.65373
-0.62964
-0.595079
-0.54583
-0.476577
-0.382229
-0.259335
-0.107787
0.0671659
0.252761
0.427689
0.564633
0.632003
0.580174
0.383757
-0.738729
-0.858102
-0.898807
-0.89205
-0.869907
-0.841449
-0.808008
-0.766817
-0.711979
-0.63592
-0.530839
-0.390214
-0.210683
0.00544195
0.246943
0.490964
0.703776
0.840372
0.826047
0.612713
-1.03927
-1.16359
-1.1814
-1.14204
-1.09069
-1.03982
-0.990717
-0.93914
-0.876872
-0.793531
-0.678097
-0.520352
-0.312719
-0.0529697
0.251709
0.58002
0.894219
1.13485
1.19416
0.985835
-1.43887
-1.55369
-1.51907
-1.41954
-1.31888
-1.23205
-1.15871
-1.09169
-1.01936
-0.927771
-0.80217
-0.628189
-0.393308
-0.0892785
0.28363
0.710479
1.15526
1.54719
1.74082
1.591
-2.00645
-2.06381
-1.91602
-1.71152
-1.53343
-1.39385
-1.28677
-1.19935
-1.11472
-1.01422
-0.878891
-0.689908
-0.429371
-0.0818739
0.362127
0.900234
1.50806
2.1139
2.54123
2.56742
-2.88571
-2.74806
-2.37171
-1.99662
-1.70584
-1.4959
-1.34775
-1.23789
-1.1413
-1.03339
-0.890462
-0.689102
-0.405787
-0.0169865
0.499623
1.16142
1.96892
2.86899
3.68821
4.13155
-4.42761
-3.67569
-2.85376
-2.22774
-1.79165
-1.50176
-1.31497
-1.18951
-1.08859
-0.980736
-0.837628
-0.631751
-0.334294
0.0871581
0.67107
1.46348
2.50719
3.80611
5.30684
6.73435
-7.61638
-4.86967
-3.12881
-2.1986
-1.64625
-1.31688
-1.13133
-1.02455
-0.947496
-0.86378
-0.743132
-0.556546
-0.272977
0.146247
0.754762
1.6334
2.89535
4.70306
7.47947
11.4342
-13.5245
-6.02377
-2.71952
-1.59228
-1.09152
-0.847911
-0.752899
-0.729216
-0.724271
-0.70373
-0.640931
-0.510832
-0.285329
0.0709733
0.61238
1.43736
2.74195
4.98891
9.62621
18.4708
)
;

boundaryField
{
    movingWall
    {
        type            zeroGradient;
    }
    fixedWalls
    {
        type            zeroGradient;
    }
    frontAndBack
    {
        type            empty;
    }
}


// ************************************************************************* //
