/*--------------------------------*- C++ -*----------------------------------*\
  =========                 |
  \\      /  F ield         | OpenFOAM: The Open Source CFD Toolbox
   \\    /   O peration     | Website:  https://openfoam.org
    \\  /    A nd           | Version:  8
     \\/     M anipulation  |
\*---------------------------------------------------------------------------*/
FoamFile
{
    version     2.0;
    format      ascii;
    class       surfaceScalarField;
    location    "0.4";
    object      phi;
}
// * * * * * * * * * * * * * * * * * * * * * * * * * * * * * * * * * * * * * //

dimensions      [0 3 -1 0 0 0 0];

internalField   nonuniform List<scalar> 
760
(
4.44963e-08
-4.45711e-08
-8.52844e-08
1.29781e-07
-3.98512e-07
3.13227e-07
-8.369e-07
4.38387e-07
-1.33631e-06
4.99415e-07
-1.83898e-06
5.0267e-07
-2.29568e-06
4.56699e-07
-2.66538e-06
3.69704e-07
-2.91465e-06
2.49267e-07
-3.01815e-06
1.035e-07
-2.96068e-06
-5.74725e-08
-2.74026e-06
-2.2042e-07
-2.37146e-06
-3.6881e-07
-1.88772e-06
-4.83741e-07
-1.34156e-06
-5.46158e-07
-8.01294e-07
-5.40262e-07
-3.43414e-07
-4.57881e-07
-4.02351e-08
-3.03182e-07
6.13878e-08
-1.01629e-07
6.13835e-08
-1.2613e-07
8.15578e-08
-6.3466e-07
6.3831e-07
-1.49735e-06
1.17592e-06
-2.60714e-06
1.54817e-06
-3.83575e-06
1.72802e-06
-5.05741e-06
1.72433e-06
-6.15881e-06
1.5581e-06
-7.04292e-06
1.25381e-06
-7.63107e-06
8.37414e-07
-7.86585e-06
3.38281e-07
-7.71577e-06
-2.07554e-07
-7.18108e-06
-7.55101e-07
-6.29947e-06
-1.25043e-06
-5.14917e-06
-1.63404e-06
-3.84746e-06
-1.84787e-06
-2.54176e-06
-1.84596e-06
-1.39185e-06
-1.60779e-06
-5.42491e-07
-1.15254e-06
-8.57468e-08
-5.58369e-07
-2.43679e-08
-3.29085e-07
4.1064e-07
-1.24534e-06
1.55456e-06
-2.63059e-06
2.56117e-06
-4.32502e-06
3.2426e-06
-6.15396e-06
3.55696e-06
-7.94737e-06
3.51774e-06
-9.55059e-06
3.16132e-06
-1.08301e-05
2.53337e-06
-1.16778e-05
1.68504e-06
-1.20151e-05
6.75603e-07
-1.17998e-05
-4.22801e-07
-1.10332e-05
-1.52178e-06
-9.7664e-06
-2.5172e-06
-8.10488e-06
-3.29557e-06
-6.20582e-06
-3.74694e-06
-4.26726e-06
-3.78452e-06
-2.50595e-06
-3.3691e-06
-1.12449e-06
-2.534e-06
-2.70929e-07
-1.41193e-06
-2.95299e-07
-5.14178e-07
9.24816e-07
-1.82371e-06
2.86409e-06
-3.70732e-06
4.44479e-06
-5.94105e-06
5.47634e-06
-8.30563e-06
5.92154e-06
-1.05965e-05
5.8086e-06
-1.26305e-05
5.19534e-06
-1.42503e-05
4.15312e-06
-1.53278e-05
2.76253e-06
-1.57694e-05
1.11725e-06
-1.55228e-05
-6.69364e-07
-1.45852e-05
-2.45941e-06
-1.30115e-05
-4.09095e-06
-1.09202e-05
-5.38682e-06
-8.49383e-06
-6.17331e-06
-5.96899e-06
-6.30937e-06
-3.6147e-06
-5.72339e-06
-1.69819e-06
-4.4505e-06
-4.43939e-07
-2.66617e-06
-7.39238e-07
-6.80367e-07
1.60518e-06
-2.35892e-06
4.54264e-06
-4.71409e-06
6.79996e-06
-7.45387e-06
8.21612e-06
-1.03144e-05
8.78205e-06
-1.30614e-05
8.55564e-06
-1.54911e-05
7.625e-06
-1.74299e-05
6.09196e-06
-1.87364e-05
4.06897e-06
-1.93042e-05
1.68512e-06
-1.90692e-05
-9.04398e-07
-1.80179e-05
-3.51075e-06
-1.61984e-05
-5.91044e-06
-1.37304e-05
-7.85478e-06
-1.08106e-05
-9.09311e-06
-7.70865e-06
-9.41132e-06
-4.74897e-06
-8.68307e-06
-2.27637e-06
-6.92311e-06
-6.10192e-07
-4.33235e-06
-1.34943e-06
-8.32465e-07
2.43764e-06
-2.85636e-06
6.56653e-06
-5.65589e-06
9.59949e-06
-8.87161e-06
1.14318e-05
-1.21965e-05
1.21069e-05
-1.53707e-05
1.17299e-05
-1.81756e-05
1.04299e-05
-2.0428e-05
8.34435e-06
-2.19773e-05
5.61832e-06
-2.27064e-05
2.41414e-06
-2.2536e-05
-1.07476e-06
-2.1435e-05
-4.61175e-06
-1.94336e-05
-7.91188e-06
-1.66393e-05
-1.06491e-05
-1.32514e-05
-1.2481e-05
-9.56693e-06
-1.30958e-05
-5.96974e-06
-1.22803e-05
-2.89742e-06
-9.99543e-06
-7.85594e-07
-6.44418e-06
-2.13502e-06
-9.74765e-07
3.41241e-06
-3.32298e-06
8.91474e-06
-6.53871e-06
1.28152e-05
-1.0197e-05
1.50901e-05
-1.39507e-05
1.58606e-05
-1.75195e-05
1.52988e-05
-2.06768e-05
1.35871e-05
-2.32364e-05
1.09039e-05
-2.50442e-05
7.42611e-06
-2.59741e-05
3.34413e-06
-2.59306e-05
-1.11825e-06
-2.48576e-05
-5.68484e-06
-2.2755e-05
-1.00145e-05
-1.97026e-05
-1.37014e-05
-1.58862e-05
-1.62974e-05
-1.16185e-05
-1.73634e-05
-7.34341e-06
-1.65554e-05
-3.60651e-06
-1.37323e-05
-9.88042e-07
-9.06265e-06
-3.12306e-06
-1.11047e-06
4.52288e-06
-3.76412e-06
1.15684e-05
-7.3644e-06
1.64155e-05
-1.14218e-05
1.91476e-05
-1.55534e-05
1.99922e-05
-1.94659e-05
1.92112e-05
-2.29333e-05
1.70546e-05
-2.57761e-05
1.37467e-05
-2.78445e-05
9.49457e-06
-2.90092e-05
4.5088e-06
-2.91586e-05
-9.68819e-07
-2.82067e-05
-6.63675e-06
-2.61113e-05
-1.21099e-05
-2.29049e-05
-1.69078e-05
-1.87362e-05
-2.04662e-05
-1.39126e-05
-2.2187e-05
-8.92793e-06
-2.15401e-05
-4.44839e-06
-1.82119e-05
-1.2359e-06
-1.22751e-05
-4.35895e-06
-1.24268e-06
5.76556e-06
-4.18476e-06
1.45105e-05
-8.13152e-06
2.03623e-05
-1.25273e-05
2.35434e-05
-1.69588e-05
2.44236e-05
-2.11297e-05
2.33822e-05
-2.48281e-05
2.07529e-05
-2.78938e-05
1.68124e-05
-3.01942e-05
1.17949e-05
-3.1606e-05
5.92064e-06
-3.20078e-05
-5.67072e-07
-3.12824e-05
-7.36209e-06
-2.93353e-05
-1.4057e-05
-2.61304e-05
-2.01127e-05
-2.17472e-05
-2.48494e-05
-1.64514e-05
-2.74828e-05
-1.07604e-05
-2.72311e-05
-5.46335e-06
-2.35089e-05
-1.54805e-06
-1.61905e-05
-5.907e-06
-1.37694e-06
7.14249e-06
-4.59464e-06
1.77282e-05
-8.84097e-06
2.46086e-05
-1.34885e-05
2.81909e-05
-1.81008e-05
2.90359e-05
-2.2394e-05
2.76754e-05
-2.61874e-05
2.45463e-05
-2.93593e-05
1.99843e-05
-3.1811e-05
1.42467e-05
-3.34416e-05
7.55128e-06
-3.41318e-05
1.2307e-07
-3.37395e-05
-7.75431e-06
-3.21131e-05
-1.56834e-05
-2.91276e-05
-2.30982e-05
-2.47542e-05
-2.92229e-05
-1.9163e-05
-3.3074e-05
-1.28422e-05
-3.35518e-05
-6.6836e-06
-2.96676e-05
-1.94508e-06
-2.0929e-05
-7.85208e-06
-1.52584e-06
8.66833e-06
-5.01685e-06
2.12192e-05
-9.50478e-06
2.90965e-05
-1.42805e-05
3.29666e-05
-1.88972e-05
3.36526e-05
-2.31053e-05
3.18835e-05
-2.67806e-05
2.82216e-05
-2.98635e-05
2.30671e-05
-3.23123e-05
1.66955e-05
-3.407e-05
9.30893e-06
-3.50391e-05
1.09218e-06
-3.50684e-05
-7.725e-06
-3.39545e-05
-1.67973e-05
-3.14709e-05
-2.55818e-05
-2.74399e-05
-3.32538e-05
-2.18648e-05
-3.86491e-05
-1.51169e-05
-4.02997e-05
-8.12763e-06
-3.66568e-05
-2.45139e-06
-2.66052e-05
-1.03035e-05
-1.71639e-06
1.03847e-05
-5.49948e-06
2.50023e-05
-1.01549e-05
3.3752e-05
-1.48813e-05
3.7693e-05
-1.92456e-05
3.80169e-05
-2.30679e-05
3.57059e-05
-2.63141e-05
3.14679e-05
-2.9016e-05
2.5769e-05
-3.12154e-05
1.88949e-05
-3.29241e-05
1.10177e-05
-3.40931e-05
2.2611e-06
-3.45875e-05
-7.23055e-06
-3.4173e-05
-1.72117e-05
-3.25249e-05
-2.723e-05
-2.92867e-05
-3.64919e-05
-2.42149e-05
-4.3721e-05
-1.74354e-05
-4.70792e-05
-9.78886e-06
-4.43034e-05
-3.09821e-06
-3.32959e-05
-1.34017e-05
-2.00199e-06
1.23867e-05
-6.12892e-06
2.91292e-05
-1.08448e-05
3.84679e-05
-1.52578e-05
4.2106e-05
-1.9e-05
4.1759e-05
-2.20168e-05
3.87226e-05
-2.44086e-05
3.38597e-05
-2.63313e-05
2.76917e-05
-2.79352e-05
2.04988e-05
-2.93247e-05
1.24072e-05
-3.05264e-05
3.46281e-06
-3.14561e-05
-6.3009e-06
-3.18858e-05
-1.6782e-05
-3.14226e-05
-2.76932e-05
-2.95297e-05
-3.83848e-05
-2.56488e-05
-4.76019e-05
-1.95012e-05
-5.32268e-05
-1.16119e-05
-5.21927e-05
-3.92732e-06
-4.09804e-05
-1.7329e-05
-2.48119e-06
1.48679e-05
-7.03712e-06
3.36851e-05
-1.16229e-05
4.30536e-05
-1.53085e-05
4.57916e-05
-1.78961e-05
4.43467e-05
-1.95421e-05
4.03687e-05
-2.05359e-05
3.48534e-05
-2.11861e-05
2.8342e-05
-2.17666e-05
2.10792e-05
-2.24867e-05
1.31274e-05
-2.34678e-05
4.44388e-06
-2.47095e-05
-5.05917e-06
-2.60422e-05
-1.54493e-05
-2.70679e-05
-2.66675e-05
-2.71183e-05
-3.83345e-05
-2.53026e-05
-4.94176e-05
-2.07824e-05
-5.7747e-05
-1.34407e-05
-5.95344e-05
-4.99054e-06
-4.94306e-05
-2.23195e-05
-3.32034e-06
1.81883e-05
-8.37398e-06
3.87388e-05
-1.2425e-05
4.71047e-05
-1.46993e-05
4.80659e-05
-1.53688e-05
4.50162e-05
-1.49193e-05
3.99191e-05
-1.38796e-05
3.38137e-05
-1.27209e-05
2.71833e-05
-1.18302e-05
2.01886e-05
-1.15088e-05
1.2806e-05
-1.19692e-05
4.9043e-06
-1.33143e-05
-3.71412e-06
-1.54856e-05
-1.3278e-05
-1.81737e-05
-2.39794e-05
-2.06979e-05
-3.58103e-05
-2.19198e-05
-4.81956e-05
-2.03676e-05
-5.92992e-05
-1.48988e-05
-6.50032e-05
-6.32325e-06
-5.80061e-05
-2.86428e-05
-4.7458e-06
2.29341e-05
-1.01418e-05
4.41347e-05
-1.27485e-05
4.97114e-05
-1.24688e-05
4.77862e-05
-1.01695e-05
4.27169e-05
-6.78386e-06
3.65335e-05
-3.08641e-06
3.01162e-05
3.32144e-07
2.37647e-05
3.02938e-06
1.74913e-05
4.66592e-06
1.11694e-05
4.97694e-06
4.59328e-06
3.76888e-06
-2.50606e-06
9.55745e-07
-1.04648e-05
-3.34409e-06
-1.96796e-05
-8.62587e-06
-3.05285e-05
-1.37427e-05
-4.30788e-05
-1.67244e-05
-5.63175e-05
-1.51156e-05
-6.66119e-05
-7.81951e-06
-6.53022e-05
-3.64623e-05
-6.87496e-06
2.9809e-05
-1.15795e-05
4.88392e-05
-1.07909e-05
4.89228e-05
-6.18151e-06
4.31768e-05
3.27616e-07
3.62078e-05
7.37494e-06
2.94862e-05
1.4073e-05
2.34181e-05
1.98575e-05
1.79803e-05
2.43553e-05
1.29935e-05
2.72901e-05
8.23464e-06
2.84221e-05
3.46125e-06
2.75192e-05
-1.6031e-06
2.43619e-05
-7.30761e-06
1.88078e-05
-1.41255e-05
1.09725e-05
-2.26932e-05
1.60715e-06
-3.37135e-05
-7.32082e-06
-4.73896e-05
-1.21825e-05
-6.17502e-05
-8.87535e-06
-6.86094e-05
-4.53377e-05
-8.9807e-06
3.87897e-05
-9.25782e-06
4.91164e-05
-1.42542e-06
4.10904e-05
9.62997e-06
3.21214e-05
2.11233e-05
2.47145e-05
3.17581e-05
1.88514e-05
4.09408e-05
1.42354e-05
4.84087e-05
1.05124e-05
5.40375e-05
7.36482e-06
5.77332e-05
4.53886e-06
5.93721e-05
1.82236e-06
5.87623e-05
-9.93258e-07
5.56164e-05
-4.16177e-06
4.95493e-05
-8.05839e-06
4.01548e-05
-1.32987e-05
2.73159e-05
-2.08745e-05
1.20242e-05
-3.20979e-05
-2.08908e-06
-4.76369e-05
-7.595e-06
-6.31035e-05
-5.29327e-05
-4.9529e-06
4.37426e-05
8.85383e-06
3.53096e-05
2.78815e-05
2.20628e-05
4.54489e-05
1.4554e-05
6.01856e-05
9.97786e-06
7.20959e-05
6.94103e-06
8.14671e-05
4.86422e-06
8.86014e-05
3.37801e-06
9.37314e-05
2.23484e-06
9.69927e-05
1.27755e-06
9.84141e-05
4.01006e-07
9.79063e-05
-4.85498e-07
9.52198e-05
-1.4752e-06
8.98855e-05
-2.72411e-06
8.11126e-05
-4.52576e-06
6.77452e-05
-7.5072e-06
4.86555e-05
-1.30081e-05
2.44996e-05
-2.3481e-05
2.51431e-06
-4.11182e-05
-5.04184e-05
4.37426e-05
7.90522e-05
0.000101115
0.000115669
0.000125647
0.000132588
0.000137452
0.00014083
0.000143065
0.000144342
0.000144743
0.000144258
0.000142783
0.000140059
0.000135533
0.000128026
0.000115018
9.15365e-05
5.04184e-05
)
;

boundaryField
{
    movingWall
    {
        type            calculated;
        value           uniform 0;
    }
    fixedWalls
    {
        type            calculated;
        value           uniform 0;
    }
    frontAndBack
    {
        type            empty;
        value           nonuniform List<scalar> 0();
    }
}


// ************************************************************************* //
