/*--------------------------------*- C++ -*----------------------------------*\
  =========                 |
  \\      /  F ield         | OpenFOAM: The Open Source CFD Toolbox
   \\    /   O peration     | Website:  https://openfoam.org
    \\  /    A nd           | Version:  8
     \\/     M anipulation  |
\*---------------------------------------------------------------------------*/
FoamFile
{
    version     2.0;
    format      ascii;
    class       volVectorField;
    location    "0.4";
    object      U;
}
// * * * * * * * * * * * * * * * * * * * * * * * * * * * * * * * * * * * * * //

dimensions      [0 1 -1 0 0 0 0];

internalField   nonuniform List<vector> 
400
(
(0.000822119 -0.000819501 0)
(0.00033341 0.00043031 0)
(-0.00422267 0.00192441 0)
(-0.0119801 0.0029457 0)
(-0.0216077 0.00345101 0)
(-0.0318571 0.0035153 0)
(-0.0416484 0.00322009 0)
(-0.050076 0.00263224 0)
(-0.0563926 0.00180481 0)
(-0.0600047 0.000789888 0)
(-0.0604966 -0.000345978 0)
(-0.0576847 -0.00151051 0)
(-0.0516853 -0.00258181 0)
(-0.0429754 -0.00341442 0)
(-0.0324232 -0.00385587 0)
(-0.021262 -0.00377312 0)
(-0.0109833 -0.00308781 0)
(-0.00313698 -0.00181761 0)
(0.000982993 -0.000177816 0)
(0.00098862 0.000960402 0)
(-0.000364782 -0.000415207 0)
(-0.00581684 0.00581111 0)
(-0.0198407 0.0123167 0)
(-0.0401915 0.0168615 0)
(-0.0641889 0.0191064 0)
(-0.0892599 0.0192055 0)
(-0.112993 0.0174392 0)
(-0.133267 0.0141039 0)
(-0.148311 0.0094919 0)
(-0.156748 0.00392405 0)
(-0.157664 -0.00220226 0)
(-0.150722 -0.00837863 0)
(-0.136283 -0.0139814 0)
(-0.115502 -0.0183092 0)
(-0.0903596 -0.020666 0)
(-0.0635646 -0.0204889 0)
(-0.038282 -0.0175108 0)
(-0.0176693 -0.0119421 0)
(-0.00440843 -0.00477833 0)
(4.50681e-05 0.00110209 0)
(-0.00196099 0.00412769 0)
(-0.013132 0.0200102 0)
(-0.036705 0.0348011 0)
(-0.0684684 0.0450245 0)
(-0.104572 0.0499123 0)
(-0.141591 0.04965 0)
(-0.176267 0.0447836 0)
(-0.205686 0.0359866 0)
(-0.227411 0.0239984 0)
(-0.23955 0.00966856 0)
(-0.240865 -0.00596428 0)
(-0.230914 -0.0216163 0)
(-0.210197 -0.0357647 0)
(-0.180276 -0.0467433 0)
(-0.143808 -0.0529391 0)
(-0.104427 -0.0530874 0)
(-0.0663833 -0.0466407 0)
(-0.0339641 -0.0341553 0)
(-0.0111884 -0.0177685 0)
(-0.00134999 -0.00243649 0)
(-0.00338197 0.0126195 0)
(-0.0199989 0.0424193 0)
(-0.052798 0.0677413 0)
(-0.0952824 0.0846651 0)
(-0.14235 0.0922882 0)
(-0.189863 0.0909603 0)
(-0.23396 0.0815837 0)
(-0.271205 0.0653032 0)
(-0.298719 0.0434187 0)
(-0.314262 0.0174443 0)
(-0.31634 -0.0107808 0)
(-0.304364 -0.039014 0)
(-0.278821 -0.0646254 0)
(-0.241432 -0.0847531 0)
(-0.195231 -0.0966234 0)
(-0.144487 -0.0980366 0)
(-0.0943457 -0.0879711 0)
(-0.0502253 -0.0671944 0)
(-0.0177649 -0.0388562 0)
(-0.00259452 -0.00959533 0)
(-0.00461642 0.0246222 0)
(-0.026265 0.0724183 0)
(-0.0678014 0.110279 0)
(-0.12041 0.134578 0)
(-0.177694 0.144737 0)
(-0.234856 0.141532 0)
(-0.287567 0.126375 0)
(-0.332034 0.10097 0)
(-0.365095 0.0672403 0)
(-0.384248 0.0274137 0)
(-0.387756 -0.0158187 0)
(-0.374796 -0.0591877 0)
(-0.34567 -0.0988515 0)
(-0.302018 -0.130588 0)
(-0.246999 -0.150225 0)
(-0.185337 -0.154316 0)
(-0.123034 -0.141013 0)
(-0.0668022 -0.110943 0)
(-0.0242545 -0.0679551 0)
(-0.00372352 -0.0201096 0)
(-0.00572414 0.0397975 0)
(-0.0320417 0.109546 0)
(-0.0818042 0.161957 0)
(-0.143957 0.194282 0)
(-0.210824 0.206744 0)
(-0.277001 0.200882 0)
(-0.337798 0.178812 0)
(-0.3892 0.1429 0)
(-0.427872 0.0957203 0)
(-0.451126 0.0402022 0)
(-0.456967 -0.020142 0)
(-0.444242 -0.0810335 0)
(-0.412873 -0.13738 0)
(-0.364163 -0.183459 0)
(-0.301133 -0.213418 0)
(-0.228763 -0.222132 0)
(-0.15388 -0.206385 0)
(-0.0846837 -0.166125 0)
(-0.0311825 -0.105512 0)
(-0.00488642 -0.0339831 0)
(-0.00675596 0.057907 0)
(-0.0374563 0.153365 0)
(-0.0949472 0.222258 0)
(-0.166014 0.263209 0)
(-0.241755 0.277735 0)
(-0.316235 0.268508 0)
(-0.384528 0.23858 0)
(-0.442539 0.19108 0)
(-0.486893 0.129236 0)
(-0.514798 0.056604 0)
(-0.524013 -0.0225954 0)
(-0.512966 -0.103184 0)
(-0.481004 -0.178863 0)
(-0.428807 -0.242318 0)
(-0.358916 -0.285711 0)
(-0.276263 -0.301689 0)
(-0.188359 -0.284918 0)
(-0.105026 -0.233875 0)
(-0.0391777 -0.152479 0)
(-0.00625087 -0.0515709 0)
(-0.00774985 0.0787873 0)
(-0.0426132 0.203478 0)
(-0.107331 0.290592 0)
(-0.186547 0.340616 0)
(-0.27019 0.35689 0)
(-0.351912 0.343634 0)
(-0.426722 0.305097 0)
(-0.490635 0.245279 0)
(-0.54042 0.16803 0)
(-0.573318 0.077406 0)
(-0.586913 -0.0218691 0)
(-0.579176 -0.123936 0)
(-0.548711 -0.221455 0)
(-0.495254 -0.305525 0)
(-0.420421 -0.366058 0)
(-0.328608 -0.392841 0)
(-0.22764 -0.37743 0)
(-0.128941 -0.315678 0)
(-0.0488948 -0.210356 0)
(-0.00799423 -0.0735976 0)
(-0.00874339 0.102333 0)
(-0.0476195 0.259525 0)
(-0.119037 0.366276 0)
(-0.205404 0.425498 0)
(-0.295521 0.442974 0)
(-0.382796 0.424969 0)
(-0.462415 0.377229 0)
(-0.530773 0.304738 0)
(-0.585042 0.211921 0)
(-0.622731 0.103142 0)
(-0.64141 -0.0166574 0)
(-0.638652 -0.141285 0)
(-0.612221 -0.262689 0)
(-0.560596 -0.370568 0)
(-0.483921 -0.452456 0)
(-0.385332 -0.494646 0)
(-0.272249 -0.484363 0)
(-0.157343 -0.413171 0)
(-0.0609974 -0.281147 0)
(-0.0103158 -0.101163 0)
(-0.00980308 0.128516 0)
(-0.0526701 0.321193 0)
(-0.130248 0.448471 0)
(-0.222425 0.516421 0)
(-0.316903 0.534087 0)
(-0.407096 0.510385 0)
(-0.488713 0.45292 0)
(-0.558901 0.367784 0)
(-0.615599 0.259912 0)
(-0.656919 0.133746 0)
(-0.68071 -0.00592488 0)
(-0.684347 -0.153058 0)
(-0.664789 -0.299422 0)
(-0.619033 -0.433776 0)
(-0.545161 -0.541425 0)
(-0.444084 -0.604714 0)
(-0.321625 -0.605153 0)
(-0.19078 -0.527722 0)
(-0.0761696 -0.367219 0)
(-0.0134659 -0.135764 0)
(-0.0110766 0.157468 0)
(-0.0581917 0.388303 0)
(-0.141426 0.536145 0)
(-0.237594 0.611347 0)
(-0.333344 0.627358 0)
(-0.4225 0.596542 0)
(-0.501793 0.528777 0)
(-0.569615 0.431396 0)
(-0.625142 0.309756 0)
(-0.667533 0.168123 0)
(-0.695334 0.0107044 0)
(-0.706097 -0.157204 0)
(-0.696218 -0.327947 0)
(-0.661181 -0.490149 0)
(-0.596518 -0.627513 0)
(-0.499789 -0.718399 0)
(-0.373502 -0.737326 0)
(-0.229168 -0.659743 0)
(-0.0951345 -0.471053 0)
(-0.017795 -0.179347 0)
(-0.0128844 0.189697 0)
(-0.0650639 0.460981 0)
(-0.153546 0.62802 0)
(-0.251162 0.707367 0)
(-0.343693 0.71858 0)
(-0.426069 0.678477 0)
(-0.496767 0.599657 0)
(-0.556061 0.490788 0)
(-0.604911 0.357531 0)
(-0.644023 0.203696 0)
(-0.673157 0.0324698 0)
(-0.690572 -0.152255 0)
(-0.692601 -0.344326 0)
(-0.673523 -0.533428 0)
(-0.62614 -0.70291 0)
(-0.543623 -0.827919 0)
(-0.422998 -0.875282 0)
(-0.271319 -0.807614 0)
(-0.118649 -0.594802 0)
(-0.0238335 -0.234429 0)
(-0.0158811 0.226486 0)
(-0.0749342 0.539918 0)
(-0.168274 0.72241 0)
(-0.263515 0.800261 0)
(-0.346231 0.801675 0)
(-0.413686 0.749117 0)
(-0.467157 0.658272 0)
(-0.509555 0.539092 0)
(-0.544171 0.39733 0)
(-0.573724 0.236047 0)
(-0.599673 0.0570131 0)
(-0.621594 -0.137891 0)
(-0.636504 -0.34499 0)
(-0.638227 -0.556511 0)
(-0.61725 -0.757412 0)
(-0.561832 -0.921579 0)
(-0.461307 -1.0088 0)
(-0.314075 -0.966036 0)
(-0.147398 -0.739464 0)
(-0.0324105 -0.304301 0)
(-0.0213323 0.270621 0)
(-0.0906009 0.626593 0)
(-0.187805 0.816676 0)
(-0.27429 0.883625 0)
(-0.337269 0.867892 0)
(-0.378494 0.798739 0)
(-0.403457 0.694925 0)
(-0.418491 0.567304 0)
(-0.429603 0.421299 0)
(-0.441749 0.258889 0)
(-0.45836 0.0801364 0)
(-0.480826 -0.115491 0)
(-0.507695 -0.327576 0)
(-0.533546 -0.55239 0)
(-0.54784 -0.779017 0)
(-0.534533 -0.983474 0)
(-0.473858 -1.12148 0)
(-0.35071 -1.12366 0)
(-0.181527 -0.903271 0)
(-0.0447671 -0.39325 0)
(-0.0314928 0.32754 0)
(-0.116174 0.723025 0)
(-0.213512 0.905734 0)
(-0.279506 0.947224 0)
(-0.30753 0.90466 0)
(-0.307246 0.814489 0)
(-0.289973 0.697637 0)
(-0.265938 0.564807 0)
(-0.24377 0.420325 0)
(-0.230361 0.264681 0)
(-0.23089 0.0961097 0)
(-0.248662 -0.0883629 0)
(-0.284425 -0.291838 0)
(-0.334983 -0.51566 0)
(-0.391031 -0.755575 0)
(-0.434633 -0.994347 0)
(-0.437738 -1.18973 0)
(-0.367887 -1.26 0)
(-0.219012 -1.07865 0)
(-0.0623586 -0.506488 0)
(-0.0496639 0.407167 0)
(-0.155605 0.829905 0)
(-0.240816 0.978418 0)
(-0.263937 0.974077 0)
(-0.234057 0.894207 0)
(-0.173099 0.780446 0)
(-0.0990579 0.653213 0)
(-0.0254525 0.52101 0)
(0.0375858 0.385866 0)
(0.0824052 0.24634 0)
(0.103056 0.0989507 0)
(0.0949034 -0.0612265 0)
(0.0548897 -0.240226 0)
(-0.0172552 -0.444377 0)
(-0.116358 -0.677613 0)
(-0.227153 -0.934236 0)
(-0.318077 -1.18326 0)
(-0.339888 -1.34225 0)
(-0.250863 -1.24739 0)
(-0.0851887 -0.650035 0)
(-0.077943 0.527711 0)
(-0.204822 0.939812 0)
(-0.243418 1.00802 0)
(-0.183036 0.934426 0)
(-0.0644401 0.811693 0)
(0.076366 0.678616 0)
(0.217165 0.54977 0)
(0.344192 0.428468 0)
(0.448574 0.313131 0)
(0.524156 0.200152 0)
(0.565986 0.0848272 0)
(0.569429 -0.0386422 0)
(0.529868 -0.177634 0)
(0.443215 -0.341667 0)
(0.308012 -0.541962 0)
(0.130857 -0.787006 0)
(-0.0632716 -1.06752 0)
(-0.218773 -1.32183 0)
(-0.250175 -1.37251 0)
(-0.105652 -0.830971 0)
(-0.103509 0.71366 0)
(-0.222375 1.01519 0)
(-0.13141 0.934326 0)
(0.0740199 0.779764 0)
(0.308447 0.627587 0)
(0.533792 0.494928 0)
(0.733919 0.383387 0)
(0.901415 0.28889 0)
(1.03297 0.206042 0)
(1.12676 0.129705 0)
(1.18085 0.0550423 0)
(1.19224 -0.0230749 0)
(1.15623 -0.111046 0)
(1.06602 -0.218089 0)
(0.913074 -0.358166 0)
(0.690445 -0.550731 0)
(0.401948 -0.813853 0)
(0.0823572 -1.1343 0)
(-0.149152 -1.37701 0)
(-0.0886072 -1.0353 0)
(-0.00948268 0.891367 0)
(-0.00642452 0.930345 0)
(0.34843 0.679526 0)
(0.739862 0.485321 0)
(1.06842 0.349877 0)
(1.33405 0.253297 0)
(1.54572 0.183286 0)
(1.7099 0.130743 0)
(1.83189 0.0889427 0)
(1.91548 0.0531735 0)
(1.96242 0.0199667 0)
(1.97221 -0.0137233 0)
(1.94163 -0.0514686 0)
(1.86381 -0.0986772 0)
(1.72656 -0.165153 0)
(1.51087 -0.269668 0)
(1.18879 -0.445654 0)
(0.731042 -0.735578 0)
(0.235861 -1.11095 0)
(0.109937 -1.09398 0)
(0.984826 0.482747 0)
(1.27442 0.426398 0)
(1.78702 0.265473 0)
(2.1802 0.162334 0)
(2.4281 0.101803 0)
(2.59235 0.0649461 0)
(2.7073 0.0419127 0)
(2.78815 0.0269428 0)
(2.84334 0.0164896 0)
(2.87793 0.00844118 0)
(2.89452 0.00151011 0)
(2.89381 -0.00520914 0)
(2.87474 -0.0126665 0)
(2.83386 -0.0222492 0)
(2.76356 -0.0367762 0)
(2.64795 -0.0627621 0)
(2.44995 -0.115534 0)
(2.07847 -0.226911 0)
(1.49236 -0.427602 0)
(1.08994 -0.518791 0)
)
;

boundaryField
{
    movingWall
    {
        type            fixedValue;
        value           uniform (3.4 0 0);
    }
    fixedWalls
    {
        type            noSlip;
    }
    frontAndBack
    {
        type            empty;
    }
}


// ************************************************************************* //
