/*--------------------------------*- C++ -*----------------------------------*\
  =========                 |
  \\      /  F ield         | OpenFOAM: The Open Source CFD Toolbox
   \\    /   O peration     | Website:  https://openfoam.org
    \\  /    A nd           | Version:  8
     \\/     M anipulation  |
\*---------------------------------------------------------------------------*/
FoamFile
{
    version     2.0;
    format      ascii;
    class       volVectorField;
    location    "0.3";
    object      U;
}
// * * * * * * * * * * * * * * * * * * * * * * * * * * * * * * * * * * * * * //

dimensions      [0 1 -1 0 0 0 0];

internalField   nonuniform List<vector> 
400
(
(0.000776379 -0.000772583 0)
(0.000323176 0.000402252 0)
(-0.00396053 0.00181139 0)
(-0.011267 0.00277699 0)
(-0.0203425 0.00325499 0)
(-0.0300051 0.00331426 0)
(-0.0392297 0.00303182 0)
(-0.047158 0.00247237 0)
(-0.0530859 0.00168826 0)
(-0.0564596 0.000730733 0)
(-0.056897 -0.000336371 0)
(-0.0542355 -0.00142651 0)
(-0.0485914 -0.00242682 0)
(-0.0404151 -0.00320343 0)
(-0.0305174 -0.0036159 0)
(-0.0200465 -0.00354087 0)
(-0.0103921 -0.00290395 0)
(-0.00300393 -0.00171803 0)
(0.000896349 -0.000179304 0)
(0.000923383 0.000897662 0)
(-0.000336401 -0.000400057 0)
(-0.00545105 0.00545539 0)
(-0.0186382 0.0115909 0)
(-0.0377983 0.015886 0)
(-0.0604063 0.0180082 0)
(-0.0840271 0.0180964 0)
(-0.106376 0.0164158 0)
(-0.125446 0.0132525 0)
(-0.13957 0.00889147 0)
(-0.14746 0.00364373 0)
(-0.148276 -0.00211225 0)
(-0.141718 -0.00789963 0)
(-0.128136 -0.0131394 0)
(-0.108621 -0.0171838 0)
(-0.0850257 -0.01939 0)
(-0.0598763 -0.0192354 0)
(-0.0361255 -0.0164661 0)
(-0.0167269 -0.0112651 0)
(-0.00420893 -0.00454501 0)
(2.54834e-05 0.00100751 0)
(-0.00183372 0.00385699 0)
(-0.0123204 0.0187966 0)
(-0.0344877 0.032747 0)
(-0.064389 0.0424071 0)
(-0.0983954 0.0470271 0)
(-0.133264 0.0467687 0)
(-0.165909 0.0421491 0)
(-0.193576 0.0338183 0)
(-0.21397 0.0224936 0)
(-0.225324 0.0089932 0)
(-0.226495 -0.00569588 0)
(-0.217089 -0.0203692 0)
(-0.197596 -0.0336109 0)
(-0.169491 -0.0438789 0)
(-0.135261 -0.0496819 0)
(-0.0982977 -0.0498457 0)
(-0.0625677 -0.0438502 0)
(-0.0320771 -0.0321889 0)
(-0.0106068 -0.0168227 0)
(-0.00129427 -0.00236351 0)
(-0.00316581 0.0118205 0)
(-0.0187697 0.0398555 0)
(-0.0496197 0.063742 0)
(-0.0896194 0.079735 0)
(-0.133956 0.0869404 0)
(-0.178708 0.0856679 0)
(-0.220216 0.0767742 0)
(-0.255231 0.0613641 0)
(-0.281045 0.0406964 0)
(-0.295564 0.0162273 0)
(-0.297412 -0.0102964 0)
(-0.286064 -0.0367699 0)
(-0.262006 -0.0607451 0)
(-0.22687 -0.0795714 0)
(-0.1835 -0.0906838 0)
(-0.135884 -0.092042 0)
(-0.08882 -0.0826825 0)
(-0.047362 -0.0632817 0)
(-0.0168009 -0.0367207 0)
(-0.00247056 -0.009151 0)
(-0.00432376 0.0230803 0)
(-0.0246633 0.0680568 0)
(-0.063752 0.103781 0)
(-0.113307 0.126748 0)
(-0.167285 0.136347 0)
(-0.221133 0.133287 0)
(-0.270744 0.118907 0)
(-0.312529 0.0948571 0)
(-0.343511 0.0629975 0)
(-0.361359 0.0254726 0)
(-0.364474 -0.0151597 0)
(-0.352126 -0.0558281 0)
(-0.324638 -0.0929538 0)
(-0.283581 -0.122625 0)
(-0.231929 -0.140986 0)
(-0.174092 -0.144846 0)
(-0.115665 -0.132474 0)
(-0.0628914 -0.104403 0)
(-0.0228946 -0.064136 0)
(-0.00353573 -0.0190985 0)
(-0.0053663 0.0373255 0)
(-0.0301162 0.102984 0)
(-0.0769903 0.152455 0)
(-0.135583 0.183013 0)
(-0.19863 0.194779 0)
(-0.26099 0.189176 0)
(-0.318206 0.168218 0)
(-0.366475 0.134196 0)
(-0.402659 0.089607 0)
(-0.424257 0.037277 0)
(-0.429441 -0.0194502 0)
(-0.417186 -0.0765488 0)
(-0.387481 -0.129272 0)
(-0.341601 -0.172317 0)
(-0.282407 -0.200279 0)
(-0.214558 -0.208426 0)
(-0.144408 -0.193766 0)
(-0.0795683 -0.156192 0)
(-0.0293701 -0.0994567 0)
(-0.00462803 -0.032198 0)
(-0.00634407 0.054345 0)
(-0.0352601 0.144256 0)
(-0.0894903 0.209312 0)
(-0.156567 0.248026 0)
(-0.228044 0.261716 0)
(-0.298263 0.252869 0)
(-0.362529 0.2244 0)
(-0.41696 0.179344 0)
(-0.458383 0.120843 0)
(-0.484205 0.0523394 0)
(-0.492383 -0.0221368 0)
(-0.481517 -0.0977025 0)
(-0.451085 -0.168481 0)
(-0.401807 -0.227693 0)
(-0.336119 -0.268109 0)
(-0.258655 -0.282953 0)
(-0.176398 -0.267294 0)
(-0.0984492 -0.219658 0)
(-0.036803 -0.143531 0)
(-0.00590166 -0.0487647 0)
(-0.00729583 0.0740053 0)
(-0.0402049 0.191538 0)
(-0.10137 0.273843 0)
(-0.176258 0.321129 0)
(-0.255286 0.336411 0)
(-0.332382 0.323646 0)
(-0.402781 0.286901 0)
(-0.462697 0.230064 0)
(-0.509096 0.156899 0)
(-0.539427 0.0713517 0)
(-0.551495 -0.0220458 0)
(-0.543493 -0.117752 0)
(-0.514232 -0.208909 0)
(-0.463581 -0.287266 0)
(-0.393148 -0.343521 0)
(-0.307095 -0.368285 0)
(-0.212706 -0.353782 0)
(-0.120549 -0.296129 0)
(-0.0457917 -0.197706 0)
(-0.00751895 -0.0694524 0)
(-0.00825997 0.0962343 0)
(-0.0450627 0.244543 0)
(-0.112726 0.345455 0)
(-0.194538 0.401414 0)
(-0.279806 0.417731 0)
(-0.362209 0.400305 0)
(-0.437136 0.354652 0)
(-0.501161 0.285627 0)
(-0.551635 0.197578 0)
(-0.586264 0.0947795 0)
(-0.602854 -0.0179983 0)
(-0.599245 -0.134875 0)
(-0.573479 -0.248309 0)
(-0.524286 -0.348744 0)
(-0.451941 -0.424688 0)
(-0.359474 -0.463556 0)
(-0.253822 -0.453619 0)
(-0.146705 -0.387074 0)
(-0.0569409 -0.263789 0)
(-0.00966154 -0.0952577 0)
(-0.00930194 0.121037 0)
(-0.0500255 0.303034 0)
(-0.12374 0.42342 0)
(-0.211263 0.48758 0)
(-0.30081 0.50391 0)
(-0.38605 0.480852 0)
(-0.462863 0.425718 0)
(-0.528539 0.344456 0)
(-0.58116 0.241937 0)
(-0.619009 0.12255 0)
(-0.640159 -0.00904161 0)
(-0.642269 -0.147066 0)
(-0.62264 -0.283788 0)
(-0.578635 -0.40876 0)
(-0.508648 -0.508429 0)
(-0.413687 -0.566584 0)
(-0.299266 -0.566286 0)
(-0.17743 -0.493728 0)
(-0.0708765 -0.343923 0)
(-0.0125573 -0.127538 0)
(-0.0105632 0.148578 0)
(-0.0554993 0.366905 0)
(-0.134846 0.506817 0)
(-0.226396 0.577735 0)
(-0.31732 0.59226 0)
(-0.401665 0.562147 0)
(-0.476288 0.496911 0)
(-0.539676 0.403721 0)
(-0.591089 0.287888 0)
(-0.629804 0.153667 0)
(-0.654546 0.00520682 0)
(-0.663126 -0.152389 0)
(-0.652305 -0.311889 0)
(-0.618032 -0.462691 0)
(-0.556336 -0.589732 0)
(-0.465163 -0.673125 0)
(-0.34703 -0.689535 0)
(-0.212683 -0.61647 0)
(-0.0882669 -0.440361 0)
(-0.0165263 -0.168066 0)
(-0.0123472 0.179373 0)
(-0.0623087 0.436326 0)
(-0.146932 0.594473 0)
(-0.240104 0.669143 0)
(-0.328133 0.678802 0)
(-0.406127 0.639497 0)
(-0.472631 0.563387 0)
(-0.527941 0.458946 0)
(-0.573023 0.3318 0)
(-0.608619 0.185794 0)
(-0.634575 0.0241339 0)
(-0.649336 -0.149371 0)
(-0.649557 -0.328863 0)
(-0.630015 -0.50468 0)
(-0.58417 -0.661375 0)
(-0.50591 -0.776047 0)
(-0.392753 -0.818275 0)
(-0.251452 -0.753855 0)
(-0.109829 -0.555085 0)
(-0.0220563 -0.219136 0)
(-0.0152715 0.214667 0)
(-0.0719886 0.51198 0)
(-0.161493 0.684786 0)
(-0.252597 0.757774 0)
(-0.3314 0.757738 0)
(-0.395273 0.706187 0)
(-0.44547 0.618267 0)
(-0.484831 0.503705 0)
(-0.516555 0.368216 0)
(-0.543277 0.214931 0)
(-0.566419 0.0457137 0)
(-0.585604 -0.137516 0)
(-0.598046 -0.331195 0)
(-0.598001 -0.527978 0)
(-0.576686 -0.713825 0)
(-0.523378 -0.864558 0)
(-0.428505 -0.943182 0)
(-0.290977 -0.901121 0)
(-0.136249 -0.689069 0)
(-0.0299174 -0.283774 0)
(-0.0205266 0.257115 0)
(-0.0871346 0.595234 0)
(-0.180451 0.775162 0)
(-0.26326 0.837439 0)
(-0.323267 0.820672 0)
(-0.362191 0.752947 0)
(-0.38537 0.652385 0)
(-0.398939 0.52957 0)
(-0.408688 0.389879 0)
(-0.419353 0.235378 0)
(-0.434172 0.0662785 0)
(-0.454401 -0.1178 0)
(-0.478583 -0.316352 0)
(-0.501543 -0.525765 0)
(-0.513384 -0.735727 0)
(-0.499235 -0.923854 0)
(-0.441032 -1.04918 0)
(-0.325287 -1.04799 0)
(-0.16779 -0.840842 0)
(-0.0412797 -0.365962 0)
(-0.0302271 0.311842 0)
(-0.111526 0.687857 0)
(-0.204827 0.860564 0)
(-0.267896 0.89821 0)
(-0.294437 0.855516 0)
(-0.293811 0.767519 0)
(-0.27697 0.654418 0)
(-0.253777 0.526616 0)
(-0.232499 0.388383 0)
(-0.219668 0.2403 0)
(-0.220115 0.0807757 0)
(-0.236824 -0.0929315 0)
(-0.270302 -0.28366 0)
(-0.317306 -0.492536 0)
(-0.368892 -0.71536 0)
(-0.408185 -0.935793 0)
(-0.40921 -1.11441 0)
(-0.34233 -1.17576 0)
(-0.202821 -1.00372 0)
(-0.0575592 -0.470636 0)
(-0.0474399 0.388136 0)
(-0.148672 0.79018 0)
(-0.229821 0.930002 0)
(-0.251516 0.923651 0)
(-0.222629 0.845232 0)
(-0.164278 0.734776 0)
(-0.0937839 0.611962 0)
(-0.0241028 0.485004 0)
(0.0351362 0.355896 0)
(0.0767478 0.223292 0)
(0.0952369 0.0838934 0)
(0.0864237 -0.0669638 0)
(0.0476921 -0.234952 0)
(-0.0208718 -0.425917 0)
(-0.114012 -0.64328 0)
(-0.217061 -0.881254 0)
(-0.300401 -1.11045 0)
(-0.318437 -1.25412 0)
(-0.233397 -1.16127 0)
(-0.0789238 -0.603643 0)
(-0.0739856 0.502979 0)
(-0.194264 0.894591 0)
(-0.22994 0.957628 0)
(-0.171506 0.885264 0)
(-0.0580987 0.766244 0)
(0.0758353 0.637835 0)
(0.209068 0.514025 0)
(0.328534 0.397971 0)
(0.425921 0.28814 0)
(0.495554 0.181055 0)
(0.532936 0.0721964 0)
(0.533906 -0.0439949 0)
(0.494366 -0.174539 0)
(0.410795 -0.32838 0)
(0.282267 -0.515845 0)
(0.115532 -0.744343 0)
(-0.0655082 -1.00433 0)
(-0.208661 -1.23759 0)
(-0.23487 -1.27962 0)
(-0.0986109 -0.772133 0)
(-0.0973111 0.678809 0)
(-0.208444 0.964749 0)
(-0.11999 0.886229 0)
(0.0763329 0.737364 0)
(0.299171 0.591099 0)
(0.512386 0.463957 0)
(0.700752 0.357418 0)
(0.857419 0.267509 0)
(0.979474 0.189017 0)
(1.06542 0.116996 0)
(1.11362 0.0467856 0)
(1.12143 -0.0265509 0)
(1.08459 -0.109156 0)
(0.996869 -0.209794 0)
(0.850504 -0.341553 0)
(0.639471 -0.522302 0)
(0.368056 -0.76798 0)
(0.0697265 -1.06496 0)
(-0.143737 -1.28715 0)
(-0.0842106 -0.96446 0)
(-0.00630527 0.84383 0)
(-0.000921857 0.881218 0)
(0.33687 0.642861 0)
(0.708136 0.457551 0)
(1.01862 0.328335 0)
(1.26852 0.236472 0)
(1.46661 0.170128 0)
(1.61928 0.120533 0)
(1.73182 0.0812377 0)
(1.80801 0.0477407 0)
(1.84964 0.0167235 0)
(1.85634 -0.0147393 0)
(1.82513 -0.0500891 0)
(1.74951 -0.0945269 0)
(1.618 -0.157392 0)
(1.41283 -0.256296 0)
(1.10806 -0.422043 0)
(0.677323 -0.693157 0)
(0.214317 -1.04247 0)
(0.099576 -1.02405 0)
(0.929366 0.455385 0)
(1.20476 0.402013 0)
(1.69008 0.249564 0)
(2.0609 0.151922 0)
(2.29363 0.0947644 0)
(2.44709 0.0601152 0)
(2.55392 0.0385657 0)
(2.62859 0.024623 0)
(2.67917 0.0149273 0)
(2.71049 0.00748849 0)
(2.72504 0.00109407 0)
(2.7235 -0.00511476 0)
(2.70484 -0.0120484 0)
(2.66575 -0.0210541 0)
(2.59893 -0.0348616 0)
(2.48922 -0.0597046 0)
(2.30135 -0.110003 0)
(1.94983 -0.21527 0)
(1.39871 -0.40336 0)
(1.02266 -0.487641 0)
)
;

boundaryField
{
    movingWall
    {
        type            fixedValue;
        value           uniform (3.2 0 0);
    }
    fixedWalls
    {
        type            noSlip;
    }
    frontAndBack
    {
        type            empty;
    }
}


// ************************************************************************* //
