/*--------------------------------*- C++ -*----------------------------------*\
  =========                 |
  \\      /  F ield         | OpenFOAM: The Open Source CFD Toolbox
   \\    /   O peration     | Website:  https://openfoam.org
    \\  /    A nd           | Version:  8
     \\/     M anipulation  |
\*---------------------------------------------------------------------------*/
FoamFile
{
    version     2.0;
    format      ascii;
    class       volScalarField;
    location    "0.2";
    object      p;
}
// * * * * * * * * * * * * * * * * * * * * * * * * * * * * * * * * * * * * * //

dimensions      [0 2 -2 0 0 0 0];

internalField   nonuniform List<scalar> 
400
(
2.67005e-05
-0.0203871
-0.0447133
-0.0629926
-0.0698429
-0.0629744
-0.0421321
-0.00840594
0.0361128
0.0884276
0.144666
0.200194
0.249926
0.288878
0.312951
0.319864
0.3101
0.287681
0.260576
0.240401
0.0203503
-0.000782035
-0.0197819
-0.032201
-0.035787
-0.0289882
-0.0114897
0.0160055
0.0519926
0.0942027
0.139617
0.184571
0.225029
0.257047
0.277417
0.284399
0.278428
0.262434
0.241033
0.220495
0.0461291
0.0169508
-0.00340829
-0.0145925
-0.0174593
-0.011362
0.00379229
0.0274185
0.0583793
0.0949137
0.134565
0.174219
0.210318
0.239266
0.25801
0.264704
0.259395
0.24409
0.220639
0.191933
0.0679544
0.0280315
0.00305078
-0.00952019
-0.0132117
-0.00819621
0.00533556
0.0268084
0.0553306
0.0895018
0.127222
0.165634
0.201265
0.230384
0.249572
0.256418
0.250338
0.23256
0.202871
0.162364
0.0791687
0.028366
-0.00200367
-0.0167792
-0.0217978
-0.0179033
-0.00550335
0.0148605
0.0425351
0.0764431
0.114766
0.154777
0.192886
0.224954
0.246854
0.255263
0.248717
0.227654
0.190137
0.136287
0.0746115
0.0134148
-0.0223667
-0.0395323
-0.0459434
-0.0429776
-0.0311643
-0.0109425
0.0173175
0.0528848
0.0942191
0.138675
0.182431
0.220723
0.248394
0.260818
0.25529
0.231266
0.185115
0.11645
0.0498819
-0.0210925
-0.0619796
-0.0813603
-0.0889517
-0.0865739
-0.0747893
-0.0538433
-0.023733
0.0152471
0.0619168
0.113761
0.166703
0.215201
0.252747
0.272926
0.271249
0.245723
0.190633
0.105199
0.000877704
-0.0792594
-0.124728
-0.145853
-0.154177
-0.151938
-0.139671
-0.117324
-0.0843859
-0.0405479
0.0135574
0.0757228
0.141722
0.205188
0.257968
0.291279
0.29806
0.274014
0.210369
0.105663
-0.0764618
-0.165234
-0.214565
-0.236632
-0.244942
-0.242235
-0.228992
-0.204769
-0.168371
-0.118643
-0.0553676
0.0198841
0.103023
0.186982
0.261777
0.315618
0.337818
0.3204
0.249761
0.122914
-0.186312
-0.283369
-0.335519
-0.357142
-0.364142
-0.359974
-0.34512
-0.318653
-0.278493
-0.222331
-0.148688
-0.0580015
0.0462899
0.156814
0.261799
0.345904
0.393533
0.391026
0.317049
0.165291
-0.333238
-0.4385
-0.491717
-0.510346
-0.513622
-0.506156
-0.488552
-0.459325
-0.415289
-0.35262
-0.268075
-0.160314
-0.0313623
0.111863
0.256288
0.382798
0.469607
0.494717
0.424637
0.246254
-0.522926
-0.63656
-0.687509
-0.698311
-0.693374
-0.67917
-0.656593
-0.623503
-0.57534
-0.506363
-0.411025
-0.285468
-0.129327
0.0521087
0.24558
0.428717
0.572684
0.644096
0.591028
0.387237
-0.764028
-0.885839
-0.927713
-0.921656
-0.900501
-0.873507
-0.841924
-0.802719
-0.749573
-0.67438
-0.568743
-0.425554
-0.240987
-0.0171799
0.234313
0.489568
0.713032
0.857158
0.843637
0.622451
-1.07254
-1.19936
-1.21788
-1.17864
-1.12788
-1.07838
-1.03134
-0.982186
-0.922195
-0.840338
-0.72485
-0.564745
-0.351754
-0.0832059
0.23365
0.576633
0.906049
1.15916
1.223
1.00755
-1.48169
-1.59891
-1.56388
-1.46319
-1.36222
-1.27631
-1.20497
-1.14063
-1.07103
-0.981441
-0.856221
-0.680055
-0.439515
-0.125625
0.261645
0.706872
1.17231
1.58342
1.78779
1.63419
-2.06173
-2.12058
-1.96982
-1.76176
-1.58174
-1.44215
-1.3367
-1.25197
-1.17029
-1.07209
-0.937354
-0.746161
-0.479506
-0.120995
0.339617
0.900027
1.53476
2.16844
2.61635
2.64711
-2.95979
-2.81983
-2.43506
-2.05237
-1.75716
-1.54581
-1.39858
-1.29117
-1.19752
-1.09195
-0.94953
-0.745628
-0.455437
-0.0541873
0.481556
1.16999
2.0116
2.95048
3.80538
4.27049
-4.53613
-3.768
-2.92671
-2.287
-1.84312
-1.55001
-1.36334
-1.24003
-1.14197
-1.03635
-0.893535
-0.684635
-0.379405
0.056079
0.661897
1.48583
2.57221
3.92445
5.48565
6.97074
-7.80248
-4.98875
-3.20509
-2.2539
-1.6911
-1.35758
-1.17215
-1.06795
-0.994257
-0.913205
-0.793133
-0.603604
-0.312068
0.121902
0.754074
1.66823
2.98172
4.86218
7.7434
11.8385
-13.8735
-6.16764
-2.77808
-1.62651
-1.11742
-0.87191
-0.77937
-0.760486
-0.760842
-0.74466
-0.683963
-0.552353
-0.320213
0.0495886
0.613619
1.47396
2.83396
5.17187
9.97472
19.1053
)
;

boundaryField
{
    movingWall
    {
        type            zeroGradient;
    }
    fixedWalls
    {
        type            zeroGradient;
    }
    frontAndBack
    {
        type            empty;
    }
}


// ************************************************************************* //
