/*--------------------------------*- C++ -*----------------------------------*\
  =========                 |
  \\      /  F ield         | OpenFOAM: The Open Source CFD Toolbox
   \\    /   O peration     | Website:  https://openfoam.org
    \\  /    A nd           | Version:  8
     \\/     M anipulation  |
\*---------------------------------------------------------------------------*/
FoamFile
{
    version     2.0;
    format      ascii;
    class       surfaceScalarField;
    location    "0.2";
    object      phi;
}
// * * * * * * * * * * * * * * * * * * * * * * * * * * * * * * * * * * * * * //

dimensions      [0 3 -1 0 0 0 0];

internalField   nonuniform List<scalar> 
760
(
4.55644e-08
-4.58016e-08
-8.81492e-08
1.33723e-07
-4.10444e-07
3.22293e-07
-8.61252e-07
4.50809e-07
-1.37471e-06
5.13459e-07
-1.8916e-06
5.16888e-07
-2.36146e-06
4.6987e-07
-2.74219e-06
3.8073e-07
-2.99931e-06
2.57118e-07
-3.10655e-06
1.07244e-07
-3.04801e-06
-5.85458e-08
-2.82139e-06
-2.26615e-07
-2.44157e-06
-3.79829e-07
-1.94302e-06
-4.98547e-07
-1.38005e-06
-5.62967e-07
-8.23339e-07
-5.56713e-07
-3.51921e-07
-4.71418e-07
-4.03182e-08
-3.11603e-07
6.35547e-08
-1.03875e-07
6.35533e-08
-1.30172e-07
8.43785e-08
-6.53873e-07
6.57425e-07
-1.5416e-06
1.21002e-06
-2.68309e-06
1.59231e-06
-3.94662e-06
1.77699e-06
-5.20318e-06
1.77345e-06
-6.33652e-06
1.6032e-06
-7.24693e-06
1.29115e-06
-7.85335e-06
8.63537e-07
-8.09633e-06
3.50223e-07
-7.94297e-06
-2.1191e-07
-7.39309e-06
-7.76493e-07
-6.48523e-06
-1.28769e-06
-5.30005e-06
-1.68372e-06
-3.95868e-06
-1.90433e-06
-2.61352e-06
-1.90188e-06
-1.42958e-06
-1.65535e-06
-5.5607e-07
-1.18511e-06
-8.73219e-08
-5.72612e-07
-2.377e-08
-3.39218e-07
4.23603e-07
-1.28267e-06
1.60086e-06
-2.70813e-06
2.63548e-06
-4.4511e-06
3.33528e-06
-6.33223e-06
3.65812e-06
-8.17707e-06
3.61829e-06
-9.82695e-06
3.25308e-06
-1.11447e-05
2.60887e-06
-1.20187e-05
1.73753e-06
-1.23678e-05
6.99339e-07
-1.21479e-05
-4.31802e-07
-1.13596e-05
-1.56481e-06
-1.00553e-05
-2.59193e-06
-8.34364e-06
-3.39541e-06
-6.38685e-06
-3.86113e-06
-4.38961e-06
-3.89912e-06
-2.57584e-06
-3.46912e-06
-1.15448e-06
-2.60646e-06
-2.77546e-07
-1.44954e-06
-3.01317e-07
-5.29894e-07
9.53493e-07
-1.87812e-06
2.94909e-06
-3.81625e-06
4.57361e-06
-6.11388e-06
5.63291e-06
-8.54593e-06
6.09018e-06
-1.09026e-05
5.975e-06
-1.29961e-05
5.34657e-06
-1.46646e-05
4.27734e-06
-1.57761e-05
2.84902e-06
-1.62337e-05
1.15695e-06
-1.59827e-05
-6.82797e-07
-1.50193e-05
-2.52818e-06
-1.33996e-05
-4.21168e-06
-1.12454e-05
-5.54954e-06
-8.74514e-06
-6.36142e-06
-6.14326e-06
-6.50099e-06
-3.71791e-06
-5.89447e-06
-1.745e-06
-4.57938e-06
-4.55423e-07
-2.73912e-06
-7.56741e-07
-7.0102e-07
1.65451e-06
-2.42878e-06
4.67686e-06
-4.8516e-06
6.99643e-06
-7.66929e-06
8.4506e-06
-1.06112e-05
9.03206e-06
-1.34372e-05
8.80107e-06
-1.59384e-05
7.8477e-06
-1.79363e-05
6.27531e-06
-1.92851e-05
4.19783e-06
-1.98747e-05
1.74653e-06
-1.96377e-05
-9.19782e-07
-1.85592e-05
-3.60673e-06
-1.66877e-05
-6.08319e-06
-1.4146e-05
-8.09124e-06
-1.11369e-05
-9.37054e-06
-7.93911e-06
-9.69875e-06
-4.88839e-06
-8.94519e-06
-2.34116e-06
-7.12661e-06
-6.26606e-07
-4.45368e-06
-1.38335e-06
-8.57407e-07
2.51192e-06
-2.93978e-06
6.75923e-06
-5.81865e-06
9.87531e-06
-9.12483e-06
1.17568e-05
-1.25437e-05
1.24509e-05
-1.58092e-05
1.20666e-05
-1.86973e-05
1.07358e-05
-2.10197e-05
8.59772e-06
-2.26211e-05
5.79927e-06
-2.33798e-05
2.50524e-06
-2.32129e-05
-1.0867e-06
-2.20864e-05
-4.73318e-06
-2.003e-05
-8.13966e-06
-1.71532e-05
-1.0968e-05
-1.36614e-05
-1.28624e-05
-9.86143e-06
-1.34987e-05
-6.15098e-06
-1.26557e-05
-2.98307e-06
-1.02945e-05
-8.07645e-07
-6.62911e-06
-2.19099e-06
-1.00331e-06
3.51523e-06
-3.41783e-06
9.17375e-06
-6.72283e-06
1.31803e-05
-1.04824e-05
1.55163e-05
-1.43411e-05
1.63096e-05
-1.80124e-05
1.57379e-05
-2.12641e-05
1.39874e-05
-2.3905e-05
1.12387e-05
-2.57761e-05
7.67033e-06
-2.67462e-05
3.47538e-06
-2.67149e-05
-1.11798e-06
-2.56221e-05
-5.82605e-06
-2.34653e-05
-1.02964e-05
-2.03249e-05
-1.41084e-05
-1.63914e-05
-1.67959e-05
-1.19882e-05
-1.79019e-05
-7.57506e-06
-1.70688e-05
-3.71786e-06
-1.41517e-05
-1.01719e-06
-9.32978e-06
-3.20819e-06
-1.14185e-06
4.65708e-06
-3.86795e-06
1.18998e-05
-7.5653e-06
1.68777e-05
-1.17325e-05
1.96835e-05
-1.59781e-05
2.05552e-05
-2.00025e-05
1.97623e-05
-2.35745e-05
1.75595e-05
-2.65098e-05
1.41739e-05
-2.86536e-05
9.81415e-06
-2.9871e-05
4.6928e-06
-3.00448e-05
-9.44167e-07
-2.90833e-05
-6.7876e-06
-2.69396e-05
-1.24401e-05
-2.36444e-05
-1.74036e-05
-1.9349e-05
-2.10913e-05
-1.43707e-05
-2.28803e-05
-9.22113e-06
-2.22184e-05
-4.59231e-06
-1.87805e-05
-1.27442e-06
-1.26477e-05
-4.4826e-06
-1.27602e-06
5.93309e-06
-4.29482e-06
1.49186e-05
-8.34394e-06
2.09268e-05
-1.28552e-05
2.41948e-05
-1.74067e-05
2.51067e-05
-2.16962e-05
2.40519e-05
-2.55071e-05
2.13703e-05
-2.8675e-05
1.73418e-05
-3.10623e-05
1.22015e-05
-3.25405e-05
6.17099e-06
-3.29815e-05
-5.03173e-07
-3.22611e-05
-7.50794e-06
-3.02777e-05
-1.44235e-05
-2.699e-05
-2.06913e-05
-2.24766e-05
-2.56047e-05
-1.70105e-05
-2.83464e-05
-1.11278e-05
-2.81011e-05
-5.64844e-06
-2.42598e-05
-1.59905e-06
-1.66971e-05
-6.08165e-06
-1.4114e-06
7.34449e-06
-4.70816e-06
1.82154e-05
-9.05936e-06
2.5278e-05
-1.38245e-05
2.896e-05
-1.85589e-05
2.9841e-05
-2.29732e-05
2.84662e-05
-2.6883e-05
2.52801e-05
-3.01629e-05
2.06217e-05
-3.27105e-05
1.47491e-05
-3.44199e-05
7.88036e-06
-3.51651e-05
2.42021e-07
-3.47961e-05
-7.87693e-06
-3.31518e-05
-1.60678e-05
-3.00982e-05
-2.37449e-05
-2.56007e-05
-3.01022e-05
-1.98316e-05
-3.41154e-05
-1.32957e-05
-3.46369e-05
-6.91975e-06
-3.06358e-05
-2.0126e-06
-2.16042e-05
-8.09425e-06
-1.56084e-06
8.90533e-06
-5.13166e-06
2.17862e-05
-9.72415e-06
2.98705e-05
-1.46157e-05
3.38515e-05
-1.93513e-05
3.45767e-05
-2.36772e-05
3.2792e-05
-2.74663e-05
2.90692e-05
-3.06568e-05
2.38122e-05
-3.32047e-05
1.72971e-05
-3.50491e-05
9.72472e-06
-3.60869e-05
1.27986e-06
-3.61589e-05
-7.80492e-06
-3.5051e-05
-1.71757e-05
-3.25239e-05
-2.6272e-05
-2.83882e-05
-3.4238e-05
-2.26414e-05
-3.98622e-05
-1.56647e-05
-4.16136e-05
-8.42495e-06
-3.78756e-05
-2.54046e-06
-2.74887e-05
-1.06347e-05
-1.7521e-06
1.06574e-05
-5.61517e-06
2.56493e-05
-1.03725e-05
3.46278e-05
-1.52083e-05
3.86874e-05
-1.96821e-05
3.90505e-05
-2.36109e-05
3.67208e-05
-2.69594e-05
3.24177e-05
-2.9759e-05
2.66119e-05
-3.20511e-05
1.95892e-05
-3.3846e-05
1.15195e-05
-3.50909e-05
2.52478e-06
-3.56448e-05
-7.251e-06
-3.52628e-05
-1.75577e-05
-3.36053e-05
-2.79296e-05
-3.02977e-05
-3.75456e-05
-2.50802e-05
-4.50797e-05
-1.80766e-05
-4.86172e-05
-1.01558e-05
-4.57964e-05
-3.21494e-06
-3.44296e-05
-1.38497e-05
-2.04028e-06
1.26977e-05
-6.24871e-06
2.98577e-05
-1.10621e-05
3.94411e-05
-1.55731e-05
4.31984e-05
-1.94076e-05
4.2885e-05
-2.25096e-05
3.98227e-05
-2.49805e-05
3.48886e-05
-2.69782e-05
2.86096e-05
-2.8655e-05
2.1266e-05
-3.0117e-05
1.29815e-05
-3.13906e-05
3.79833e-06
-3.23884e-05
-6.25313e-06
-3.28749e-05
-1.70712e-05
-3.24425e-05
-2.8362e-05
-3.05316e-05
-3.94564e-05
-2.65565e-05
-4.90547e-05
-2.0218e-05
-5.49557e-05
-1.20519e-05
-5.39625e-05
-4.07885e-06
-4.24026e-05
-1.79285e-05
-2.52715e-06
1.52249e-05
-7.17043e-06
3.4501e-05
-1.18484e-05
4.41191e-05
-1.56144e-05
4.69644e-05
-1.82669e-05
4.55375e-05
-1.99639e-05
4.15198e-05
-2.09988e-05
3.59235e-05
-2.16853e-05
2.92961e-05
-2.23025e-05
2.18831e-05
-2.30648e-05
1.37438e-05
-2.40976e-05
4.83121e-06
-2.54028e-05
-4.94799e-06
-2.68079e-05
-1.56661e-05
-2.79041e-05
-2.72658e-05
-2.80004e-05
-3.93601e-05
-2.61694e-05
-5.08857e-05
-2.15302e-05
-5.95949e-05
-1.39457e-05
-6.15471e-05
-5.18436e-06
-5.11639e-05
-2.31129e-05
-3.38489e-06
1.86097e-05
-8.5394e-06
3.96555e-05
-1.26749e-05
4.82546e-05
-1.50018e-05
4.92914e-05
-1.5694e-05
4.62296e-05
-1.52441e-05
4.107e-05
-1.41896e-05
3.4869e-05
-1.30103e-05
2.81168e-05
-1.2102e-05
2.09748e-05
-1.17746e-05
1.34164e-05
-1.22492e-05
5.3058e-06
-1.36359e-05
-3.56125e-06
-1.58806e-05
-1.34214e-05
-1.86707e-05
-2.44757e-05
-2.13085e-05
-3.67224e-05
-2.26168e-05
-4.95773e-05
-2.10619e-05
-6.11498e-05
-1.54388e-05
-6.71702e-05
-6.56446e-06
-6.00383e-05
-2.96773e-05
-4.84915e-06
2.34589e-05
-1.03675e-05
4.51739e-05
-1.30398e-05
5.09269e-05
-1.27637e-05
4.90153e-05
-1.04208e-05
4.38867e-05
-6.96035e-06
3.76095e-05
-3.17135e-06
3.108e-05
3.42643e-07
2.46028e-05
3.12744e-06
1.819e-05
4.83221e-06
1.17117e-05
5.18059e-06
4.95741e-06
3.96744e-06
-2.3481e-06
1.09612e-06
-1.055e-05
-3.32159e-06
-2.0058e-05
-8.77604e-06
-3.12679e-05
-1.40907e-05
-4.42627e-05
-1.72259e-05
-5.80145e-05
-1.56202e-05
-6.87759e-05
-8.10215e-06
-6.75563e-05
-3.77795e-05
-7.0479e-06
3.05068e-05
-1.18883e-05
5.00143e-05
-1.11072e-05
5.01458e-05
-6.40855e-06
4.43166e-05
2.47733e-07
3.72304e-05
7.47228e-06
3.0385e-05
1.43574e-05
2.41949e-05
2.03232e-05
1.8637e-05
2.49839e-05
1.35293e-05
2.80514e-05
8.6442e-06
2.9274e-05
3.73474e-06
2.84068e-05
-1.48089e-06
2.52163e-05
-7.35956e-06
1.95453e-05
-1.43869e-05
1.14989e-05
-2.32215e-05
1.8362e-06
-3.46001e-05
-7.42105e-06
-4.87573e-05
-1.25135e-05
-6.36834e-05
-9.16194e-06
-7.09079e-05
-4.69414e-05
-9.24846e-06
3.97553e-05
-9.59226e-06
5.03581e-05
-1.60729e-06
4.21608e-05
9.703e-06
3.30063e-05
2.14875e-05
2.54459e-05
3.24177e-05
1.94548e-05
4.18816e-05
1.47309e-05
4.96045e-05
1.09142e-05
5.54528e-05
7.68099e-06
5.93246e-05
4.77233e-06
6.10875e-05
1.97186e-06
6.05394e-05
-9.32785e-07
5.73801e-05
-4.20028e-06
5.1207e-05
-8.2138e-06
4.15913e-05
-1.36058e-05
2.83951e-05
-2.14038e-05
1.26194e-05
-3.29817e-05
-2.00002e-06
-4.9064e-05
-7.77799e-06
-6.513e-05
-5.47194e-05
-5.18887e-06
4.49441e-05
8.91949e-06
3.62498e-05
2.8419e-05
2.26613e-05
4.64477e-05
1.49776e-05
6.16001e-05
1.02935e-05
7.38757e-05
7.1792e-06
8.35614e-05
5.04527e-06
9.09603e-05
3.5153e-06
9.63051e-05
2.33617e-06
9.97306e-05
1.34688e-06
0.000101263
4.39785e-07
0.000100808
-4.77742e-07
9.81077e-05
-1.50043e-06
9.2681e-05
-2.78707e-06
8.37124e-05
-4.63725e-06
7.00042e-05
-7.69557e-06
5.03734e-05
-1.33508e-05
2.54655e-05
-2.41561e-05
2.71801e-06
-4.23825e-05
-5.20014e-05
4.49441e-05
8.11939e-05
0.000103855
0.000118833
0.000129126
0.000136305
0.000141351
0.000144866
0.000147202
0.000148549
0.000148989
0.000148511
0.000147011
0.000144224
0.000139586
0.000131891
0.00011854
9.43839e-05
5.20014e-05
)
;

boundaryField
{
    movingWall
    {
        type            calculated;
        value           uniform 0;
    }
    fixedWalls
    {
        type            calculated;
        value           uniform 0;
    }
    frontAndBack
    {
        type            empty;
        value           nonuniform List<scalar> 0();
    }
}


// ************************************************************************* //
