/*--------------------------------*- C++ -*----------------------------------*\
  =========                 |
  \\      /  F ield         | OpenFOAM: The Open Source CFD Toolbox
   \\    /   O peration     | Website:  https://openfoam.org
    \\  /    A nd           | Version:  8
     \\/     M anipulation  |
\*---------------------------------------------------------------------------*/
FoamFile
{
    version     2.0;
    format      ascii;
    class       volVectorField;
    location    "0.2";
    object      U;
}
// * * * * * * * * * * * * * * * * * * * * * * * * * * * * * * * * * * * * * //

dimensions      [0 1 -1 0 0 0 0];

internalField   nonuniform List<vector> 
400
(
(0.000843868 -0.000842767 0)
(0.000336482 0.000444379 0)
(-0.00435355 0.00198013 0)
(-0.0123329 0.00302871 0)
(-0.0222316 0.00354743 0)
(-0.0327695 0.0036143 0)
(-0.0428399 0.00331304 0)
(-0.0515141 0.00271151 0)
(-0.0580238 0.00186297 0)
(-0.0617551 0.000819828 0)
(-0.0622755 -0.000350091 0)
(-0.0593906 -0.00155169 0)
(-0.053216 -0.00265849 0)
(-0.0442418 -0.0035192 0)
(-0.033365 -0.00397517 0)
(-0.0218613 -0.0038885 0)
(-0.0112733 -0.00317887 0)
(-0.00320078 -0.00186655 0)
(0.00102677 -0.000176629 0)
(0.00102102 0.000991578 0)
(-0.000379249 -0.000422766 0)
(-0.00599833 0.0059869 0)
(-0.0204343 0.0126739 0)
(-0.0413703 0.0173411 0)
(-0.0660504 0.0196462 0)
(-0.0918342 0.0197513 0)
(-0.116249 0.0179441 0)
(-0.137117 0.0145255 0)
(-0.152618 0.00979084 0)
(-0.161327 0.0040656 0)
(-0.162297 -0.00224385 0)
(-0.155169 -0.0086135 0)
(-0.140308 -0.0143973 0)
(-0.118901 -0.0188667 0)
(-0.0929923 -0.0212988 0)
(-0.0653822 -0.0211101 0)
(-0.0393417 -0.0180275 0)
(-0.0181297 -0.0122753 0)
(-0.0045041 -0.00489134 0)
(5.54834e-05 0.00115005 0)
(-0.00202397 0.00426197 0)
(-0.0135323 0.0206084 0)
(-0.0377967 0.0358116 0)
(-0.0704751 0.0463108 0)
(-0.107609 0.0513304 0)
(-0.145686 0.0510679 0)
(-0.181361 0.0460828 0)
(-0.211646 0.0370594 0)
(-0.234031 0.024747 0)
(-0.246562 0.0100094 0)
(-0.247955 -0.00608978 0)
(-0.237739 -0.0222275 0)
(-0.21642 -0.0368274 0)
(-0.185603 -0.0481606 0)
(-0.148028 -0.0545525 0)
(-0.107449 -0.0546927 0)
(-0.0682605 -0.0480201 0)
(-0.0348888 -0.0351235 0)
(-0.011471 -0.0182302 0)
(-0.00137616 -0.00246903 0)
(-0.00348867 0.0130144 0)
(-0.0206045 0.0436819 0)
(-0.054362 0.0697077 0)
(-0.0980673 0.0870876 0)
(-0.146477 0.0949166 0)
(-0.195348 0.0935647 0)
(-0.240721 0.0839558 0)
(-0.279068 0.0672527 0)
(-0.307428 0.0447735 0)
(-0.323484 0.0180593 0)
(-0.325685 -0.0110062 0)
(-0.313406 -0.0401125 0)
(-0.287134 -0.0665385 0)
(-0.248635 -0.0873155 0)
(-0.201032 -0.0995645 0)
(-0.148737 -0.101005 0)
(-0.0970705 -0.0905862 0)
(-0.0516326 -0.0691229 0)
(-0.0182356 -0.0399019 0)
(-0.00265389 -0.00980814 0)
(-0.00476085 0.0253832 0)
(-0.0270543 0.0745655 0)
(-0.0697945 0.113474 0)
(-0.123905 0.138426 0)
(-0.182814 0.148861 0)
(-0.241607 0.145591 0)
(-0.295848 0.13006 0)
(-0.341645 0.103998 0)
(-0.375741 0.0693545 0)
(-0.395551 0.028397 0)
(-0.399267 -0.0161197 0)
(-0.386018 -0.0608289 0)
(-0.356091 -0.101757 0)
(-0.311159 -0.134525 0)
(-0.254473 -0.154801 0)
(-0.19091 -0.159009 0)
(-0.126682 -0.14524 0)
(-0.0687324 -0.114171 0)
(-0.0249217 -0.0698301 0)
(-0.00381419 -0.0205989 0)
(-0.00590085 0.0410172 0)
(-0.032991 0.112776 0)
(-0.0841754 0.16663 0)
(-0.148079 0.199821 0)
(-0.216828 0.212628 0)
(-0.284886 0.206649 0)
(-0.347455 0.184045 0)
(-0.400413 0.147217 0)
(-0.440328 0.098772 0)
(-0.46442 0.0416881 0)
(-0.470608 -0.0204428 0)
(-0.45767 -0.0832174 0)
(-0.425491 -0.141371 0)
(-0.375386 -0.188969 0)
(-0.310454 -0.21993 0)
(-0.235833 -0.228931 0)
(-0.158591 -0.212642 0)
(-0.0872215 -0.171039 0)
(-0.0320772 -0.108494 0)
(-0.00501221 -0.0348521 0)
(-0.00695954 0.0596647 0)
(-0.03854 0.15785 0)
(-0.0976372 0.228625 0)
(-0.170669 0.270674 0)
(-0.248512 0.285618 0)
(-0.325096 0.276218 0)
(-0.395385 0.245591 0)
(-0.455179 0.196909 0)
(-0.501004 0.133434 0)
(-0.529966 0.0587764 0)
(-0.539726 -0.0227564 0)
(-0.528617 -0.10584 0)
(-0.495919 -0.183967 0)
(-0.442287 -0.24955 0)
(-0.370309 -0.294443 0)
(-0.285068 -0.310998 0)
(-0.194337 -0.293675 0)
(-0.108308 -0.240928 0)
(-0.0403577 -0.1569 0)
(-0.00642245 -0.0529441 0)
(-0.00797439 0.0811476 0)
(-0.0438022 0.209359 0)
(-0.110271 0.298834 0)
(-0.19162 0.350204 0)
(-0.277541 0.366975 0)
(-0.361551 0.353497 0)
(-0.438552 0.314105 0)
(-0.504461 0.252848 0)
(-0.55595 0.173612 0)
(-0.590155 0.0804976 0)
(-0.604548 -0.021681 0)
(-0.596981 -0.12691 0)
(-0.565952 -0.22761 0)
(-0.511123 -0.314553 0)
(-0.434105 -0.377249 0)
(-0.339414 -0.405063 0)
(-0.235143 -0.389208 0)
(-0.133154 -0.325406 0)
(-0.0504474 -0.216631 0)
(-0.00822999 -0.0756368 0)
(-0.00898242 0.105344 0)
(-0.0488817 0.266907 0)
(-0.12215 0.376524 0)
(-0.210763 0.437353 0)
(-0.303274 0.455415 0)
(-0.392962 0.437152 0)
(-0.474916 0.388422 0)
(-0.545443 0.314263 0)
(-0.601628 0.219129 0)
(-0.640878 0.10742 0)
(-0.660643 -0.0158465 0)
(-0.65836 -0.144329 0)
(-0.631644 -0.269723 0)
(-0.578841 -0.381353 0)
(-0.500022 -0.466253 0)
(-0.398372 -0.510146 0)
(-0.281549 -0.499714 0)
(-0.162711 -0.426199 0)
(-0.0630399 -0.289791 0)
(-0.0106433 -0.104084 0)
(-0.0100505 0.132208 0)
(-0.0539739 0.330141 0)
(-0.133454 0.460805 0)
(-0.227926 0.530625 0)
(-0.324839 0.548967 0)
(-0.417488 0.524986 0)
(-0.501499 0.466422 0)
(-0.57395 0.37943 0)
(-0.63271 0.268964 0)
(-0.675803 0.139482 0)
(-0.700965 -0.00417605 0)
(-0.705423 -0.15584 0)
(-0.685959 -0.307036 0)
(-0.639376 -0.446122 0)
(-0.563593 -0.557826 0)
(-0.459459 -0.623749 0)
(-0.332951 -0.624605 0)
(-0.197546 -0.544746 0)
(-0.0788496 -0.378867 0)
(-0.0139242 -0.139855 0)
(-0.0113292 0.161856 0)
(-0.0595154 0.398846 0)
(-0.144661 0.550586 0)
(-0.243103 0.627904 0)
(-0.341237 0.644674 0)
(-0.432779 0.61356 0)
(-0.514401 0.544612 0)
(-0.58445 0.445232 0)
(-0.642061 0.320788 0)
(-0.686331 0.175536 0)
(-0.715716 0.0137008 0)
(-0.727634 -0.159337 0)
(-0.718291 -0.335714 0)
(-0.682933 -0.503671 0)
(-0.61683 -0.646285 0)
(-0.517337 -0.741019 0)
(-0.386946 -0.761288 0)
(-0.237551 -0.681476 0)
(-0.0986275 -0.486458 0)
(-0.0184391 -0.184987 0)
(-0.013147 0.194789 0)
(-0.0664124 0.473121 0)
(-0.156787 0.644534 0)
(-0.256587 0.726197 0)
(-0.35134 0.738212 0)
(-0.435889 0.697775 0)
(-0.508681 0.617697 0)
(-0.56998 0.506727 0)
(-0.62074 0.370528 0)
(-0.661652 0.212879 0)
(-0.692428 0.0369448 0)
(-0.711231 -0.153355 0)
(-0.714231 -0.351728 0)
(-0.695454 -0.547537 0)
(-0.647358 -0.723523 0)
(-0.562746 -0.853839 0)
(-0.438376 -0.903898 0)
(-0.281444 -0.834673 0)
(-0.12315 -0.614804 0)
(-0.0247404 -0.242111 0)
(-0.0161773 0.232307 0)
(-0.0763681 0.553664 0)
(-0.171582 0.740923 0)
(-0.268851 0.821188 0)
(-0.353496 0.823364 0)
(-0.422731 0.770383 0)
(-0.477841 0.678184 0)
(-0.521773 0.556823 0)
(-0.557862 0.412052 0)
(-0.588865 0.246882 0)
(-0.616261 0.063024 0)
(-0.639601 -0.137674 0)
(-0.655802 -0.351491 0)
(-0.658473 -0.570445 0)
(-0.63773 -0.778997 0)
(-0.581312 -0.950052 0)
(-0.477978 -1.04175 0)
(-0.325852 -0.99876 0)
(-0.153099 -0.764913 0)
(-0.0336874 -0.314656 0)
(-0.0217227 0.277262 0)
(-0.0922827 0.642006 0)
(-0.191381 0.837089 0)
(-0.279665 0.906369 0)
(-0.344113 0.891205 0)
(-0.386487 0.821434 0)
(-0.412355 0.716117 0)
(-0.428142 0.58623 0)
(-0.439961 0.437202 0)
(-0.452872 0.270955 0)
(-0.470405 0.0874657 0)
(-0.494018 -0.113886 0)
(-0.522261 -0.332737 0)
(-0.5496 -0.565308 0)
(-0.565178 -0.800389 0)
(-0.552357 -1.0132 0)
(-0.490501 -1.15776 0)
(-0.363655 -1.16182 0)
(-0.188554 -0.934858 0)
(-0.0465564 -0.407063 0)
(-0.0321079 0.335244 0)
(-0.118433 0.740289 0)
(-0.217741 0.927933 0)
(-0.285173 0.971361 0)
(-0.313941 0.928933 0)
(-0.313849 0.837787 0)
(-0.296388 0.719191 0)
(-0.271962 0.583985 0)
(-0.249372 0.43651 0)
(-0.235685 0.277199 0)
(-0.236256 0.104191 0)
(-0.254551 -0.0856142 0)
(-0.291447 -0.295453 0)
(-0.34378 -0.526789 0)
(-0.402084 -0.775349 0)
(-0.447896 -1.02346 0)
(-0.45212 -1.22747 0)
(-0.380845 -1.30247 0)
(-0.227274 -1.11659 0)
(-0.064819 -0.524682 0)
(-0.0507527 0.416494 0)
(-0.158998 0.849396 0)
(-0.24621 1.00221 0)
(-0.270055 0.998921 0)
(-0.239717 0.918422 0)
(-0.177508 0.80313 0)
(-0.101744 0.673821 0)
(-0.0262132 0.539123 0)
(0.0387086 0.401079 0)
(0.0851401 0.258187 0)
(0.106904 0.106872 0)
(0.099133 -0.0579245 0)
(0.0585409 -0.242419 0)
(-0.0153351 -0.453185 0)
(-0.117385 -0.694421 0)
(-0.232065 -0.960498 0)
(-0.326855 -1.21966 0)
(-0.350663 -1.3866 0)
(-0.259724 -1.29098 0)
(-0.0883866 -0.673609 0)
(-0.0798981 0.53984 0)
(-0.210044 0.962017 0)
(-0.250123 1.03281 0)
(-0.188836 0.958688 0)
(-0.0677323 0.834212 0)
(0.0764268 0.698922 0)
(0.220946 0.567674 0)
(0.351721 0.443851 0)
(0.459603 0.325848 0)
(0.538196 0.209988 0)
(0.582319 0.0914735 0)
(0.587092 -0.0356138 0)
(0.547633 -0.178826 0)
(0.459556 -0.347965 0)
(0.321117 -0.554699 0)
(0.138808 -0.808078 0)
(-0.0618873 -1.09901 0)
(-0.223679 -1.36411 0)
(-0.257839 -1.41945 0)
(-0.10921 -0.860856 0)
(-0.106609 0.730811 0)
(-0.229363 1.04003 0)
(-0.137251 0.958056 0)
(0.0726006 0.800753 0)
(0.312705 0.645729 0)
(0.544027 0.510407 0)
(0.749988 0.396445 0)
(0.922895 0.299718 0)
(1.05923 0.214739 0)
(1.15702 0.136275 0)
(1.21416 0.0593995 0)
(1.22745 -0.0211086 0)
(1.192 -0.111771 0)
(1.1007 -0.222025 0)
(0.944597 -0.36626 0)
(0.716285 -0.56473 0)
(0.419304 -0.836618 0)
(0.0890278 -1.16897 0)
(-0.151683 -1.42226 0)
(-0.0907549 -1.07117 0)
(-0.0111841 0.914938 0)
(-0.00937625 0.954664 0)
(0.353858 0.697688 0)
(0.755232 0.499128 0)
(1.09274 0.360643 0)
(1.36619 0.261754 0)
(1.58466 0.189941 0)
(1.75463 0.135946 0)
(1.88142 0.0929037 0)
(1.96881 0.0560012 0)
(2.01851 0.0216944 0)
(2.02996 -0.0131211 0)
(1.99982 -0.052079 0)
(1.92101 -0.100684 0)
(1.781 -0.168962 0)
(1.56016 -0.276253 0)
(1.22953 -0.457323 0)
(0.758338 -0.756687 0)
(0.246985 -1.14526 0)
(0.115311 -1.12918 0)
(1.01245 0.496384 0)
(1.30903 0.438555 0)
(1.83514 0.273427 0)
(2.23945 0.167566 0)
(2.49493 0.105359 0)
(2.66459 0.0674018 0)
(2.78366 0.0436255 0)
(2.86765 0.0281392 0)
(2.9252 0.0173036 0)
(2.96149 0.00894582 0)
(2.97916 0.00174064 0)
(2.97892 -0.00524074 0)
(2.95967 -0.0129674 0)
(2.91793 -0.0228451 0)
(2.84591 -0.0377334 0)
(2.72737 -0.0642792 0)
(2.52436 -0.118256 0)
(2.14301 -0.232647 0)
(1.53943 -0.439655 0)
(1.12373 -0.534378 0)
)
;

boundaryField
{
    movingWall
    {
        type            fixedValue;
        value           uniform (3.5 0 0);
    }
    fixedWalls
    {
        type            noSlip;
    }
    frontAndBack
    {
        type            empty;
    }
}


// ************************************************************************* //
