/*--------------------------------*- C++ -*----------------------------------*\
  =========                 |
  \\      /  F ield         | OpenFOAM: The Open Source CFD Toolbox
   \\    /   O peration     | Website:  https://openfoam.org
    \\  /    A nd           | Version:  8
     \\/     M anipulation  |
\*---------------------------------------------------------------------------*/
FoamFile
{
    version     2.0;
    format      ascii;
    class       surfaceScalarField;
    location    "0.2";
    object      phi;
}
// * * * * * * * * * * * * * * * * * * * * * * * * * * * * * * * * * * * * * //

dimensions      [0 3 -1 0 0 0 0];

internalField   nonuniform List<scalar> 
760
(
1.96054e-08
-1.96093e-08
-3.19121e-08
5.1518e-08
-1.6083e-07
1.28917e-07
-3.4393e-07
1.831e-07
-5.53743e-07
2.09813e-07
-7.64507e-07
2.10764e-07
-9.54098e-07
1.89591e-07
-1.10468e-06
1.50585e-07
-1.20283e-06
9.81441e-08
-1.2396e-06
3.67696e-08
-1.21087e-06
-2.87305e-08
-1.11782e-06
-9.30407e-08
-9.67558e-07
-1.50267e-07
-7.73479e-07
-1.9408e-07
-5.55347e-07
-2.18132e-07
-3.38509e-07
-2.16837e-07
-1.51916e-07
-1.86593e-07
-2.44763e-08
-1.27439e-07
2.2433e-08
-4.69095e-08
2.2432e-08
-4.86556e-08
2.90456e-08
-2.54126e-07
2.56988e-07
-6.09113e-07
4.83904e-07
-1.07051e-06
6.44493e-07
-1.58345e-06
7.22763e-07
-2.09265e-06
7.19957e-07
-2.54818e-06
6.45121e-07
-2.90852e-06
5.10932e-07
-3.14203e-06
3.31652e-07
-3.22786e-06
1.226e-07
-3.15694e-06
-9.96538e-08
-2.93298e-06
-3.17002e-07
-2.57341e-06
-5.09832e-07
-2.10979e-06
-6.57704e-07
-1.58702e-06
-7.40897e-07
-1.0608e-06
-7.4306e-07
-5.92232e-07
-6.55163e-07
-2.39053e-07
-4.80619e-07
-4.19731e-08
-2.43991e-07
-1.9541e-08
-1.30224e-07
1.5927e-07
-5.01914e-07
6.28678e-07
-1.07215e-06
1.05414e-06
-1.77579e-06
1.34813e-06
-2.53781e-06
1.48478e-06
-3.28349e-06
1.46564e-06
-3.94507e-06
1.3067e-06
-4.46575e-06
1.03162e-06
-4.80207e-06
6.67969e-07
-4.92544e-06
2.45964e-07
-4.82352e-06
-2.0157e-07
-4.50158e-06
-6.38944e-07
-3.98353e-06
-1.02788e-06
-3.31231e-06
-1.32892e-06
-2.54872e-06
-1.50449e-06
-1.76787e-06
-1.52391e-06
-1.05242e-06
-1.37061e-06
-4.82237e-07
-1.05081e-06
-1.20632e-07
-6.05596e-07
-1.40172e-07
-2.04664e-07
3.63933e-07
-7.37868e-07
1.16188e-06
-1.51538e-06
1.83165e-06
-2.44462e-06
2.27737e-06
-3.43045e-06
2.47061e-06
-4.38231e-06
2.4175e-06
-5.21972e-06
2.14411e-06
-5.87577e-06
1.68767e-06
-6.2994e-06
1.0916e-06
-6.45689e-06
4.03455e-07
-6.33335e-06
-3.25111e-07
-5.93417e-06
-1.03812e-06
-5.28643e-06
-1.67562e-06
-4.43959e-06
-2.17577e-06
-3.46476e-06
-2.47932e-06
-2.45153e-06
-2.53715e-06
-1.50137e-06
-2.32077e-06
-7.17606e-07
-1.83457e-06
-1.93102e-07
-1.1301e-06
-3.33273e-07
-2.7244e-07
6.36374e-07
-9.60365e-07
1.84981e-06
-1.93838e-06
2.80966e-06
-3.08363e-06
3.42263e-06
-4.27977e-06
3.66675e-06
-5.42167e-06
3.55941e-06
-6.4189e-06
3.14133e-06
-7.19771e-06
2.46649e-06
-7.70225e-06
1.59613e-06
-7.89535e-06
5.96555e-07
-7.75966e-06
-4.60805e-07
-7.29916e-06
-1.49861e-06
-6.54109e-06
-2.43369e-06
-5.5376e-06
-3.17926e-06
-4.36641e-06
-3.6505e-06
-3.12915e-06
-3.77441e-06
-1.9462e-06
-3.50373e-06
-9.47585e-07
-2.83318e-06
-2.60978e-07
-1.81671e-06
-5.94251e-07
-3.36817e-07
9.73192e-07
-1.17528e-06
2.68827e-06
-2.34934e-06
3.98372e-06
-3.70427e-06
4.77756e-06
-5.10173e-06
5.06422e-06
-6.42285e-06
4.88053e-06
-7.56937e-06
4.28784e-06
-8.46335e-06
3.36048e-06
-9.04647e-06
2.17926e-06
-9.27946e-06
8.29537e-07
-9.14239e-06
-5.97875e-07
-8.63619e-06
-2.00481e-06
-7.78524e-06
-3.28465e-06
-6.64064e-06
-4.32386e-06
-5.28321e-06
-5.00793e-06
-3.82459e-06
-5.23303e-06
-2.40464e-06
-4.92368e-06
-1.18368e-06
-4.05414e-06
-3.29422e-07
-2.67096e-06
-9.23674e-07
-4.01038e-07
1.37423e-06
-1.38956e-06
3.6768e-06
-2.7573e-06
5.35146e-06
-4.31601e-06
6.33626e-06
-5.90503e-06
6.65324e-06
-7.39318e-06
6.36868e-06
-8.677e-06
5.57166e-06
-9.67747e-06
4.36095e-06
-1.03365e-05
2.8383e-06
-1.06144e-05
1.10738e-06
-1.04886e-05
-7.23616e-07
-9.95545e-06
-2.53798e-06
-9.03302e-06
-4.20708e-06
-7.76687e-06
-5.59001e-06
-6.23632e-06
-6.53848e-06
-4.55975e-06
-6.9096e-06
-2.89609e-06
-6.58734e-06
-1.43935e-06
-5.51088e-06
-4.04005e-07
-3.70631e-06
-1.32768e-06
-4.67991e-07
1.84222e-06
-1.60952e-06
4.81833e-06
-3.16934e-06
6.91128e-06
-4.92302e-06
8.08994e-06
-6.68791e-06
8.41813e-06
-8.32315e-06
8.00392e-06
-9.72424e-06
6.97274e-06
-1.08155e-05
5.45221e-06
-1.15429e-05
3.56574e-06
-1.18688e-05
1.43328e-06
-1.1769e-05
-8.23478e-07
-1.12332e-05
-3.07376e-06
-1.02696e-05
-5.17069e-06
-8.91234e-06
-6.94725e-06
-7.23246e-06
-8.21837e-06
-5.34907e-06
-8.79299e-06
-3.43736e-06
-8.49905e-06
-1.72768e-06
-7.22056e-06
-4.90208e-07
-4.94377e-06
-1.81789e-06
-5.40486e-07
2.38271e-06
-1.84089e-06
6.11874e-06
-3.58983e-06
8.66022e-06
-5.52262e-06
1.00227e-05
-7.43575e-06
1.03313e-05
-9.18351e-06
9.75168e-06
-1.06667e-05
8.45596e-06
-1.18196e-05
6.60513e-06
-1.2598e-05
4.3441e-06
-1.29701e-05
1.80533e-06
-1.29114e-05
-8.82086e-07
-1.24046e-05
-3.58057e-06
-1.14434e-05
-6.13191e-06
-1.00432e-05
-8.34743e-06
-8.25699e-06
-1.00046e-05
-6.19439e-06
-1.08556e-05
-4.03984e-06
-1.06536e-05
-2.06051e-06
-9.19989e-06
-5.93546e-07
-6.41074e-06
-2.41143e-06
-6.2216e-07
3.00487e-06
-2.09019e-06
7.58676e-06
-4.02114e-06
1.05912e-05
-6.10439e-06
1.2106e-05
-8.11864e-06
1.23455e-05
-9.92134e-06
1.15544e-05
-1.14284e-05
9.96305e-06
-1.25934e-05
7.77008e-06
-1.33894e-05
5.14016e-06
-1.37965e-05
2.21239e-06
-1.37932e-05
-8.85406e-07
-1.33545e-05
-4.0193e-06
-1.24558e-05
-7.03052e-06
-1.10855e-05
-9.71782e-06
-9.26494e-06
-1.18251e-05
-7.07877e-06
-1.30418e-05
-4.70672e-06
-1.30256e-05
-2.44836e-06
-1.14583e-05
-7.20216e-07
-8.13889e-06
-3.13165e-06
-7.19104e-07
3.72397e-06
-2.36704e-06
9.2347e-06
-4.46459e-06
1.26887e-05
-6.64863e-06
1.429e-05
-8.68721e-06
1.43841e-05
-1.04542e-05
1.33213e-05
-1.18947e-05
1.14036e-05
-1.2994e-05
8.86937e-06
-1.37527e-05
5.89882e-06
-1.41695e-05
2.62924e-06
-1.42308e-05
-8.24147e-07
-1.39055e-05
-4.34455e-06
-1.31483e-05
-7.78776e-06
-1.19111e-05
-1.0955e-05
-1.01686e-05
-1.35677e-05
-7.95739e-06
-1.5253e-05
-5.42881e-06
-1.55542e-05
-2.90039e-06
-1.39867e-05
-8.78268e-07
-1.0161e-05
-4.00992e-06
-8.42549e-07
4.56652e-06
-2.68723e-06
1.10794e-05
-4.92019e-06
1.49217e-05
-7.12149e-06
1.64913e-05
-9.0641e-06
1.63267e-05
-1.06597e-05
1.49169e-05
-1.19021e-05
1.2646e-05
-1.28234e-05
9.79068e-06
-1.34626e-05
6.53798e-06
-1.38453e-05
3.01197e-06
-1.39713e-05
-6.98115e-07
-1.38076e-05
-4.5083e-06
-1.32877e-05
-8.30761e-06
-1.23215e-05
-1.19212e-05
-1.08199e-05
-1.50693e-05
-8.74322e-06
-1.73296e-05
-6.17665e-06
-1.81208e-05
-3.42357e-06
-1.67397e-05
-1.07957e-06
-1.2505e-05
-5.08948e-06
-1.01326e-06
5.57978e-06
-3.07516e-06
1.31413e-05
-5.3813e-06
1.72278e-05
-7.46152e-06
1.85715e-05
-9.12583e-06
1.7991e-05
-1.03567e-05
1.61478e-05
-1.12218e-05
1.35111e-05
-1.18156e-05
1.03845e-05
-1.2225e-05
6.94736e-06
-1.2509e-05
3.29592e-06
-1.26865e-05
-5.20552e-07
-1.27285e-05
-4.46628e-06
-1.25529e-05
-8.48326e-06
-1.20269e-05
-1.24471e-05
-1.09862e-05
-1.61101e-05
-9.28344e-06
-1.90324e-05
-6.88501e-06
-2.05192e-05
-4.01899e-06
-1.96058e-05
-1.34283e-06
-1.51812e-05
-6.43231e-06
-1.26804e-06
6.84781e-06
-3.56164e-06
1.54349e-05
-5.81512e-06
1.94813e-05
-7.54689e-06
2.03033e-05
-8.66567e-06
1.91098e-05
-9.27223e-06
1.67544e-05
-9.53468e-06
1.37736e-05
-9.62148e-06
1.04713e-05
-9.67017e-06
6.99605e-06
-9.77388e-06
3.39963e-06
-9.97406e-06
-3.20373e-07
-1.02531e-05
-4.18726e-06
-1.05247e-05
-8.21165e-06
-1.06254e-05
-1.23464e-05
-1.03168e-05
-1.64186e-05
-9.32081e-06
-2.00284e-05
-7.42132e-06
-2.24187e-05
-4.6695e-06
-2.23576e-05
-1.69717e-06
-1.81535e-05
-8.12948e-06
-1.66569e-06
8.5135e-06
-4.16244e-06
1.79316e-05
-6.10688e-06
2.14257e-05
-7.12228e-06
2.13187e-05
-7.3226e-06
1.93101e-05
-6.98416e-06
1.64159e-05
-6.3938e-06
1.31832e-05
-5.79021e-06
9.8677e-06
-5.35005e-06
6.5559e-06
-5.19032e-06
3.2399e-06
-5.37158e-06
-1.39113e-07
-5.89469e-06
-3.66415e-06
-6.68798e-06
-7.41836e-06
-7.58504e-06
-1.14494e-05
-8.30093e-06
-1.57027e-05
-8.4305e-06
-1.98988e-05
-7.52087e-06
-2.33284e-05
-5.30157e-06
-2.45769e-05
-2.18012e-06
-2.1275e-05
-1.03096e-05
-2.27339e-06
1.07869e-05
-4.79177e-06
2.045e-05
-5.91757e-06
2.25515e-05
-5.64908e-06
2.10502e-05
-4.45814e-06
1.81192e-05
-2.83803e-06
1.47958e-05
-1.17912e-06
1.15243e-05
2.44623e-07
8.44396e-06
1.25244e-06
5.54808e-06
1.72961e-06
2.76274e-06
1.60959e-06
-1.91011e-08
8.70257e-07
-2.92481e-06
-4.5409e-07
-6.09401e-06
-2.23962e-06
-9.66382e-06
-4.21913e-06
-1.37232e-05
-5.92113e-06
-1.81968e-05
-6.6561e-06
-2.25934e-05
-5.67685e-06
-2.55561e-05
-2.80383e-06
-2.4148e-05
-1.31134e-05
-3.07303e-06
1.38599e-05
-4.992e-06
2.2369e-05
-4.35552e-06
2.19151e-05
-2.02877e-06
1.87235e-05
1.02833e-06
1.50621e-05
4.15115e-06
1.1673e-05
6.93572e-06
8.73972e-06
9.15558e-06
6.2241e-06
1.06876e-05
4.01609e-06
1.14601e-05
1.99016e-06
1.14233e-05
1.77605e-08
1.05386e-05
-2.04012e-06
8.78395e-06
-4.33937e-06
6.18732e-06
-7.0672e-06
2.89755e-06
-1.04335e-05
-6.93082e-07
-1.46062e-05
-3.79282e-06
-1.94937e-05
-5.12902e-06
-2.42199e-05
-3.42608e-06
-2.58509e-05
-1.65395e-05
-3.62638e-06
1.74863e-05
-3.20485e-06
2.19474e-05
7.05966e-07
1.80042e-05
5.8396e-06
1.35899e-05
1.09116e-05
9.99011e-06
1.53535e-05
7.23107e-06
1.89503e-05
5.14296e-06
2.16478e-05
3.52654e-06
2.34511e-05
2.21281e-06
2.43709e-05
1.0704e-06
2.43967e-05
-8.06841e-09
2.34862e-05
-1.12966e-06
2.156e-05
-2.41318e-06
1.85169e-05
-4.02401e-06
1.42839e-05
-6.20048e-06
8.94901e-06
-9.27133e-06
3.04107e-06
-1.35857e-05
-1.98278e-06
-1.91961e-05
-3.39917e-06
-2.44345e-05
-1.99387e-05
-1.26808e-06
1.87544e-05
5.34353e-06
1.53358e-05
1.39024e-05
9.44541e-06
2.15325e-05
5.95975e-06
2.7654e-05
3.86857e-06
3.23393e-05
2.54578e-06
3.57991e-05
1.68315e-06
3.82344e-05
1.09126e-06
3.97948e-05
6.5242e-07
4.05709e-05
2.94337e-07
4.0595e-05
-3.22052e-08
3.98346e-05
-3.69306e-07
3.81871e-05
-7.65619e-07
3.54587e-05
-1.29566e-06
3.13498e-05
-2.09154e-06
2.54775e-05
-3.39906e-06
1.75622e-05
-5.67043e-06
8.07327e-06
-9.70712e-06
1.52854e-08
-1.63766e-05
-1.99234e-05
1.87544e-05
3.40902e-05
4.35356e-05
4.94954e-05
5.33639e-05
5.59097e-05
5.75929e-05
5.86841e-05
5.93365e-05
5.96309e-05
5.95987e-05
5.92294e-05
5.84638e-05
5.71681e-05
5.50766e-05
5.16775e-05
4.60071e-05
3.62999e-05
1.99234e-05
)
;

boundaryField
{
    movingWall
    {
        type            calculated;
        value           uniform 0;
    }
    fixedWalls
    {
        type            calculated;
        value           uniform 0;
    }
    frontAndBack
    {
        type            empty;
        value           nonuniform List<scalar> 0();
    }
}


// ************************************************************************* //
