/*--------------------------------*- C++ -*----------------------------------*\
  =========                 |
  \\      /  F ield         | OpenFOAM: The Open Source CFD Toolbox
   \\    /   O peration     | Website:  https://openfoam.org
    \\  /    A nd           | Version:  8
     \\/     M anipulation  |
\*---------------------------------------------------------------------------*/
FoamFile
{
    version     2.0;
    format      ascii;
    class       volScalarField;
    location    "0.5";
    object      p;
}
// * * * * * * * * * * * * * * * * * * * * * * * * * * * * * * * * * * * * * //

dimensions      [0 2 -2 0 0 0 0];

internalField   nonuniform List<scalar> 
400
(
2.71743e-06
-0.0269548
-0.058798
-0.0826924
-0.0919077
-0.083614
-0.0574096
-0.014449
0.0428967
0.111022
0.184991
0.258611
0.324847
0.376653
0.408201
0.416313
0.401843
0.370685
0.33404
0.307652
0.0267997
-0.00114316
-0.0260093
-0.0422334
-0.0471761
-0.0389411
-0.0170511
0.0178066
0.0639754
0.118762
0.178344
0.237837
0.29165
0.334188
0.360854
0.369191
0.359933
0.337419
0.308413
0.281648
0.0605097
0.0219592
-0.00460379
-0.0191302
-0.0231393
-0.0159271
0.00271066
0.0322708
0.0716162
0.118763
0.170665
0.223188
0.271369
0.310036
0.334728
0.34278
0.334362
0.312587
0.280682
0.243078
0.0884047
0.0357822
0.00331768
-0.0129442
-0.0181457
-0.0126674
0.00337179
0.029568
0.0652134
0.108903
0.158146
0.209178
0.257115
0.296499
0.322223
0.330709
0.321193
0.295786
0.255178
0.20173
0.101273
0.0345641
-0.00474711
-0.0238872
-0.0311338
-0.027737
-0.0140145
0.00980782
0.0434957
0.0862314
0.136027
0.18936
0.241165
0.285295
0.315462
0.3266
0.316567
0.286402
0.234709
0.162944
0.0918491
0.0119448
-0.034187
-0.0565851
-0.0662498
-0.0650892
-0.0534571
-0.0312627
0.00184747
0.0457389
0.0989962
0.158341
0.218414
0.27208
0.311355
0.329003
0.320851
0.28647
0.222362
0.129772
0.0539724
-0.0379737
-0.0904823
-0.116125
-0.128331
-0.12951
-0.119899
-0.0989264
-0.0654727
-0.0187893
0.0404927
0.109518
0.182692
0.251719
0.306408
0.336511
0.334821
0.298568
0.221454
0.10474
-0.0178834
-0.120635
-0.178818
-0.207401
-0.222091
-0.225737
-0.218349
-0.198704
-0.16468
-0.11433
-0.0471166
0.0349336
0.126301
0.217572
0.295925
0.347093
0.359396
0.326142
0.236565
0.0915736
-0.128797
-0.241171
-0.304116
-0.334999
-0.351858
-0.35805
-0.353324
-0.335656
-0.301646
-0.247738
-0.17166
-0.0739472
0.0406066
0.161865
0.274195
0.35827
0.39603
0.374329
0.274864
0.0969235
-0.28345
-0.404477
-0.470912
-0.502781
-0.520856
-0.529279
-0.527618
-0.512941
-0.480294
-0.424022
-0.339416
-0.224595
-0.0825847
0.0766703
0.235063
0.367426
0.44709
0.450808
0.347666
0.132443
-0.486321
-0.615448
-0.683266
-0.713334
-0.730226
-0.739455
-0.740615
-0.729822
-0.700292
-0.643768
-0.552324
-0.420556
-0.248308
-0.043778
0.173638
0.372916
0.516719
0.567
0.472515
0.217725
-0.742491
-0.879683
-0.944851
-0.967367
-0.977868
-0.984226
-0.986364
-0.979396
-0.954417
-0.900073
-0.804462
-0.65753
-0.454307
-0.199106
0.0896795
0.376601
0.612678
0.739936
0.676143
0.38486
-1.05986
-1.20506
-1.25928
-1.26301
-1.25715
-1.25327
-1.2518
-1.24663
-1.22631
-1.17586
-1.07877
-0.919375
-0.686344
-0.377677
-0.00740893
0.388093
0.749636
0.995251
0.998879
0.685982
-1.45454
-1.6048
-1.63058
-1.59486
-1.55554
-1.52897
-1.51567
-1.50751
-1.48972
-1.44305
-1.3458
-1.17609
-0.915122
-0.55241
-0.0936623
0.429595
0.953343
1.37123
1.50126
1.20637
-1.96327
-2.10282
-2.06299
-1.952
-1.8528
-1.78551
-1.74861
-1.73008
-1.71032
-1.66487
-1.56633
-1.38631
-1.0981
-0.681279
-0.129541
0.537901
1.26272
1.92149
2.27148
2.08456
-2.66895
-2.74153
-2.55895
-2.31476
-2.11919
-1.98891
-1.91503
-1.87794
-1.85082
-1.80249
-1.69936
-1.50645
-1.18909
-0.716387
-0.0671493
0.759658
1.72661
2.71179
3.42664
3.53163
-3.75416
-3.59083
-3.11702
-2.65517
-2.3182
-2.1017
-1.97972
-1.91878
-1.88104
-1.82702
-1.7163
-1.50749
-1.15779
-0.625374
0.128679
1.13378
2.39083
3.80974
5.11235
5.86208
-5.67855
-4.74634
-3.70111
-2.91795
-2.39715
-2.08046
-1.91092
-1.83148
-1.7887
-1.73357
-1.61927
-1.39878
-1.02135
-0.433547
0.42582
1.62581
3.22856
5.23005
7.5329
9.72197
-9.75203
-6.24043
-4.00606
-2.83472
-2.16714
-1.79982
-1.63132
-1.57509
-1.56122
-1.53388
-1.44333
-1.23994
-0.871373
-0.273103
0.637504
1.97932
3.91883
6.68287
10.8188
16.5592
-17.584
-7.66937
-3.37141
-1.96964
-1.38054
-1.12477
-1.0731
-1.1249
-1.20485
-1.25939
-1.24341
-1.11215
-0.815863
-0.293101
0.541803
1.83467
3.87559
7.32111
14.0731
26.4585
)
;

boundaryField
{
    movingWall
    {
        type            zeroGradient;
    }
    fixedWalls
    {
        type            zeroGradient;
    }
    frontAndBack
    {
        type            empty;
    }
}


// ************************************************************************* //
