/*--------------------------------*- C++ -*----------------------------------*\
  =========                 |
  \\      /  F ield         | OpenFOAM: The Open Source CFD Toolbox
   \\    /   O peration     | Website:  https://openfoam.org
    \\  /    A nd           | Version:  8
     \\/     M anipulation  |
\*---------------------------------------------------------------------------*/
FoamFile
{
    version     2.0;
    format      ascii;
    class       surfaceScalarField;
    location    "0.5";
    object      phi;
}
// * * * * * * * * * * * * * * * * * * * * * * * * * * * * * * * * * * * * * //

dimensions      [0 3 -1 0 0 0 0];

internalField   nonuniform List<scalar> 
760
(
5.85979e-08
-5.86217e-08
-1.19805e-07
1.78402e-07
-5.43553e-07
4.23748e-07
-1.13261e-06
5.89055e-07
-1.80215e-06
6.69544e-07
-2.47745e-06
6.75295e-07
-3.09494e-06
6.17496e-07
-3.60042e-06
5.05473e-07
-3.94754e-06
3.47113e-07
-4.09883e-06
1.51295e-07
-4.02949e-06
-6.9343e-08
-3.73306e-06
-2.96427e-07
-3.22749e-06
-5.05562e-07
-2.55942e-06
-6.68077e-07
-1.80435e-06
-7.55068e-07
-1.06097e-06
-7.4339e-07
-4.38172e-07
-6.22798e-07
-3.52648e-08
-4.02911e-07
8.97689e-08
-1.25036e-07
8.97689e-08
-1.75913e-07
1.1729e-07
-8.70938e-07
8.73424e-07
-2.03977e-06
1.59257e-06
-3.53605e-06
2.08533e-06
-5.18981e-06
2.32331e-06
-6.83689e-06
2.32237e-06
-8.3291e-06
2.10971e-06
-9.53708e-06
1.71344e-06
-1.0352e-05
1.16206e-06
-1.06903e-05
4.89553e-07
-1.05016e-05
-2.58049e-07
-9.77962e-06
-1.01839e-06
-8.57246e-06
-1.71272e-06
-6.9886e-06
-2.25193e-06
-5.19481e-06
-2.54885e-06
-3.40188e-06
-2.53632e-06
-1.83598e-06
-2.1887e-06
-6.96308e-07
-1.54258e-06
-1.00376e-07
-7.20968e-07
-1.06094e-08
-4.54936e-07
5.72226e-07
-1.70642e-06
2.12491e-06
-3.58466e-06
3.47081e-06
-5.87223e-06
4.37289e-06
-8.33808e-06
4.78916e-06
-1.07599e-05
4.74423e-06
-1.29349e-05
4.28471e-06
-1.46846e-05
3.46311e-06
-1.58593e-05
2.3367e-06
-1.63451e-05
9.75418e-07
-1.60752e-05
-5.28014e-07
-1.50421e-05
-2.05144e-06
-1.3311e-05
-3.44386e-06
-1.10265e-05
-4.53636e-06
-8.41103e-06
-5.16436e-06
-5.74685e-06
-5.2005e-06
-3.34156e-06
-4.59398e-06
-1.47647e-06
-3.40767e-06
-3.45485e-07
-1.85195e-06
-3.56097e-07
-7.09808e-07
1.28203e-06
-2.49681e-06
3.91191e-06
-5.0491e-06
6.0231e-06
-8.06382e-06
7.38761e-06
-1.12523e-05
7.9776e-06
-1.4348e-05
7.83998e-06
-1.71113e-05
7.04804e-06
-1.93318e-05
5.68355e-06
-2.08322e-05
3.83709e-06
-2.14763e-05
1.61954e-06
-2.11805e-05
-8.23781e-07
-1.99287e-05
-3.30329e-06
-1.77871e-05
-5.58541e-06
-1.49162e-05
-7.40731e-06
-1.1572e-05
-8.50861e-06
-8.09224e-06
-8.68022e-06
-4.86163e-06
-7.82459e-06
-2.2561e-06
-6.0132e-06
-5.7743e-07
-3.53062e-06
-9.3353e-07
-9.37307e-07
2.21934e-06
-3.22196e-06
6.19657e-06
-6.40526e-06
9.2064e-06
-1.00955e-05
1.10779e-05
-1.39481e-05
1.18302e-05
-1.76603e-05
1.15522e-05
-2.09668e-05
1.03545e-05
-2.36363e-05
8.35301e-06
-2.54723e-05
5.6731e-06
-2.63189e-05
2.46615e-06
-2.60719e-05
-1.07077e-06
-2.4695e-05
-4.68022e-06
-2.22388e-05
-8.04155e-06
-1.88597e-05
-1.07864e-05
-1.48309e-05
-1.25375e-05
-1.05378e-05
-1.29733e-05
-6.44909e-06
-1.19133e-05
-3.05787e-06
-9.40442e-06
-8.04127e-07
-5.78436e-06
-1.73766e-06
-1.14153e-06
3.36086e-06
-3.88235e-06
8.93739e-06
-7.64858e-06
1.29726e-05
-1.19634e-05
1.53927e-05
-1.64301e-05
1.6297e-05
-2.07169e-05
1.5839e-05
-2.45417e-05
1.41792e-05
-2.76611e-05
1.14725e-05
-2.98657e-05
7.87768e-06
-3.09809e-05
3.58137e-06
-3.08766e-05
-1.1751e-06
-2.94838e-05
-6.07305e-06
-2.68189e-05
-1.07065e-05
-2.30123e-05
-1.4593e-05
-1.83351e-05
-1.72147e-05
-1.32114e-05
-1.80969e-05
-8.20143e-06
-1.69233e-05
-3.9424e-06
-1.36634e-05
-1.04982e-06
-8.67694e-06
-2.78747e-06
-1.3256e-06
4.68646e-06
-4.48007e-06
1.20919e-05
-8.77525e-06
1.72678e-05
-1.36555e-05
2.02729e-05
-1.86786e-05
2.13201e-05
-2.34917e-05
2.06521e-05
-2.78057e-05
1.84932e-05
-3.13747e-05
1.50415e-05
-3.39832e-05
1.04862e-05
-3.54409e-05
5.03907e-06
-3.5588e-05
-1.02801e-06
-3.43114e-05
-7.34969e-06
-3.15734e-05
-1.34444e-05
-2.74526e-05
-1.87138e-05
-2.21905e-05
-2.24768e-05
-1.62303e-05
-2.40571e-05
-1.02243e-05
-2.29293e-05
-4.98131e-06
-1.89065e-05
-1.34237e-06
-1.23159e-05
-4.12984e-06
-1.49111e-06
6.17756e-06
-5.01507e-06
1.56158e-05
-9.77631e-06
2.20291e-05
-1.51462e-05
2.56428e-05
-2.06451e-05
2.6819e-05
-2.59095e-05
2.59165e-05
-3.06553e-05
2.3239e-05
-3.46468e-05
1.9033e-05
-3.7673e-05
1.35125e-05
-3.95354e-05
6.90145e-06
-4.00458e-05
-5.17634e-07
-3.90396e-05
-8.3559e-06
-3.64066e-05
-1.60774e-05
-3.21431e-05
-2.29773e-05
-2.64218e-05
-2.81981e-05
-1.96683e-05
-3.08106e-05
-1.26092e-05
-2.99885e-05
-6.24603e-06
-2.52696e-05
-1.71092e-06
-1.6851e-05
-5.84075e-06
-1.63968e-06
7.81724e-06
-5.48778e-06
1.94639e-05
-1.06406e-05
2.71819e-05
-1.63994e-05
3.14015e-05
-2.22557e-05
3.26754e-05
-2.78489e-05
3.15096e-05
-3.29161e-05
2.83062e-05
-3.72485e-05
2.33653e-05
-4.06566e-05
1.69206e-05
-4.29478e-05
9.19262e-06
-4.39153e-05
4.49858e-07
-4.33441e-05
-8.92712e-06
-4.10386e-05
-1.83828e-05
-3.68813e-05
-2.71347e-05
-3.09255e-05
-3.41538e-05
-2.35175e-05
-3.82186e-05
-1.54105e-05
-3.80955e-05
-7.80033e-06
-3.28798e-05
-2.18579e-06
-2.24655e-05
-8.02655e-06
-1.77678e-06
9.59403e-06
-5.90721e-06
2.35943e-05
-1.1365e-05
3.26397e-05
-1.73785e-05
3.7415e-05
-2.34207e-05
3.87176e-05
-2.91518e-05
3.72406e-05
-3.43511e-05
3.35056e-05
-3.88593e-05
2.78735e-05
-4.25317e-05
2.0593e-05
-4.52047e-05
1.18656e-05
-4.66736e-05
1.91884e-06
-4.66871e-05
-8.91369e-06
-4.49635e-05
-2.01063e-05
-4.12465e-05
-3.08517e-05
-3.54126e-05
-3.99878e-05
-2.76407e-05
-4.59905e-05
-1.8618e-05
-4.71181e-05
-9.69232e-06
-4.18055e-05
-2.79996e-06
-2.93579e-05
-1.08265e-05
-1.91821e-06
1.15122e-05
-6.3042e-06
2.79803e-05
-1.19701e-05
3.83057e-05
-1.80618e-05
4.35067e-05
-2.40485e-05
4.47043e-05
-2.96359e-05
4.2828e-05
-3.46739e-05
3.85436e-05
-3.9081e-05
3.22807e-05
-4.27867e-05
2.42987e-05
-4.56875e-05
1.47664e-05
-4.76137e-05
3.84505e-06
-4.83075e-05
-8.21988e-06
-4.74208e-05
-2.09931e-05
-4.45512e-05
-3.37213e-05
-3.93467e-05
-4.51923e-05
-3.17107e-05
-5.36265e-05
-2.21154e-05
-5.67134e-05
-1.19411e-05
-5.19798e-05
-3.59115e-06
-3.77078e-05
-1.44177e-05
-2.10049e-06
1.36127e-05
-6.74969e-06
3.26295e-05
-1.25179e-05
4.40738e-05
-1.84552e-05
4.9444e-05
-2.40535e-05
5.03026e-05
-2.91024e-05
4.7877e-05
-3.35596e-05
4.30007e-05
-3.7455e-05
3.61761e-05
-4.08252e-05
2.76689e-05
-4.36626e-05
1.76038e-05
-4.5874e-05
6.05636e-06
-4.72418e-05
-6.85202e-06
-4.73959e-05
-2.08389e-05
-4.5813e-05
-3.53042e-05
-4.18873e-05
-4.9118e-05
-3.51383e-05
-6.03755e-05
-2.56203e-05
-6.62315e-05
-1.4512e-05
-6.3088e-05
-4.60442e-06
-4.76154e-05
-1.90221e-05
-2.39767e-06
1.60104e-05
-7.37669e-06
3.76085e-05
-1.31228e-05
4.98199e-05
-1.85872e-05
5.49084e-05
-2.33404e-05
5.50558e-05
-2.73173e-05
5.18539e-05
-3.0632e-05
4.63154e-05
-3.34633e-05
3.90075e-05
-3.59856e-05
3.01911e-05
-3.832e-05
1.99382e-05
-4.04917e-05
8.22813e-06
-4.23806e-05
-4.96318e-06
-4.36636e-05
-1.95559e-05
-4.37643e-05
-3.52035e-05
-4.18531e-05
-5.10293e-05
-3.6996e-05
-6.52325e-05
-2.86003e-05
-7.46272e-05
-1.72702e-05
-7.44181e-05
-5.89263e-06
-5.8993e-05
-2.49147e-05
-2.94811e-06
1.89585e-05
-8.39804e-06
4.30585e-05
-1.39309e-05
5.53528e-05
-1.84497e-05
5.94271e-05
-2.17209e-05
5.8327e-05
-2.39222e-05
5.40552e-05
-2.53862e-05
4.77793e-05
-2.6475e-05
4.00963e-05
-2.75205e-05
3.12366e-05
-2.87907e-05
2.12083e-05
-3.04577e-05
9.89514e-06
-3.25496e-05
-2.87123e-06
-3.48743e-05
-1.72312e-05
-3.69142e-05
-3.31636e-05
-3.77255e-05
-5.02179e-05
-3.5948e-05
-6.701e-05
-3.01581e-05
-8.04171e-05
-1.98931e-05
-8.4683e-05
-7.50549e-06
-7.13807e-05
-3.24202e-05
-3.99002e-06
2.29485e-05
-1.0086e-05
4.91544e-05
-1.49988e-05
6.02656e-05
-1.77965e-05
6.22249e-05
-1.86752e-05
5.92057e-05
-1.81962e-05
5.35762e-05
-1.69758e-05
4.6559e-05
-1.55772e-05
3.86977e-05
-1.44828e-05
3.01422e-05
-1.40939e-05
2.08195e-05
-1.47262e-05
1.05274e-05
-1.65792e-05
-1.01824e-06
-1.96623e-05
-1.41481e-05
-2.36551e-05
-2.91707e-05
-2.76993e-05
-4.61738e-05
-3.01946e-05
-6.45147e-05
-2.88699e-05
-8.17418e-05
-2.16949e-05
-9.1858e-05
-9.43162e-06
-8.3644e-05
-4.18518e-05
-5.86747e-06
2.8816e-05
-1.25841e-05
5.5871e-05
-1.58816e-05
6.35631e-05
-1.56106e-05
6.19539e-05
-1.27975e-05
5.63926e-05
-8.54499e-06
4.93237e-05
-3.77936e-06
4.17933e-05
7.71149e-07
3.41472e-05
4.53271e-06
2.63807e-05
7.03272e-06
1.83195e-05
7.86574e-06
9.69437e-06
6.68852e-06
1.58973e-07
3.26773e-06
-1.07273e-05
-2.39255e-06
-2.35105e-05
-9.77787e-06
-3.87885e-05
-1.74326e-05
-5.686e-05
-2.2549e-05
-7.66254e-05
-2.12752e-05
-9.31318e-05
-1.13958e-05
-9.35234e-05
-5.32476e-05
-8.84433e-06
3.76603e-05
-1.51229e-05
6.21496e-05
-1.4455e-05
6.28952e-05
-8.86224e-06
5.63612e-05
-6.92166e-07
4.82225e-05
8.39139e-06
4.02401e-05
1.72817e-05
3.29031e-05
2.52415e-05
2.61873e-05
3.17486e-05
1.98735e-05
3.6384e-05
1.36842e-05
3.87585e-05
7.31985e-06
3.84721e-05
4.45374e-07
3.51225e-05
-7.37768e-06
2.83588e-05
-1.67468e-05
1.81213e-05
-2.8551e-05
5.18132e-06
-4.392e-05
-7.90656e-06
-6.35375e-05
-1.59103e-05
-8.51281e-05
-1.23649e-05
-9.70688e-05
-6.56125e-05
-1.21806e-05
4.98409e-05
-1.33926e-05
6.33616e-05
-3.93653e-06
5.34391e-05
9.96787e-06
4.24568e-05
2.47885e-05
3.34019e-05
3.88685e-05
2.616e-05
5.14037e-05
2.03679e-05
6.19853e-05
1.56057e-05
7.03727e-05
1.14862e-05
7.63624e-05
7.69449e-06
7.9714e-05
3.9682e-06
8.00926e-05
6.68014e-08
7.70534e-05
-4.33851e-06
6.99813e-05
-9.67468e-06
5.81765e-05
-1.67461e-05
4.12118e-05
-2.69554e-05
2.00967e-05
-4.24224e-05
-3.49065e-07
-6.46823e-05
-9.57166e-06
-8.78462e-05
-7.51842e-05
-8.04567e-06
5.78866e-05
9.05998e-06
4.6256e-05
3.34613e-05
2.90378e-05
5.63476e-05
1.95705e-05
7.59544e-05
1.37952e-05
9.22295e-05
9.88492e-06
0.000105443
7.15444e-06
0.000115889
5.15979e-06
0.000123785
3.5898e-06
0.000129237
2.24268e-06
0.000132221
9.8395e-07
0.000132584
-2.956e-07
0.000129959
-1.71422e-06
0.000123727
-3.44193e-06
0.000112816
-5.83511e-06
9.55689e-05
-9.70864e-06
7.01426e-05
-1.69961e-05
3.69225e-05
-3.14622e-05
5.45111e-06
-5.63748e-05
-6.97331e-05
5.78866e-05
0.000104143
0.00013318
0.000152751
0.000166546
0.000176431
0.000183585
0.000188745
0.000192335
0.000194578
0.000195562
0.000195266
0.000193552
0.00019011
0.000184275
0.000174566
0.00015757
0.000126108
6.97331e-05
)
;

boundaryField
{
    movingWall
    {
        type            calculated;
        value           uniform 0;
    }
    fixedWalls
    {
        type            calculated;
        value           uniform 0;
    }
    frontAndBack
    {
        type            empty;
        value           nonuniform List<scalar> 0();
    }
}


// ************************************************************************* //
