/*--------------------------------*- C++ -*----------------------------------*\
  =========                 |
  \\      /  F ield         | OpenFOAM: The Open Source CFD Toolbox
   \\    /   O peration     | Website:  https://openfoam.org
    \\  /    A nd           | Version:  8
     \\/     M anipulation  |
\*---------------------------------------------------------------------------*/
FoamFile
{
    version     2.0;
    format      ascii;
    class       volVectorField;
    location    "0.5";
    object      U;
}
// * * * * * * * * * * * * * * * * * * * * * * * * * * * * * * * * * * * * * //

dimensions      [0 1 -1 0 0 0 0];

internalField   nonuniform List<vector> 
400
(
(0.0010967 -0.00109735 0)
(0.000386769 0.000603431 0)
(-0.00581233 0.00260077 0)
(-0.0162658 0.00394794 0)
(-0.02918 0.00461402 0)
(-0.0429261 0.0047136 0)
(-0.056114 0.00435398 0)
(-0.0675652 0.0036105 0)
(-0.0762713 0.00253436 0)
(-0.0813834 0.00117752 0)
(-0.0822602 -0.000379847 0)
(-0.0785675 -0.00200976 0)
(-0.0704027 -0.0035302 0)
(-0.0584057 -0.00471762 0)
(-0.0438121 -0.00533826 0)
(-0.0284047 -0.00519624 0)
(-0.0143285 -0.00419229 0)
(-0.00375665 -0.00238546 0)
(0.00159854 -0.000127252 0)
(0.00140209 0.00135726 0)
(-0.000545674 -0.000488007 0)
(-0.00805476 0.00797251 0)
(-0.0271302 0.0166746 0)
(-0.0546255 0.0226875 0)
(-0.0869349 0.0256573 0)
(-0.120688 0.0258432 0)
(-0.152745 0.0236108 0)
(-0.180315 0.0192986 0)
(-0.200999 0.0132181 0)
(-0.212843 0.00573034 0)
(-0.214464 -0.00266336 0)
(-0.20525 -0.0112575 0)
(-0.185585 -0.0191358 0)
(-0.157026 -0.0252402 0)
(-0.122364 -0.0285201 0)
(-0.085474 -0.0281525 0)
(-0.0508723 -0.0238053 0)
(-0.0229893 -0.0159012 0)
(-0.00540753 -0.00601085 0)
(0.000216355 0.00177069 0)
(-0.00275024 0.00580762 0)
(-0.018094 0.0273745 0)
(-0.0501658 0.0471596 0)
(-0.0931257 0.0606983 0)
(-0.141807 0.067172 0)
(-0.191729 0.0669327 0)
(-0.238638 0.0606841 0)
(-0.278689 0.0492002 0)
(-0.308571 0.0333019 0)
(-0.325608 0.0139842 0)
(-0.327938 -0.00742112 0)
(-0.314758 -0.0291356 0)
(-0.286603 -0.048943 0)
(-0.245557 -0.0643564 0)
(-0.195338 -0.072959 0)
(-0.141114 -0.0729023 0)
(-0.0889544 -0.0634968 0)
(-0.0449099 -0.045777 0)
(-0.0144257 -0.0230982 0)
(-0.00160737 -0.00263995 0)
(-0.00472126 0.0175411 0)
(-0.0275189 0.0579816 0)
(-0.0721066 0.0918293 0)
(-0.129536 0.114231 0)
(-0.192993 0.124328 0)
(-0.25709 0.122747 0)
(-0.316805 0.110639 0)
(-0.367604 0.0893174 0)
(-0.405579 0.0602453 0)
(-0.427552 0.025217 0)
(-0.431265 -0.0134026 0)
(-0.415651 -0.0525194 0)
(-0.381155 -0.088329 0)
(-0.330012 -0.116581 0)
(-0.266413 -0.133123 0)
(-0.196418 -0.134719 0)
(-0.127404 -0.120021 0)
(-0.0671038 -0.0904914 0)
(-0.0232879 -0.0511555 0)
(-0.0032476 -0.0118705 0)
(-0.00642854 0.0341032 0)
(-0.0360551 0.0988923 0)
(-0.0923717 0.149431 0)
(-0.163321 0.181563 0)
(-0.240422 0.195035 0)
(-0.317483 0.191099 0)
(-0.388917 0.171534 0)
(-0.449741 0.13829 0)
(-0.495659 0.0935269 0)
(-0.523108 0.0398773 0)
(-0.529427 -0.019217 0)
(-0.513132 -0.0792751 0)
(-0.474282 -0.134768 0)
(-0.414878 -0.17944 0)
(-0.339195 -0.207028 0)
(-0.253906 -0.212399 0)
(-0.167672 -0.192986 0)
(-0.0902042 -0.150164 0)
(-0.0322014 -0.0902623 0)
(-0.00475255 -0.0256233 0)
(-0.0079324 0.0549781 0)
(-0.0437663 0.149339 0)
(-0.110901 0.219167 0)
(-0.194355 0.261871 0)
(-0.28406 0.278475 0)
(-0.373123 0.271288 0)
(-0.455559 0.242955 0)
(-0.526129 0.19616 0)
(-0.580308 0.133756 0)
(-0.614232 0.0591569 0)
(-0.6248 -0.0232044 0)
(-0.609929 -0.107521 0)
(-0.568976 -0.186508 0)
(-0.503279 -0.251695 0)
(-0.41676 -0.294253 0)
(-0.316382 -0.306443 0)
(-0.212047 -0.283596 0)
(-0.115792 -0.226174 0)
(-0.0419824 -0.141319 0)
(-0.0063445 -0.0440093 0)
(-0.0092781 0.0797326 0)
(-0.0507286 0.208497 0)
(-0.127689 0.300062 0)
(-0.222482 0.354142 0)
(-0.323585 0.373698 0)
(-0.423545 0.362568 0)
(-0.51616 0.324527 0)
(-0.596137 0.263084 0)
(-0.658899 0.18174 0)
(-0.700391 0.0845337 0)
(-0.717068 -0.023323 0)
(-0.706103 -0.134904 0)
(-0.665834 -0.24127 0)
(-0.596466 -0.331609 0)
(-0.500998 -0.39404 0)
(-0.38617 -0.417307 0)
(-0.26287 -0.393393 0)
(-0.14571 -0.320579 0)
(-0.0536211 -0.206045 0)
(-0.0082813 -0.0676758 0)
(-0.0104924 0.10798 0)
(-0.0569857 0.275498 0)
(-0.142682 0.390958 0)
(-0.247389 0.457059 0)
(-0.358281 0.479377 0)
(-0.467524 0.463784 0)
(-0.568933 0.415482 0)
(-0.657413 0.338893 0)
(-0.728579 0.238075 0)
(-0.778376 0.117457 0)
(-0.802914 -0.0173089 0)
(-0.798573 -0.158551 0)
(-0.762422 -0.295968 0)
(-0.693042 -0.416456 0)
(-0.59179 -0.504676 0)
(-0.464354 -0.544821 0)
(-0.321961 -0.523869 0)
(-0.181733 -0.436001 0)
(-0.0681648 -0.287039 0)
(-0.0108438 -0.0978504 0)
(-0.0116023 0.139357 0)
(-0.0625943 0.34944 0)
(-0.155832 0.490488 0)
(-0.268666 0.568892 0)
(-0.387099 0.593586 0)
(-0.503145 0.573052 0)
(-0.610938 0.514252 0)
(-0.70592 0.422623 0)
(-0.784242 0.302669 0)
(-0.842165 0.158914 0)
(-0.875713 -0.00300495 0)
(-0.880599 -0.175219 0)
(-0.85253 -0.346614 0)
(-0.788038 -0.502142 0)
(-0.686005 -0.622862 0)
(-0.549886 -0.687439 0)
(-0.389992 -0.675817 0)
(-0.225284 -0.575264 0)
(-0.0866847 -0.387708 0)
(-0.0143558 -0.136362 0)
(-0.0126761 0.173557 0)
(-0.0677499 0.429422 0)
(-0.167288 0.597042 0)
(-0.286016 0.68733 0)
(-0.408865 0.7135 0)
(-0.527992 0.687336 0)
(-0.638261 0.617959 0)
(-0.736092 0.511944 0)
(-0.818632 0.374135 0)
(-0.88293 0.208828 0)
(-0.925374 0.0211203 0)
(-0.941383 -0.181644 0)
(-0.925478 -0.388383 0)
(-0.871931 -0.582886 0)
(-0.776356 -0.742985 0)
(-0.63848 -0.841202 0)
(-0.465694 -0.84826 0)
(-0.277095 -0.740641 0)
(-0.110272 -0.51201 0)
(-0.0192279 -0.185679 0)
(-0.0138963 0.210458 0)
(-0.0729986 0.514701 0)
(-0.177698 0.708777 0)
(-0.299572 0.809313 0)
(-0.422556 0.835074 0)
(-0.539408 0.802018 0)
(-0.646269 0.721892 0)
(-0.74111 0.602566 0)
(-0.822646 0.449135 0)
(-0.889318 0.265364 0)
(-0.93852 0.0552635 0)
(-0.966038 -0.175172 0)
(-0.96575 -0.416012 0)
(-0.92987 -0.651206 0)
(-0.850241 -0.856511 0)
(-0.721295 -0.998534 0)
(-0.544755 -1.03695 0)
(-0.336659 -0.932642 0)
(-0.140014 -0.663977 0)
(-0.0260288 -0.248985 0)
(-0.0156831 0.250426 0)
(-0.0795558 0.605004 0)
(-0.188597 0.823675 0)
(-0.310203 0.930837 0)
(-0.427512 0.952684 0)
(-0.534631 0.910458 0)
(-0.629772 0.819035 0)
(-0.713166 0.687721 0)
(-0.785745 0.521792 0)
(-0.848008 0.324225 0)
(-0.899126 0.0974736 0)
(-0.936143 -0.154631 0)
(-0.95326 -0.424601 0)
(-0.941428 -0.698372 0)
(-0.888876 -0.951768 0)
(-0.783554 -1.14713 0)
(-0.618357 -1.2325 0)
(-0.401318 -1.14815 0)
(-0.176886 -0.846856 0)
(-0.0355887 -0.330327 0)
(-0.0189132 0.294889 0)
(-0.0897663 0.701003 0)
(-0.202774 0.93953 0)
(-0.319581 1.04658 0)
(-0.423186 1.05863 0)
(-0.510403 1.00352 0)
(-0.582673 0.899665 0)
(-0.643322 0.757824 0)
(-0.696147 0.583325 0)
(-0.744308 0.378172 0)
(-0.789469 0.142941 0)
(-0.830908 -0.121323 0)
(-0.86444 -0.410787 0)
(-0.881229 -0.715491 0)
(-0.867072 -1.01445 0)
(-0.803352 -1.26928 0)
(-0.671368 -1.41836 0)
(-0.464772 -1.37776 0)
(-0.221383 -1.06154 0)
(-0.0491261 -0.434818 0)
(-0.0252986 0.347363 0)
(-0.107699 0.804832 0)
(-0.224292 1.05353 0)
(-0.329329 1.14907 0)
(-0.407635 1.14233 0)
(-0.46117 1.06902 0)
(-0.496227 0.951114 0)
(-0.520143 0.800478 0)
(-0.540059 0.622175 0)
(-0.562117 0.41706 0)
(-0.590878 0.183736 0)
(-0.628602 -0.0797844 0)
(-0.674039 -0.374105 0)
(-0.720577 -0.695277 0)
(-0.754022 -1.02919 0)
(-0.750999 -1.34232 0)
(-0.680278 -1.56916 0)
(-0.514682 -1.60231 0)
(-0.272489 -1.30369 0)
(-0.0682843 -0.568692 0)
(-0.0379406 0.415121 0)
(-0.139575 0.920158 0)
(-0.257114 1.16074 0)
(-0.337659 1.22679 0)
(-0.372945 1.18889 0)
(-0.37416 1.09106 0)
(-0.354439 0.957834 0)
(-0.325818 0.801103 0)
(-0.298798 0.62496 0)
(-0.282223 0.428848 0)
(-0.283309 0.209509 0)
(-0.307406 -0.0377823 0)
(-0.357036 -0.318027 0)
(-0.429849 -0.634261 0)
(-0.515157 -0.982518 0)
(-0.589171 -1.34099 0)
(-0.610905 -1.65058 0)
(-0.528746 -1.78912 0)
(-0.324821 -1.55885 0)
(-0.0945475 -0.738662 0)
(-0.0616026 0.51194 0)
(-0.192357 1.05039 0)
(-0.298945 1.2498 0)
(-0.329439 1.26046 0)
(-0.293946 1.17705 0)
(-0.218509 1.04964 0)
(-0.124515 0.902325 0)
(-0.0283341 0.744783 0)
(0.0572468 0.578844 0)
(0.121964 0.402126 0)
(0.157161 0.209801 0)
(0.155302 -0.00475041 0)
(0.11031 -0.24979 0)
(0.0190774 -0.534591 0)
(-0.114844 -0.866631 0)
(-0.273933 -1.24203 0)
(-0.41576 -1.62196 0)
(-0.468212 -1.88942 0)
(-0.36164 -1.796 0)
(-0.126317 -0.951121 0)
(-0.100318 0.663637 0)
(-0.264347 1.19043 0)
(-0.320501 1.29047 0)
(-0.250651 1.21424 0)
(-0.104114 1.07536 0)
(0.0748172 0.920594 0)
(0.258748 0.767424 0)
(0.430155 0.619784 0)
(0.577037 0.475617 0)
(0.690384 0.330351 0)
(0.762386 0.178105 0)
(0.785278 0.0116861 0)
(0.750992 -0.178229 0)
(0.651474 -0.404246 0)
(0.481041 -0.6829 0)
(0.243755 -1.03022 0)
(-0.0308911 -1.44138 0)
(-0.268104 -1.83677 0)
(-0.341168 -1.95769 0)
(-0.14969 -1.21104 0)
(-0.140746 0.90799 0)
(-0.306693 1.29758 0)
(-0.205694 1.20628 0)
(0.0482505 1.02345 0)
(0.346829 0.841746 0)
(0.641149 0.681179 0)
(0.910029 0.543869 0)
(1.14278 0.425151 0)
(1.33357 0.318538 0)
(1.47841 0.21775 0)
(1.57315 0.116879 0)
(1.61224 0.00976411 0)
(1.58812 -0.111167 0)
(1.49019 -0.257377 0)
(1.30475 -0.44748 0)
(1.01843 -0.710571 0)
(0.630293 -1.08008 0)
(0.179658 -1.55025 0)
(-0.170557 -1.93321 0)
(-0.111633 -1.48566 0)
(-0.0347623 1.1658 0)
(-0.0501741 1.21169 0)
(0.399247 0.890107 0)
(0.904364 0.647638 0)
(1.33683 0.478877 0)
(1.695 0.356794 0)
(1.98877 0.266612 0)
(2.22458 0.197533 0)
(2.40748 0.141298 0)
(2.54082 0.091994 0)
(2.62556 0.0452718 0)
(2.66002 -0.00258357 0)
(2.63929 -0.0556563 0)
(2.55392 -0.120322 0)
(2.38772 -0.208528 0)
(2.11451 -0.345226 0)
(1.69408 -0.580288 0)
(1.07747 -0.984235 0)
(0.384906 -1.5247 0)
(0.183209 -1.52595 0)
(1.31177 0.644447 0)
(1.68053 0.57061 0)
(2.34959 0.360787 0)
(2.87365 0.226054 0)
(3.21243 0.14601 0)
(3.44295 0.0961663 0)
(3.60926 0.0642244 0)
(3.7304 0.0429644 0)
(3.81673 0.0277712 0)
(3.87441 0.0158049 0)
(3.90646 0.00531722 0)
(3.91352 -0.00487783 0)
(3.89405 -0.0159289 0)
(3.84374 -0.0293984 0)
(3.75336 -0.0484432 0)
(3.60313 -0.0808077 0)
(3.34671 -0.146703 0)
(2.86114 -0.292293 0)
(2.06709 -0.568992 0)
(1.5018 -0.706019 0)
)
;

boundaryField
{
    movingWall
    {
        type            fixedValue;
        value           uniform (4.6 0 0);
    }
    fixedWalls
    {
        type            noSlip;
    }
    frontAndBack
    {
        type            empty;
    }
}


// ************************************************************************* //
