/*--------------------------------*- C++ -*----------------------------------*\
  =========                 |
  \\      /  F ield         | OpenFOAM: The Open Source CFD Toolbox
   \\    /   O peration     | Website:  https://openfoam.org
    \\  /    A nd           | Version:  8
     \\/     M anipulation  |
\*---------------------------------------------------------------------------*/
FoamFile
{
    version     2.0;
    format      ascii;
    class       volScalarField;
    location    "0.3";
    object      p;
}
// * * * * * * * * * * * * * * * * * * * * * * * * * * * * * * * * * * * * * //

dimensions      [0 2 -2 0 0 0 0];

internalField   nonuniform List<scalar> 
400
(
-1.05855e-06
-0.0163447
-0.0359304
-0.0506873
-0.0561609
-0.0504383
-0.0333343
-0.00582767
0.0302574
0.0723864
0.11739
0.16159
0.201039
0.23193
0.251151
0.256955
0.249663
0.232286
0.210935
0.194746
0.0162159
-0.000664431
-0.0159659
-0.0260091
-0.0288555
-0.0231986
-0.00880586
0.0136697
0.0428963
0.0769414
0.113326
0.149138
0.181247
0.206648
0.22292
0.228739
0.224407
0.212104
0.195274
0.178763
0.0369484
0.0136367
-0.00278886
-0.0118729
-0.0141406
-0.00900961
0.00356745
0.0230197
0.0482959
0.0778555
0.109657
0.141221
0.1698
0.192684
0.207594
0.213149
0.209359
0.197667
0.179269
0.15624
0.0547871
0.0228369
0.00263382
-0.0076027
-0.0104967
-0.00611886
0.00533143
0.0232564
0.0467599
0.0745504
0.104842
0.13535
0.163411
0.186247
0.201345
0.206932
0.202551
0.189014
0.165804
0.133453
0.0645683
0.0238001
-0.000827477
-0.0128513
-0.016704
-0.0129992
-0.00214547
0.0152315
0.0383634
0.0661562
0.0970026
0.128699
0.158507
0.183377
0.200322
0.206941
0.202146
0.186133
0.15694
0.11419
0.062341
0.0130383
-0.0160617
-0.0299737
-0.0347282
-0.0313855
-0.0205049
-0.00270633
0.0213819
0.0508573
0.0842632
0.11942
0.153411
0.182753
0.203762
0.213151
0.208977
0.190706
0.154984
0.100866
0.0447258
-0.0127623
-0.0461123
-0.0616891
-0.0670166
-0.063546
-0.0519358
-0.0327494
-0.00642876
0.026356
0.0643295
0.105341
0.146251
0.183021
0.211048
0.225843
0.224265
0.204764
0.162339
0.0955598
0.00848973
-0.0568706
-0.0940589
-0.110795
-0.116116
-0.111867
-0.0987744
-0.0772849
-0.0475739
-0.00998241
0.0344974
0.0838325
0.134698
0.182441
0.22133
0.245296
0.249505
0.230847
0.182028
0.100905
-0.0497193
-0.122732
-0.163165
-0.180233
-0.184664
-0.178777
-0.163369
-0.138709
-0.104592
-0.0608782
-0.00809264
0.0520378
0.116156
0.179036
0.233664
0.271973
0.286757
0.272476
0.21836
0.120933
-0.133564
-0.214156
-0.256939
-0.272987
-0.275133
-0.266374
-0.247618
-0.2189
-0.179498
-0.128578
-0.0659318
0.00732499
0.0881027
0.170812
0.247139
0.306624
0.338868
0.334615
0.277691
0.162023
-0.247313
-0.335592
-0.379201
-0.391883
-0.389415
-0.375827
-0.352245
-0.318408
-0.272904
-0.213945
-0.140243
-0.05188
0.0488016
0.156295
0.261229
0.350546
0.40978
0.424245
0.369408
0.234196
-0.396511
-0.492687
-0.534229
-0.539316
-0.52822
-0.506577
-0.475845
-0.435384
-0.382866
-0.315236
-0.229721
-0.124838
-0.00153425
0.135511
0.27653
0.406092
0.505014
0.551134
0.507323
0.353129
-0.58956
-0.69333
-0.726969
-0.716803
-0.69026
-0.655303
-0.61376
-0.564391
-0.503629
-0.42677
-0.329107
-0.207022
-0.059274
0.111336
0.295856
0.477478
0.632343
0.72884
0.711701
0.543589
-0.841384
-0.949597
-0.963216
-0.924189
-0.871078
-0.814711
-0.756937
-0.695378
-0.624679
-0.537998
-0.428222
-0.289033
-0.116178
0.0906924
0.325273
0.57151
0.802353
0.975778
1.01229
0.845773
-1.18159
-1.28095
-1.24913
-1.15787
-1.06122
-0.97208
-0.890979
-0.813201
-0.730658
-0.633684
-0.512272
-0.35691
-0.159603
0.0844631
0.373962
0.697152
1.02778
1.31534
1.45206
1.3265
-1.67044
-1.71841
-1.58934
-1.40793
-1.24399
-1.10808
-0.996074
-0.898525
-0.803044
-0.696189
-0.564549
-0.395051
-0.175416
0.104801
0.451823
0.863207
1.32092
1.77338
2.08877
2.09372
-2.43012
-2.30769
-1.98377
-1.65677
-1.39573
-1.19853
-1.0501
-0.932028
-0.825127
-0.711076
-0.57257
-0.392778
-0.154811
0.158415
0.563397
1.07324
1.68885
2.37232
2.99366
3.31913
-3.75468
-3.10579
-2.40391
-1.86354
-1.47816
-1.21227
-1.03046
-0.898763
-0.78816
-0.674588
-0.536944
-0.354991
-0.107488
0.22991
0.686844
1.29951
2.10195
3.10057
4.26071
5.36405
-6.4611
-4.13209
-2.65519
-1.85571
-1.37062
-1.07106
-0.890271
-0.774464
-0.684395
-0.591954
-0.474461
-0.310526
-0.077124
0.254984
0.727599
1.40475
2.37562
3.7724
5.95076
9.09494
-11.3814
-5.12847
-2.34725
-1.37345
-0.927801
-0.7
-0.595147
-0.548639
-0.518555
-0.478673
-0.409442
-0.292985
-0.109146
0.16828
0.581226
1.20768
2.20164
3.93564
7.61845
14.7806
)
;

boundaryField
{
    movingWall
    {
        type            zeroGradient;
    }
    fixedWalls
    {
        type            zeroGradient;
    }
    frontAndBack
    {
        type            empty;
    }
}


// ************************************************************************* //
