/*--------------------------------*- C++ -*----------------------------------*\
  =========                 |
  \\      /  F ield         | OpenFOAM: The Open Source CFD Toolbox
   \\    /   O peration     | Website:  https://openfoam.org
    \\  /    A nd           | Version:  8
     \\/     M anipulation  |
\*---------------------------------------------------------------------------*/
FoamFile
{
    version     2.0;
    format      ascii;
    class       surfaceScalarField;
    location    "0.3";
    object      phi;
}
// * * * * * * * * * * * * * * * * * * * * * * * * * * * * * * * * * * * * * //

dimensions      [0 3 -1 0 0 0 0];

internalField   nonuniform List<scalar> 
760
(
3.73245e-08
-3.73147e-08
-6.85817e-08
1.05906e-07
-3.26576e-07
2.57993e-07
-6.89069e-07
3.62493e-07
-1.10262e-06
4.13554e-07
-1.51854e-06
4.15914e-07
-1.89524e-06
3.76704e-07
-2.19846e-06
3.0322e-07
-2.40092e-06
2.02454e-07
-2.48267e-06
8.17554e-08
-2.43249e-06
-5.0181e-08
-2.24993e-06
-1.82565e-07
-1.94757e-06
-3.02357e-07
-1.55268e-06
-3.94891e-07
-1.10728e-06
-4.45395e-07
-6.65881e-07
-4.41403e-07
-2.89883e-07
-3.75999e-07
-3.83595e-08
-2.51523e-07
4.86969e-08
-8.70562e-08
4.86972e-08
-1.02079e-07
6.47652e-08
-5.18703e-07
5.22528e-07
-1.22898e-06
9.68266e-07
-2.14523e-06
1.27875e-06
-3.16065e-06
1.42897e-06
-4.16967e-06
1.42493e-06
-5.07718e-06
1.28421e-06
-5.80249e-06
1.02853e-06
-6.28138e-06
6.81339e-07
-6.4683e-06
2.68676e-07
-6.33965e-06
-1.78826e-07
-5.89777e-06
-6.24452e-07
-5.1747e-06
-1.02543e-06
-4.23433e-06
-1.33526e-06
-3.17104e-06
-1.50869e-06
-2.10304e-06
-1.50941e-06
-1.159e-06
-1.32003e-06
-4.57074e-07
-9.53451e-07
-7.4963e-08
-4.69167e-07
-2.62655e-08
-2.67995e-07
3.32761e-07
-1.01923e-06
1.27377e-06
-2.15962e-06
2.10865e-06
-3.55786e-06
2.67699e-06
-5.06838e-06
2.93948e-06
-6.54848e-06
2.90504e-06
-7.86858e-06
2.60432e-06
-8.91785e-06
2.0778e-06
-9.60793e-06
1.37141e-06
-9.87652e-06
5.37269e-07
-9.69186e-06
-3.63488e-07
-9.05768e-06
-1.25863e-06
-8.0178e-06
-2.0653e-06
-6.65854e-06
-2.69452e-06
-5.1068e-06
-3.06044e-06
-3.52158e-06
-3.09463e-06
-2.07727e-06
-2.76435e-06
-9.38548e-07
-2.09217e-06
-2.28981e-07
-1.17873e-06
-2.55246e-07
-4.19266e-07
7.52026e-07
-1.49382e-06
2.34832e-06
-3.04539e-06
3.66021e-06
-4.88934e-06
4.52094e-06
-6.84238e-06
4.89252e-06
-8.73253e-06
4.79519e-06
-1.04062e-05
4.27798e-06
-1.17327e-05
3.40427e-06
-1.26076e-05
2.24635e-06
-1.29569e-05
8.86517e-07
-1.27412e-05
-5.79106e-07
-1.19623e-05
-2.0376e-06
-1.06678e-05
-3.35979e-06
-8.95572e-06
-4.40658e-06
-6.9737e-06
-5.04246e-06
-4.91162e-06
-5.1567e-06
-2.98518e-06
-4.69078e-06
-1.41028e-06
-3.66707e-06
-3.72172e-07
-2.21684e-06
-6.27418e-07
-5.55578e-07
1.3076e-06
-1.93522e-06
3.72797e-06
-3.87822e-06
5.6032e-06
-6.14272e-06
6.78545e-06
-8.50717e-06
7.25698e-06
-1.07739e-05
7.0619e-06
-1.27713e-05
6.27541e-06
-1.43554e-05
4.98835e-06
-1.54109e-05
3.30191e-06
-1.58544e-05
1.32997e-06
-1.56381e-05
-7.95363e-07
-1.47568e-05
-2.91896e-06
-1.32544e-05
-4.86215e-06
-1.12314e-05
-6.42963e-06
-8.84753e-06
-7.42629e-06
-6.31907e-06
-7.68516e-06
-3.9048e-06
-7.10505e-06
-1.88111e-06
-5.69076e-06
-5.08661e-07
-3.5893e-06
-1.13608e-06
-6.8165e-07
1.98925e-06
-2.34999e-06
5.39631e-06
-4.66577e-06
7.91898e-06
-7.32944e-06
9.44911e-06
-1.00816e-05
1.00091e-05
-1.27017e-05
9.68203e-06
-1.50051e-05
8.57874e-06
-1.68393e-05
6.82255e-06
-1.80824e-05
4.54499e-06
-1.86429e-05
1.89047e-06
-1.8463e-05
-9.7518e-07
-1.75254e-05
-3.8566e-06
-1.58621e-05
-6.52542e-06
-1.35662e-05
-8.7256e-06
-1.0801e-05
-1.01914e-05
-7.8047e-06
-1.06815e-05
-4.88182e-06
-1.00279e-05
-2.38005e-06
-8.19254e-06
-6.50713e-07
-5.31863e-06
-1.78679e-06
-8.01869e-07
2.79112e-06
-2.74621e-06
7.34065e-06
-5.41679e-06
1.05896e-05
-8.45661e-06
1.24889e-05
-1.15702e-05
1.31227e-05
-1.45179e-05
1.26298e-05
-1.71072e-05
1.1168e-05
-1.91832e-05
8.89852e-06
-2.06216e-05
5.98342e-06
-2.13254e-05
2.59426e-06
-2.12255e-05
-1.07502e-06
-2.02874e-05
-4.79477e-06
-1.85222e-05
-8.29062e-06
-1.60038e-05
-1.12439e-05
-1.28875e-05
-1.33077e-05
-9.42484e-06
-1.41442e-05
-5.96612e-06
-1.34867e-05
-2.94112e-06
-1.12175e-05
-8.11973e-07
-7.44778e-06
-2.59877e-06
-9.19768e-07
3.71089e-06
-3.13061e-06
9.55149e-06
-6.13643e-06
1.35954e-05
-9.522e-06
1.58745e-05
-1.29584e-05
1.65591e-05
-1.61929e-05
1.58643e-05
-1.90326e-05
1.40077e-05
-2.13279e-05
1.11938e-05
-2.29592e-05
7.61471e-06
-2.38282e-05
3.46322e-06
-2.38553e-05
-1.04784e-06
-2.29849e-05
-5.66523e-06
-2.11978e-05
-1.00777e-05
-1.85346e-05
-1.39072e-05
-1.51244e-05
-1.67178e-05
-1.12169e-05
-1.80517e-05
-7.20126e-06
-1.75023e-05
-3.59794e-06
-1.48209e-05
-1.00628e-06
-1.00394e-05
-3.60505e-06
-1.03874e-06
4.74963e-06
-3.50939e-06
1.20221e-05
-6.82643e-06
1.69124e-05
-1.05133e-05
1.95613e-05
-1.42115e-05
2.02573e-05
-1.76639e-05
1.93167e-05
-2.06884e-05
1.70322e-05
-2.3152e-05
1.36575e-05
-2.49501e-05
9.41279e-06
-2.59911e-05
4.50419e-06
-2.61892e-05
-8.49727e-07
-2.54662e-05
-6.38825e-06
-2.37643e-05
-1.17795e-05
-2.10735e-05
-1.6598e-05
-1.74733e-05
-2.0318e-05
-1.31844e-05
-2.23406e-05
-8.61583e-06
-2.20709e-05
-4.38082e-06
-1.90559e-05
-1.2478e-06
-1.31725e-05
-4.85285e-06
-1.1641e-06
5.91374e-06
-3.89196e-06
1.475e-05
-7.48883e-06
2.05093e-05
-1.14103e-05
2.34828e-05
-1.52746e-05
2.41216e-05
-1.88332e-05
2.28753e-05
-2.19306e-05
2.01296e-05
-2.44666e-05
1.61935e-05
-2.63662e-05
1.13124e-05
-2.7557e-05
5.69499e-06
-2.79559e-05
-4.50829e-07
-2.74656e-05
-6.8786e-06
-2.59842e-05
-1.32609e-05
-2.34343e-05
-1.91479e-05
-1.98148e-05
-2.39375e-05
-1.52775e-05
-2.6878e-05
-1.02134e-05
-2.7135e-05
-5.31471e-06
-2.39545e-05
-1.55202e-06
-1.69351e-05
-6.40487e-06
-1.30668e-06
7.22042e-06
-4.29746e-06
1.77408e-05
-8.13181e-06
2.43437e-05
-1.21881e-05
2.75391e-05
-1.60721e-05
2.80057e-05
-1.95646e-05
2.63678e-05
-2.25591e-05
2.31241e-05
-2.50095e-05
1.86439e-05
-2.68893e-05
1.31922e-05
-2.81624e-05
6.9681e-06
-2.87628e-05
1.49593e-07
-2.8584e-05
-7.05739e-06
-2.74815e-05
-1.43634e-05
-2.52972e-05
-2.13322e-05
-2.19162e-05
-2.73185e-05
-1.73666e-05
-3.14276e-05
-1.19572e-05
-3.25444e-05
-6.41609e-06
-2.94957e-05
-1.93773e-06
-2.14135e-05
-8.34261e-06
-1.48875e-06
8.70917e-06
-4.76338e-06
2.10154e-05
-8.77489e-06
2.83552e-05
-1.28153e-05
3.15795e-05
-1.65011e-05
3.16915e-05
-1.96743e-05
2.9541e-05
-2.23084e-05
2.57582e-05
-2.44372e-05
2.07727e-05
-2.61052e-05
1.48601e-05
-2.73324e-05
8.1953e-06
-2.8089e-05
9.06174e-07
-2.82766e-05
-6.86979e-06
-2.77198e-05
-1.49202e-05
-2.61774e-05
-2.28746e-05
-2.33925e-05
-3.01034e-05
-1.92053e-05
-3.56148e-05
-1.37461e-05
-3.80035e-05
-7.68615e-06
-3.55557e-05
-2.42996e-06
-2.66697e-05
-1.07726e-05
-1.75363e-06
1.04628e-05
-5.35502e-06
2.46168e-05
-9.44693e-06
3.24471e-05
-1.32393e-05
3.53719e-05
-1.64064e-05
3.48586e-05
-1.8903e-05
3.20376e-05
-2.08228e-05
2.7678e-05
-2.23086e-05
2.22585e-05
-2.34964e-05
1.60479e-05
-2.44808e-05
9.17972e-06
-2.52882e-05
1.71356e-06
-2.58521e-05
-6.30586e-06
-2.5991e-05
-1.47814e-05
-2.53971e-05
-2.34685e-05
-2.36618e-05
-3.18387e-05
-2.0378e-05
-3.88986e-05
-1.53726e-05
-4.30089e-05
-9.09513e-06
-4.18331e-05
-3.06404e-06
-3.27008e-05
-1.38366e-05
-2.18054e-06
1.26433e-05
-6.16861e-06
2.86049e-05
-1.01594e-05
3.64378e-05
-1.33319e-05
3.85444e-05
-1.55142e-05
3.7041e-05
-1.6851e-05
3.33743e-05
-1.76042e-05
2.84312e-05
-1.80497e-05
2.27039e-05
-1.84268e-05
1.64251e-05
-1.89132e-05
9.66615e-06
-1.96052e-05
2.40554e-06
-2.04929e-05
-5.41824e-06
-2.14255e-05
-1.38487e-05
-2.20725e-05
-2.28215e-05
-2.19013e-05
-3.20098e-05
-2.02302e-05
-4.05697e-05
-1.64522e-05
-4.67869e-05
-1.05453e-05
-4.77401e-05
-3.8879e-06
-3.93581e-05
-1.77245e-05
-2.9015e-06
1.55448e-05
-7.30296e-06
3.30063e-05
-1.08105e-05
3.99453e-05
-1.27504e-05
4.04844e-05
-1.32823e-05
3.75729e-05
-1.28437e-05
3.29357e-05
-1.19067e-05
2.74942e-05
-1.0885e-05
2.16822e-05
-1.01096e-05
1.56497e-05
-9.82785e-06
9.38443e-06
-1.02025e-05
2.78018e-06
-1.12958e-05
-4.32493e-06
-1.30309e-05
-1.21135e-05
-1.51256e-05
-2.07268e-05
-1.70088e-05
-3.01266e-05
-1.77735e-05
-3.98051e-05
-1.62988e-05
-4.82616e-05
-1.17781e-05
-5.22607e-05
-4.94615e-06
-4.61901e-05
-2.26706e-05
-4.08929e-06
1.96341e-05
-8.71213e-06
3.76292e-05
-1.09099e-05
4.21431e-05
-1.06158e-05
4.01903e-05
-8.60075e-06
3.55578e-05
-5.69085e-06
3.00258e-05
-2.56519e-06
2.43685e-05
2.68731e-07
1.88483e-05
2.44256e-06
1.34759e-05
3.68628e-06
8.14072e-06
3.80219e-06
2.66426e-06
2.6615e-06
-3.18424e-06
2.33827e-07
-9.68585e-06
-3.33545e-06
-1.71576e-05
-7.58653e-06
-2.58756e-05
-1.15622e-05
-3.58295e-05
-1.37022e-05
-4.61216e-05
-1.21484e-05
-5.38145e-05
-6.18807e-06
-5.21504e-05
-2.88587e-05
-5.8046e-06
2.54387e-05
-9.68578e-06
4.15103e-05
-8.87964e-06
4.13369e-05
-4.85304e-06
3.61637e-05
7.22068e-07
2.99827e-05
6.66453e-06
2.40833e-05
1.22167e-05
1.88164e-05
1.69108e-05
1.41541e-05
2.04516e-05
9.93506e-06
2.26315e-05
5.96081e-06
2.32784e-05
2.01737e-06
2.22317e-05
-2.13752e-06
1.93494e-05
-6.80349e-06
1.45654e-05
-1.23736e-05
8.04044e-06
-1.93506e-05
4.55652e-07
-2.82447e-05
-6.56194e-06
-3.9104e-05
-1.01459e-05
-5.02305e-05
-7.1819e-06
-5.51145e-05
-3.60406e-05
-7.37027e-06
3.2809e-05
-7.30537e-06
4.14454e-05
-4.70229e-07
3.45018e-05
8.97464e-06
2.67188e-05
1.86568e-05
2.03005e-05
2.74821e-05
1.5258e-05
3.49703e-05
1.13282e-05
4.09297e-05
8.19468e-06
4.5287e-05
5.57783e-06
4.79923e-05
3.25544e-06
4.89681e-05
1.04158e-06
4.8078e-05
-1.24738e-06
4.51073e-05
-3.83285e-06
3.97698e-05
-7.03611e-06
3.17841e-05
-1.13648e-05
2.11381e-05
-1.75988e-05
8.73644e-06
-2.67023e-05
-2.43166e-06
-3.90624e-05
-6.43928e-06
-5.11068e-05
-4.24799e-05
-3.63567e-06
3.64447e-05
8.25521e-06
2.95546e-05
2.43523e-05
1.84047e-05
3.90771e-05
1.1994e-05
5.12805e-05
8.09715e-06
6.09959e-05
5.54268e-06
6.85063e-05
3.81773e-06
7.41029e-05
2.5981e-06
7.80095e-05
1.67125e-06
8.03615e-05
9.03393e-07
8.11983e-05
2.04818e-07
8.04538e-05
-5.0288e-07
7.79237e-05
-1.30277e-06
7.32189e-05
-2.3313e-06
6.56951e-05
-3.841e-06
5.44449e-05
-6.34861e-06
3.86479e-05
-1.09053e-05
1.89817e-05
-1.93962e-05
1.44896e-06
-3.35741e-05
-4.10309e-05
3.64447e-05
6.59992e-05
8.44039e-05
9.6398e-05
0.000104495
0.000110038
0.000113856
0.000116454
0.000118125
0.000119028
0.000119233
0.00011873
0.000117427
0.000115096
0.000111255
0.000104907
9.40013e-05
7.4605e-05
4.10309e-05
)
;

boundaryField
{
    movingWall
    {
        type            calculated;
        value           uniform 0;
    }
    fixedWalls
    {
        type            calculated;
        value           uniform 0;
    }
    frontAndBack
    {
        type            empty;
        value           nonuniform List<scalar> 0();
    }
}


// ************************************************************************* //
