/*--------------------------------*- C++ -*----------------------------------*\
  =========                 |
  \\      /  F ield         | OpenFOAM: The Open Source CFD Toolbox
   \\    /   O peration     | Website:  https://openfoam.org
    \\  /    A nd           | Version:  8
     \\/     M anipulation  |
\*---------------------------------------------------------------------------*/
FoamFile
{
    version     2.0;
    format      ascii;
    class       volScalarField;
    location    "0.5";
    object      p;
}
// * * * * * * * * * * * * * * * * * * * * * * * * * * * * * * * * * * * * * //

dimensions      [0 2 -2 0 0 0 0];

internalField   nonuniform List<scalar> 
400
(
6.57954e-06
-0.0163341
-0.0359219
-0.0506819
-0.0561578
-0.0504362
-0.033332
-0.00582384
0.0302639
0.0723961
0.117404
0.161606
0.201057
0.23195
0.251171
0.256973
0.249678
0.232299
0.210945
0.194754
0.0162314
-0.000650634
-0.0159543
-0.0259998
-0.0288481
-0.0231923
-0.00879976
0.0136763
0.0429042
0.0769511
0.113338
0.149152
0.181262
0.206664
0.222936
0.228754
0.22442
0.212114
0.195282
0.178769
0.0369686
0.0136533
-0.00277481
-0.0118609
-0.0141304
-0.00900064
0.00357578
0.023028
0.0483045
0.0778649
0.109668
0.141232
0.169813
0.192697
0.207607
0.213161
0.209369
0.197674
0.179274
0.156243
0.0548107
0.0228558
0.00264973
-0.00758906
-0.010485
-0.00610866
0.00534056
0.0232649
0.0467682
0.0745589
0.104851
0.13536
0.163422
0.186258
0.201355
0.206942
0.202558
0.189019
0.165806
0.133452
0.0645936
0.0238202
-0.000810683
-0.0128369
-0.0166918
-0.0129889
-0.00213681
0.015239
0.0383702
0.0661628
0.0970093
0.128706
0.158515
0.183385
0.200329
0.206948
0.202151
0.186136
0.15694
0.114186
0.062366
0.0130579
-0.0160455
-0.0299599
-0.0347168
-0.0313764
-0.020498
-0.00270124
0.0213858
0.0508606
0.0842665
0.119424
0.153415
0.182757
0.203766
0.213155
0.20898
0.190707
0.154981
0.10086
0.044748
-0.0127452
-0.0460982
-0.0616773
-0.0670073
-0.0635393
-0.0519319
-0.0327479
-0.00642909
0.0263548
0.0643282
0.105341
0.146251
0.183022
0.211049
0.225844
0.224265
0.204762
0.162335
0.0955518
0.00850686
-0.0568577
-0.0940487
-0.110787
-0.11611
-0.111864
-0.0987745
-0.077288
-0.0475794
-0.00998929
0.0344903
0.0838261
0.134693
0.182437
0.221327
0.245294
0.249502
0.230843
0.182022
0.100895
-0.0497092
-0.122725
-0.16316
-0.18023
-0.184662
-0.178779
-0.163374
-0.138717
-0.104603
-0.0608911
-0.00810608
0.0520252
0.116145
0.179027
0.233657
0.271966
0.286751
0.27247
0.218353
0.120923
-0.133562
-0.214155
-0.256939
-0.272989
-0.275137
-0.26638
-0.247628
-0.218914
-0.179515
-0.128597
-0.0659513
0.0073062
0.0880858
0.170798
0.247127
0.306615
0.338859
0.334607
0.277682
0.162013
-0.24732
-0.335598
-0.379208
-0.39189
-0.389424
-0.375839
-0.352259
-0.318427
-0.272926
-0.213969
-0.140267
-0.0519039
0.0487798
0.156276
0.261213
0.350533
0.40977
0.424236
0.369399
0.234187
-0.396525
-0.492699
-0.534239
-0.539327
-0.528233
-0.506592
-0.475863
-0.435406
-0.382891
-0.315263
-0.229749
-0.124865
-0.00155923
0.135489
0.276512
0.406078
0.505003
0.551125
0.507316
0.353123
-0.589581
-0.693346
-0.726982
-0.716816
-0.690274
-0.655318
-0.613779
-0.564414
-0.503656
-0.426799
-0.329137
-0.207051
-0.0592999
0.111313
0.295838
0.477464
0.632332
0.728833
0.711696
0.543586
-0.841407
-0.949614
-0.96323
-0.924201
-0.87109
-0.814725
-0.756954
-0.695399
-0.624704
-0.538026
-0.428251
-0.28906
-0.116202
0.0906721
0.325257
0.571499
0.802345
0.975774
1.01228
0.845775
-1.18161
-1.28097
-1.24915
-1.15788
-1.06123
-0.972089
-0.890991
-0.813217
-0.730679
-0.633708
-0.512297
-0.356934
-0.159624
0.084447
0.373951
0.697146
1.02778
1.31534
1.45206
1.32651
-1.67045
-1.71842
-1.58934
-1.40793
-1.24399
-1.10809
-0.996079
-0.898535
-0.803059
-0.696208
-0.564569
-0.39507
-0.175432
0.104791
0.451818
0.863207
1.32092
1.77339
2.08878
2.09373
-2.43013
-2.3077
-1.98377
-1.65676
-1.39572
-1.19852
-1.0501
-0.932032
-0.825136
-0.71109
-0.572585
-0.392791
-0.154821
0.15841
0.563398
1.07324
1.68886
2.37233
2.99367
3.31915
-3.75468
-3.10578
-2.4039
-1.86353
-1.47815
-1.21226
-1.03045
-0.89876
-0.788164
-0.674596
-0.536954
-0.355001
-0.107494
0.229909
0.686849
1.29952
2.10197
3.10058
4.26073
5.36408
-6.46109
-4.13209
-2.65518
-1.85569
-1.3706
-1.07104
-0.890258
-0.774457
-0.684394
-0.591959
-0.474469
-0.310534
-0.0771294
0.254984
0.727604
1.40476
2.37563
3.77242
5.95079
9.09497
-11.3814
-5.12846
-2.34723
-1.37343
-0.927775
-0.699975
-0.595128
-0.548627
-0.51855
-0.478675
-0.409448
-0.292993
-0.109153
0.168277
0.581228
1.20768
2.20166
3.93566
7.61847
14.7806
)
;

boundaryField
{
    movingWall
    {
        type            zeroGradient;
    }
    fixedWalls
    {
        type            zeroGradient;
    }
    frontAndBack
    {
        type            empty;
    }
}


// ************************************************************************* //
