/*--------------------------------*- C++ -*----------------------------------*\
  =========                 |
  \\      /  F ield         | OpenFOAM: The Open Source CFD Toolbox
   \\    /   O peration     | Website:  https://openfoam.org
    \\  /    A nd           | Version:  8
     \\/     M anipulation  |
\*---------------------------------------------------------------------------*/
FoamFile
{
    version     2.0;
    format      ascii;
    class       surfaceScalarField;
    location    "0.5";
    object      phi;
}
// * * * * * * * * * * * * * * * * * * * * * * * * * * * * * * * * * * * * * //

dimensions      [0 3 -1 0 0 0 0];

internalField   nonuniform List<scalar> 
760
(
3.7299e-08
-3.73543e-08
-6.86038e-08
1.05903e-07
-3.26626e-07
2.58022e-07
-6.89167e-07
3.62541e-07
-1.10278e-06
4.1361e-07
-1.51875e-06
4.1597e-07
-1.8955e-06
3.76753e-07
-2.19876e-06
3.03258e-07
-2.40124e-06
2.02477e-07
-2.483e-06
8.17604e-08
-2.4328e-06
-5.01947e-08
-2.2502e-06
-1.82597e-07
-1.9478e-06
-3.02404e-07
-1.55285e-06
-3.94949e-07
-1.1074e-06
-4.45456e-07
-6.65941e-07
-4.41458e-07
-2.89902e-07
-3.7604e-07
-3.83556e-08
-2.51545e-07
4.87049e-08
-8.7058e-08
4.87069e-08
-1.0211e-07
6.4756e-08
-5.18794e-07
5.22585e-07
-1.22917e-06
9.68395e-07
-2.14555e-06
1.27893e-06
-3.16111e-06
1.42917e-06
-4.17027e-06
1.42513e-06
-5.0779e-06
1.28438e-06
-5.8033e-06
1.02866e-06
-6.28224e-06
6.81411e-07
-6.46916e-06
2.68686e-07
-6.34048e-06
-1.7888e-07
-5.89851e-06
-6.24564e-07
-5.17533e-06
-1.02559e-06
-4.23483e-06
-1.33545e-06
-3.17139e-06
-1.50889e-06
-2.10325e-06
-1.50959e-06
-1.15911e-06
-1.32019e-06
-4.57112e-07
-9.53548e-07
-7.49677e-08
-4.69204e-07
-2.62587e-08
-2.68043e-07
3.32799e-07
-1.0194e-06
1.27394e-06
-2.15994e-06
2.10894e-06
-3.55839e-06
2.67737e-06
-5.06911e-06
2.93989e-06
-6.54941e-06
2.90543e-06
-7.86968e-06
2.60466e-06
-8.91908e-06
2.07805e-06
-9.60921e-06
1.37155e-06
-9.87781e-06
5.37284e-07
-9.6931e-06
-3.63599e-07
-9.0588e-06
-1.25886e-06
-8.01877e-06
-2.06562e-06
-6.65931e-06
-2.6949e-06
-5.10737e-06
-3.06084e-06
-3.52195e-06
-3.09501e-06
-2.07748e-06
-2.76466e-06
-9.38638e-07
-2.09239e-06
-2.29003e-07
-1.17884e-06
-2.5526e-07
-4.19332e-07
7.52131e-07
-1.49404e-06
2.34865e-06
-3.04582e-06
3.66072e-06
-4.89002e-06
4.52157e-06
-6.84332e-06
4.89319e-06
-8.73371e-06
4.79582e-06
-1.04076e-05
4.27852e-06
-1.17342e-05
3.40467e-06
-1.26092e-05
2.24656e-06
-1.29584e-05
8.86533e-07
-1.27428e-05
-5.79289e-07
-1.19637e-05
-2.03796e-06
-1.0669e-05
-3.3603e-06
-8.95669e-06
-4.40719e-06
-6.97443e-06
-5.0431e-06
-4.91212e-06
-5.15731e-06
-2.98548e-06
-4.6913e-06
-1.41042e-06
-3.66745e-06
-3.72207e-07
-2.21705e-06
-6.27468e-07
-5.55657e-07
1.30779e-06
-1.93548e-06
3.72848e-06
-3.87872e-06
5.60396e-06
-6.1435e-06
6.78634e-06
-8.50823e-06
7.25792e-06
-1.07752e-05
7.06278e-06
-1.27728e-05
6.27616e-06
-1.43571e-05
4.98889e-06
-1.54127e-05
3.30221e-06
-1.58562e-05
1.32999e-06
-1.56398e-05
-7.95622e-07
-1.47583e-05
-2.91947e-06
-1.32558e-05
-4.86286e-06
-1.12325e-05
-6.43049e-06
-8.84837e-06
-7.4272e-06
-6.31965e-06
-7.68603e-06
-3.90515e-06
-7.1058e-06
-1.88128e-06
-5.69132e-06
-5.08705e-07
-3.58962e-06
-1.13617e-06
-6.81733e-07
1.98952e-06
-2.35026e-06
5.39701e-06
-4.6663e-06
7.91999e-06
-7.33024e-06
9.45029e-06
-1.00827e-05
1.00104e-05
-1.27031e-05
9.68317e-06
-1.50066e-05
8.5797e-06
-1.6841e-05
6.82324e-06
-1.80841e-05
4.54536e-06
-1.86446e-05
1.89049e-06
-1.84647e-05
-9.75512e-07
-1.7527e-05
-3.85725e-06
-1.58635e-05
-6.52633e-06
-1.35673e-05
-8.72668e-06
-1.08019e-05
-1.01926e-05
-7.80531e-06
-1.06826e-05
-4.88219e-06
-1.00289e-05
-2.38022e-06
-8.19329e-06
-6.50762e-07
-5.31909e-06
-1.78694e-06
-8.01948e-07
2.79147e-06
-2.74646e-06
7.34152e-06
-5.41728e-06
1.05908e-05
-8.45735e-06
1.24904e-05
-1.15712e-05
1.31242e-05
-1.45191e-05
1.26311e-05
-1.71086e-05
1.11692e-05
-1.91847e-05
8.89934e-06
-2.06232e-05
5.98385e-06
-2.1327e-05
2.59428e-06
-2.12271e-05
-1.07541e-06
-2.02888e-05
-4.79554e-06
-1.85234e-05
-8.2917e-06
-1.60049e-05
-1.12452e-05
-1.28884e-05
-1.33091e-05
-9.42542e-06
-1.41456e-05
-5.96648e-06
-1.34879e-05
-2.9413e-06
-1.12185e-05
-8.12022e-07
-7.44836e-06
-2.59896e-06
-9.19832e-07
3.7113e-06
-3.13082e-06
9.55251e-06
-6.13683e-06
1.35968e-05
-9.5226e-06
1.58761e-05
-1.29592e-05
1.65608e-05
-1.61939e-05
1.58658e-05
-1.90337e-05
1.4009e-05
-2.13292e-05
1.11948e-05
-2.29605e-05
7.6152e-06
-2.38295e-05
3.46325e-06
-2.38566e-05
-1.04828e-06
-2.29861e-05
-5.66609e-06
-2.11989e-05
-1.00789e-05
-1.85354e-05
-1.39087e-05
-1.51251e-05
-1.67194e-05
-1.12175e-05
-1.80533e-05
-7.20159e-06
-1.75037e-05
-3.5981e-06
-1.4822e-05
-1.00633e-06
-1.00401e-05
-3.60529e-06
-1.03878e-06
4.75008e-06
-3.50952e-06
1.20232e-05
-6.82669e-06
1.6914e-05
-1.05137e-05
1.95631e-05
-1.42121e-05
2.02592e-05
-1.76646e-05
1.93184e-05
-2.06892e-05
1.70336e-05
-2.31529e-05
1.36585e-05
-2.4951e-05
9.41333e-06
-2.5992e-05
4.50423e-06
-2.61901e-05
-8.50182e-07
-2.5467e-05
-6.38916e-06
-2.37651e-05
-1.17808e-05
-2.10742e-05
-1.65995e-05
-1.74739e-05
-2.03197e-05
-1.31848e-05
-2.23423e-05
-8.6161e-06
-2.20724e-05
-4.38095e-06
-1.90571e-05
-1.24784e-06
-1.31732e-05
-4.85313e-06
-1.16411e-06
5.9142e-06
-3.892e-06
1.47511e-05
-7.48891e-06
2.05109e-05
-1.14104e-05
2.34847e-05
-1.52748e-05
2.41235e-05
-1.88334e-05
2.2877e-05
-2.19309e-05
2.0131e-05
-2.4467e-05
1.61946e-05
-2.63666e-05
1.13129e-05
-2.75574e-05
5.69505e-06
-2.79563e-05
-4.51274e-07
-2.74659e-05
-6.87951e-06
-2.59846e-05
-1.32622e-05
-2.34346e-05
-1.91495e-05
-1.98151e-05
-2.39393e-05
-1.52777e-05
-2.68797e-05
-1.02135e-05
-2.71366e-05
-5.31481e-06
-2.39558e-05
-1.55205e-06
-1.6936e-05
-6.40518e-06
-1.30666e-06
7.22086e-06
-4.29739e-06
1.77419e-05
-8.1317e-06
2.43452e-05
-1.21879e-05
2.75409e-05
-1.60719e-05
2.80075e-05
-1.95644e-05
2.63695e-05
-2.25589e-05
2.31255e-05
-2.50093e-05
1.86449e-05
-2.68891e-05
1.31927e-05
-2.81622e-05
6.96819e-06
-2.87627e-05
1.49186e-07
-2.85839e-05
-7.05825e-06
-2.74815e-05
-1.43646e-05
-2.52972e-05
-2.13338e-05
-2.19163e-05
-2.73202e-05
-1.73667e-05
-3.14293e-05
-1.19573e-05
-3.2546e-05
-6.41615e-06
-2.9497e-05
-1.93776e-06
-2.14144e-05
-8.34294e-06
-1.4887e-06
8.70956e-06
-4.76322e-06
2.10164e-05
-8.77459e-06
2.83566e-05
-1.28149e-05
3.15812e-05
-1.65006e-05
3.16932e-05
-1.96737e-05
2.95426e-05
-2.23077e-05
2.57595e-05
-2.44365e-05
2.07737e-05
-2.61044e-05
1.48607e-05
-2.73316e-05
8.19542e-06
-2.80883e-05
9.05829e-07
-2.8276e-05
-6.87055e-06
-2.77193e-05
-1.49213e-05
-2.6177e-05
-2.2876e-05
-2.33923e-05
-3.0105e-05
-1.92052e-05
-3.56164e-05
-1.37461e-05
-3.80051e-05
-7.68615e-06
-3.5557e-05
-2.42997e-06
-2.66706e-05
-1.07729e-05
-1.75355e-06
1.04631e-05
-5.35477e-06
2.46176e-05
-9.44647e-06
3.24483e-05
-1.32386e-05
3.53733e-05
-1.64056e-05
3.48602e-05
-1.8902e-05
3.2039e-05
-2.08217e-05
2.76793e-05
-2.23074e-05
2.22594e-05
-2.34952e-05
1.60485e-05
-2.44796e-05
9.17986e-06
-2.52871e-05
1.71329e-06
-2.58511e-05
-6.30651e-06
-2.59901e-05
-1.47823e-05
-2.53964e-05
-2.34697e-05
-2.36614e-05
-3.184e-05
-2.03777e-05
-3.89001e-05
-1.53724e-05
-4.30103e-05
-9.09507e-06
-4.18343e-05
-3.06403e-06
-3.27016e-05
-1.38369e-05
-2.18044e-06
1.26436e-05
-6.16831e-06
2.86055e-05
-1.01588e-05
3.64388e-05
-1.33311e-05
3.85456e-05
-1.55132e-05
3.70423e-05
-1.68497e-05
3.33756e-05
-1.76027e-05
2.84323e-05
-1.80481e-05
2.27047e-05
-1.84252e-05
1.64256e-05
-1.89116e-05
9.6663e-06
-1.96037e-05
2.40535e-06
-2.04915e-05
-5.41875e-06
-2.14243e-05
-1.38495e-05
-2.20715e-05
-2.28225e-05
-2.19006e-05
-3.2011e-05
-2.02297e-05
-4.05709e-05
-1.6452e-05
-4.67881e-05
-1.05451e-05
-4.77411e-05
-3.88787e-06
-3.93589e-05
-1.77248e-05
-2.9014e-06
1.5545e-05
-7.30265e-06
3.30067e-05
-1.08099e-05
3.9946e-05
-1.27496e-05
4.04853e-05
-1.32812e-05
3.75739e-05
-1.28423e-05
3.29367e-05
-1.19051e-05
2.7495e-05
-1.08832e-05
2.16829e-05
-1.01077e-05
1.56501e-05
-9.82603e-06
9.38458e-06
-1.02007e-05
2.78005e-06
-1.12942e-05
-4.32532e-06
-1.30295e-05
-1.21141e-05
-1.51244e-05
-2.07276e-05
-1.70079e-05
-3.01275e-05
-1.77728e-05
-3.9806e-05
-1.62984e-05
-4.82625e-05
-1.1778e-05
-5.22615e-05
-4.9461e-06
-4.61907e-05
-2.26709e-05
-4.08921e-06
1.96342e-05
-8.71185e-06
3.76294e-05
-1.09093e-05
4.21435e-05
-1.0615e-05
4.01909e-05
-8.59966e-06
3.55585e-05
-5.68949e-06
3.00265e-05
-2.56361e-06
2.43692e-05
2.70469e-07
1.88488e-05
2.44439e-06
1.34762e-05
3.68813e-06
8.14084e-06
3.804e-06
2.66418e-06
2.66319e-06
-3.18451e-06
2.35342e-07
-9.68626e-06
-3.33417e-06
-1.71581e-05
-7.5855e-06
-2.58761e-05
-1.15614e-05
-3.58301e-05
-1.37017e-05
-4.61222e-05
-1.21482e-05
-5.38151e-05
-6.18801e-06
-5.21509e-05
-2.88589e-05
-5.80455e-06
2.54387e-05
-9.68559e-06
4.15104e-05
-8.87925e-06
4.13372e-05
-4.8524e-06
3.61641e-05
7.22974e-07
2.99831e-05
6.66569e-06
2.40838e-05
1.22181e-05
1.88168e-05
1.69124e-05
1.41545e-05
2.04533e-05
9.93529e-06
2.26332e-05
5.9609e-06
2.32801e-05
2.01732e-06
2.22333e-05
-2.13769e-06
1.93508e-05
-6.80376e-06
1.45667e-05
-1.23739e-05
8.04143e-06
-1.93509e-05
4.56385e-07
-2.82451e-05
-6.56146e-06
-3.91044e-05
-1.01457e-05
-5.02309e-05
-7.18183e-06
-5.51147e-05
-3.60407e-05
-7.37026e-06
3.2809e-05
-7.30529e-06
4.14454e-05
-4.70005e-07
3.45019e-05
8.97506e-06
2.6719e-05
1.86574e-05
2.03008e-05
2.7483e-05
1.52583e-05
3.49713e-05
1.13284e-05
4.0931e-05
8.19487e-06
4.52883e-05
5.57795e-06
4.79937e-05
3.25548e-06
4.89695e-05
1.04155e-06
4.80793e-05
-1.24747e-06
4.51085e-05
-3.83299e-06
3.97708e-05
-7.03628e-06
3.17849e-05
-1.1365e-05
2.11388e-05
-1.75989e-05
8.73685e-06
-2.67025e-05
-2.43144e-06
-3.90626e-05
-6.43921e-06
-5.1107e-05
-4.248e-05
-3.63569e-06
3.64447e-05
8.2552e-06
2.95546e-05
2.43524e-05
1.84047e-05
3.90773e-05
1.19941e-05
5.12809e-05
8.09723e-06
6.09964e-05
5.54277e-06
6.8507e-05
3.81781e-06
7.41037e-05
2.59816e-06
7.80104e-05
1.67128e-06
8.03625e-05
9.034e-07
8.11992e-05
2.04803e-07
8.04546e-05
-5.02914e-07
7.79245e-05
-1.30281e-06
7.32195e-05
-2.33135e-06
6.56956e-05
-3.84106e-06
5.44453e-05
-6.34866e-06
3.86482e-05
-1.09053e-05
1.89818e-05
-1.93963e-05
1.44901e-06
-3.35741e-05
-4.10309e-05
3.64446e-05
6.59992e-05
8.44039e-05
9.6398e-05
0.000104495
0.000110038
0.000113856
0.000116454
0.000118125
0.000119029
0.000119233
0.000118731
0.000117428
0.000115096
0.000111255
0.000104907
9.40013e-05
7.46051e-05
4.10309e-05
)
;

boundaryField
{
    movingWall
    {
        type            calculated;
        value           uniform 0;
    }
    fixedWalls
    {
        type            calculated;
        value           uniform 0;
    }
    frontAndBack
    {
        type            empty;
        value           nonuniform List<scalar> 0();
    }
}


// ************************************************************************* //
