/*--------------------------------*- C++ -*----------------------------------*\
  =========                 |
  \\      /  F ield         | OpenFOAM: The Open Source CFD Toolbox
   \\    /   O peration     | Website:  https://openfoam.org
    \\  /    A nd           | Version:  8
     \\/     M anipulation  |
\*---------------------------------------------------------------------------*/
FoamFile
{
    version     2.0;
    format      ascii;
    class       volScalarField;
    location    "0.5";
    object      p;
}
// * * * * * * * * * * * * * * * * * * * * * * * * * * * * * * * * * * * * * //

dimensions      [0 2 -2 0 0 0 0];

internalField   nonuniform List<scalar> 
400
(
3.6018e-05
-0.0227473
-0.0498154
-0.0701419
-0.0778358
-0.0704046
-0.0475462
-0.0103899
0.0388511
0.096942
0.159618
0.221686
0.277374
0.320976
0.34779
0.355216
0.343855
0.318368
0.287858
0.265409
0.0227168
-0.000888123
-0.0220293
-0.0358356
-0.0398984
-0.0325354
-0.013378
0.016863
0.0566103
0.103426
0.153993
0.204209
0.249491
0.285318
0.307999
0.31554
0.308472
0.290205
0.266091
0.243265
0.0513828
0.0188021
-0.00382406
-0.0162294
-0.0194933
-0.0129426
0.0035506
0.0294159
0.0634967
0.103934
0.148047
0.192357
0.23281
0.265266
0.286184
0.293433
0.287095
0.269545
0.243087
0.211134
0.0754443
0.0309087
0.00319032
-0.0107294
-0.014943
-0.00969234
0.00485041
0.028153
0.0593659
0.0970638
0.13899
0.181959
0.222004
0.2548
0.27635
0.283841
0.27662
0.256203
0.22264
0.177431
0.0873408
0.0307538
-0.00289022
-0.019255
-0.0250362
-0.0212197
-0.00819185
0.0135953
0.0436078
0.0808302
0.123359
0.168174
0.211169
0.247516
0.272354
0.281768
0.274059
0.249851
0.207327
0.147013
0.081172
0.013158
-0.0264171
-0.0454744
-0.0529839
-0.0505124
-0.0385418
-0.0173521
0.0129061
0.0516729
0.0974167
0.147246
0.196796
0.240491
0.27222
0.286478
0.280067
0.252464
0.200001
0.122772
0.0519182
-0.0267244
-0.0718739
-0.093495
-0.102621
-0.101285
-0.0899539
-0.0686185
-0.0369265
0.00514363
0.0565535
0.114629
0.174743
0.230406
0.273871
0.297445
0.295739
0.266492
0.203693
0.107151
-0.00503302
-0.0934805
-0.143614
-0.167373
-0.177783
-0.177307
-0.166316
-0.144383
-0.110483
-0.0637984
-0.00462313
0.0648311
0.139843
0.212982
0.27452
0.313857
0.322423
0.295129
0.22243
0.103528
-0.0941251
-0.191632
-0.245958
-0.271093
-0.282171
-0.282156
-0.271295
-0.248625
-0.212238
-0.160216
-0.0917248
-0.00807825
0.0863016
0.183244
0.270845
0.334821
0.36209
0.343004
0.262291
0.117558
-0.219756
-0.325769
-0.38316
-0.408297
-0.418844
-0.418508
-0.407463
-0.384112
-0.345429
-0.288027
-0.209431
-0.109425
0.00854427
0.136115
0.259325
0.35957
0.417665
0.416878
0.332621
0.158757
-0.386528
-0.50082
-0.559397
-0.581891
-0.589485
-0.587113
-0.575026
-0.55092
-0.5104
-0.448197
-0.359593
-0.242048
-0.0970607
0.0678163
0.237249
0.388129
0.493613
0.526578
0.447647
0.242713
-0.600013
-0.722699
-0.778877
-0.793565
-0.793461
-0.785524
-0.770291
-0.744658
-0.702581
-0.63646
-0.538718
-0.403609
-0.229491
-0.0216264
0.204754
0.422807
0.597095
0.686358
0.62875
0.394505
-0.868735
-0.99968
-1.04612
-1.04318
-1.02669
-1.00668
-0.984076
-0.954737
-0.910558
-0.841131
-0.735422
-0.583661
-0.379826
-0.125055
0.167889
0.470676
0.739896
0.916902
0.907805
0.654408
-1.20893
-1.34503
-1.36626
-1.32782
-1.28023
-1.23749
-1.20046
-1.16327
-1.11505
-1.04198
-0.929053
-0.761824
-0.528843
-0.225258
0.141715
0.546364
0.940733
1.24786
1.33218
1.08806
-1.65538
-1.78149
-1.74473
-1.63978
-1.53841
-1.45756
-1.39624
-1.34521
-1.28962
-1.2114
-1.09103
-0.909
-0.647778
-0.294998
0.150966
0.672921
1.22591
1.71919
1.97055
1.80302
-2.28336
-2.34769
-2.18515
-1.96333
-1.77652
-1.63848
-1.54176
-1.47066
-1.40427
-1.31901
-1.19036
-0.993555
-0.70467
-0.302841
0.225404
0.878439
1.62639
2.37819
2.91444
2.96694
-3.25338
-3.10445
-2.68657
-2.27418
-1.96239
-1.74719
-1.60612
-1.51164
-1.43346
-1.34116
-1.20465
-0.99387
-0.678342
-0.227858
0.385901
1.18469
2.16894
3.27112
4.2769
4.83574
-4.96246
-4.13173
-3.21442
-2.52112
-2.04756
-1.74357
-1.55996
-1.44851
-1.36561
-1.27289
-1.13498
-0.917029
-0.582496
-0.0909092
0.604691
1.55933
2.82363
4.39877
6.21298
7.939
-8.53177
-5.45608
-3.5044
-2.47104
-1.86816
-1.52
-1.33765
-1.24694
-1.19026
-1.1236
-1.00927
-0.810631
-0.488549
0.0049806
0.734751
1.79669
3.32535
5.50939
8.82502
13.4966
-15.2496
-6.73051
-3.00442
-1.75832
-1.21784
-0.966529
-0.886152
-0.889365
-0.914295
-0.919062
-0.870014
-0.734811
-0.477231
-0.0525233
0.605536
1.61402
3.20651
5.92433
11.4085
21.6994
)
;

boundaryField
{
    movingWall
    {
        type            zeroGradient;
    }
    fixedWalls
    {
        type            zeroGradient;
    }
    frontAndBack
    {
        type            empty;
    }
}


// ************************************************************************* //
