/*--------------------------------*- C++ -*----------------------------------*\
  =========                 |
  \\      /  F ield         | OpenFOAM: The Open Source CFD Toolbox
   \\    /   O peration     | Website:  https://openfoam.org
    \\  /    A nd           | Version:  8
     \\/     M anipulation  |
\*---------------------------------------------------------------------------*/
FoamFile
{
    version     2.0;
    format      ascii;
    class       volVectorField;
    location    "0.5";
    object      U;
}
// * * * * * * * * * * * * * * * * * * * * * * * * * * * * * * * * * * * * * //

dimensions      [0 1 -1 0 0 0 0];

internalField   nonuniform List<vector> 
400
(
(0.000935472 -0.00093658 0)
(0.000355702 0.000501051 0)
(-0.00488202 0.00220617 0)
(-0.0137634 0.00336483 0)
(-0.0247638 0.00393766 0)
(-0.036473 0.00401552 0)
(-0.0476782 0.00369097 0)
(-0.0573582 0.00303535 0)
(-0.0646575 0.00210218 0)
(-0.0688796 0.000944583 0)
(-0.0695201 -0.000364723 0)
(-0.0663382 -0.00171893 0)
(-0.0594452 -0.00297234 0)
(-0.0493858 -0.00394886 0)
(-0.037176 -0.00446397 0)
(-0.0242692 -0.00435946 0)
(-0.0124204 -0.00354757 0)
(-0.00343397 -0.00206049 0)
(0.00121846 -0.000165645 0)
(0.00115602 0.00112136 0)
(-0.0004385 -0.000450102 0)
(-0.00674064 0.00670462 0)
(-0.0228604 0.0141294 0)
(-0.0461842 0.0192915 0)
(-0.0736453 0.02184 0)
(-0.102332 0.0219708 0)
(-0.129525 0.0200007 0)
(-0.152821 0.0162478 0)
(-0.170187 0.0110172 0)
(-0.180015 0.0046508 0)
(-0.181205 -0.0024092 0)
(-0.173315 -0.00957406 0)
(-0.156719 -0.0161036 0)
(-0.13274 -0.0211555 0)
(-0.103686 -0.0238933 0)
(-0.0727355 -0.0236493 0)
(-0.0436002 -0.0201266 0)
(-0.0199569 -0.0136132 0)
(-0.0048672 -0.00532767 0)
(0.000104825 0.00135862 0)
(-0.00228447 0.0048153 0)
(-0.0151786 0.0230579 0)
(-0.0422751 0.0399371 0)
(-0.0786927 0.0515529 0)
(-0.120032 0.0571045 0)
(-0.162419 0.0568422 0)
(-0.202174 0.0513804 0)
(-0.235994 0.0414431 0)
(-0.261078 0.0278141 0)
(-0.275217 0.0114121 0)
(-0.276926 -0.00659919 0)
(-0.265624 -0.024734 0)
(-0.241833 -0.0411923 0)
(-0.207333 -0.053982 0)
(-0.165211 -0.0611709 0)
(-0.119722 -0.0612595 0)
(-0.0758513 -0.0536356 0)
(-0.0386028 -0.0390331 0)
(-0.0125908 -0.0200623 0)
(-0.00147386 -0.00257172 0)
(-0.00393073 0.0146419 0)
(-0.0230987 0.0488589 0)
(-0.0607839 0.0777461 0)
(-0.109479 0.0969706 0)
(-0.163366 0.105629 0)
(-0.217776 0.10418 0)
(-0.268354 0.0936327 0)
(-0.311203 0.0752184 0)
(-0.343018 0.0503211 0)
(-0.361179 0.0205855 0)
(-0.363888 -0.0119251 0)
(-0.350372 -0.0446195 0)
(-0.321115 -0.0743964 0)
(-0.278055 -0.097841 0)
(-0.224699 -0.111633 0)
(-0.166043 -0.113156 0)
(-0.108132 -0.101249 0)
(-0.0573182 -0.0769346 0)
(-0.0201205 -0.0440884 0)
(-0.0028859 -0.0106264 0)
(-0.00535897 0.0285208 0)
(-0.0303019 0.0833725 0)
(-0.0779686 0.126538 0)
(-0.138205 0.154129 0)
(-0.203738 0.165673 0)
(-0.269175 0.162137 0)
(-0.329652 0.145093 0)
(-0.380874 0.11637 0)
(-0.419205 0.0780118 0)
(-0.441718 0.0324379 0)
(-0.446304 -0.0173394 0)
(-0.43189 -0.0675527 0)
(-0.398698 -0.11368 0)
(-0.348529 -0.150689 0)
(-0.28501 -0.173578 0)
(-0.213653 -0.178229 0)
(-0.141533 -0.162496 0)
(-0.076561 -0.127279 0)
(-0.0276091 -0.0773748 0)
(-0.00417283 -0.0225239 0)
(-0.00663043 0.0460433 0)
(-0.0368848 0.126017 0)
(-0.0938665 0.185722 0)
(-0.164894 0.22241 0)
(-0.241281 0.236602 0)
(-0.316983 0.230144 0)
(-0.386754 0.205385 0)
(-0.446058 0.164854 0)
(-0.491066 0.111275 0)
(-0.518612 0.0478097 0)
(-0.526263 -0.0216299 0)
(-0.512509 -0.0921318 0)
(-0.477069 -0.157716 0)
(-0.421291 -0.211563 0)
(-0.348585 -0.246641 0)
(-0.26474 -0.256792 0)
(-0.17782 -0.238216 0)
(-0.0975506 -0.191034 0)
(-0.0356964 -0.120536 0)
(-0.00551333 -0.0383046 0)
(-0.00779498 0.066896 0)
(-0.0429589 0.176207 0)
(-0.108569 0.254604 0)
(-0.189551 0.301077 0)
(-0.27589 0.317695 0)
(-0.360991 0.307601 0)
(-0.439373 0.274168 0)
(-0.506429 0.220723 0)
(-0.55828 0.150652 0)
(-0.591619 0.0677571 0)
(-0.603691 -0.0233016 0)
(-0.592439 -0.116612 0)
(-0.556839 -0.2048 0)
(-0.497424 -0.279151 0)
(-0.416959 -0.330228 0)
(-0.321131 -0.349144 0)
(-0.218808 -0.329505 0)
(-0.121712 -0.269683 0)
(-0.0451525 -0.174814 0)
(-0.00711057 -0.0584344 0)
(-0.00888725 0.0908317 0)
(-0.0486086 0.233366 0)
(-0.122122 0.332378 0)
(-0.212041 0.389165 0)
(-0.307114 0.407935 0)
(-0.400337 0.393586 0)
(-0.486194 0.350788 0)
(-0.560218 0.283768 0)
(-0.618689 0.196524 0)
(-0.658321 0.0933248 0)
(-0.676112 -0.0206747 0)
(-0.669418 -0.138839 0)
(-0.636269 -0.252612 0)
(-0.575992 -0.351403 0)
(-0.490159 -0.423045 0)
(-0.383736 -0.455133 0)
(-0.265928 -0.43744 0)
(-0.150415 -0.365143 0)
(-0.0567848 -0.242128 0)
(-0.00918222 -0.0838313 0)
(-0.00994149 0.11765 0)
(-0.0539243 0.296931 0)
(-0.134564 0.418101 0)
(-0.232119 0.485387 0)
(-0.334177 0.505819 0)
(-0.433524 0.486575 0)
(-0.524871 0.433943 0)
(-0.604193 0.353155 0)
(-0.668225 0.248748 0)
(-0.713963 0.125228 0)
(-0.738361 -0.0121063 0)
(-0.738269 -0.156324 0)
(-0.710669 -0.298096 0)
(-0.653325 -0.4252 0)
(-0.565953 -0.522598 0)
(-0.451897 -0.573601 0)
(-0.319779 -0.562607 0)
(-0.184777 -0.479507 0)
(-0.0714144 -0.325018 0)
(-0.0119755 -0.115877 0)
(-0.0110259 0.147221 0)
(-0.0591043 0.366371 0)
(-0.146065 0.510639 0)
(-0.249571 0.587972 0)
(-0.356104 0.609084 0)
(-0.458508 0.584084 0)
(-0.552099 0.521251 0)
(-0.633695 0.426954 0)
(-0.70089 0.306181 0)
(-0.751354 0.163411 0)
(-0.78235 0.00364829 0)
(-0.790487 -0.166452 0)
(-0.771785 -0.337444 0)
(-0.722213 -0.496052 0)
(-0.638956 -0.624598 0)
(-0.522556 -0.701571 0)
(-0.37956 -0.704305 0)
(-0.225429 -0.614504 0)
(-0.0898831 -0.426467 0)
(-0.0158019 -0.156441 0)
(-0.0123029 0.179587 0)
(-0.0646257 0.441297 0)
(-0.157168 0.608651 0)
(-0.264441 0.694478 0)
(-0.371882 0.714391 0)
(-0.472819 0.68226 0)
(-0.563699 0.608797 0)
(-0.642713 0.501644 0)
(-0.708829 0.366156 0)
(-0.760902 0.206503 0)
(-0.797014 0.0269221 0)
(-0.814017 -0.166905 0)
(-0.807321 -0.366311 0)
(-0.77115 -0.557977 0)
(-0.699644 -0.722397 0)
(-0.589233 -0.833292 0)
(-0.442261 -0.859412 0)
(-0.27215 -0.770613 0)
(-0.113059 -0.549561 0)
(-0.0210949 -0.207951 0)
(-0.0141348 0.215212 0)
(-0.0715066 0.521694 0)
(-0.169071 0.710571 0)
(-0.277216 0.801556 0)
(-0.380526 0.816953 0)
(-0.473538 0.775453 0)
(-0.55459 0.690672 0)
(-0.623918 0.571642 0)
(-0.682458 0.423977 0)
(-0.73083 0.251268 0)
(-0.768553 0.0565234 0)
(-0.793396 -0.156274 0)
(-0.800843 -0.380318 0)
(-0.783855 -0.603689 0)
(-0.733451 -0.806652 0)
(-0.640825 -0.959234 0)
(-0.501534 -1.02091 0)
(-0.323231 -0.945687 0)
(-0.141794 -0.6969 0)
(-0.0285006 -0.273513 0)
(-0.0172692 0.255455 0)
(-0.0816807 0.608267 0)
(-0.183886 0.814506 0)
(-0.288772 0.904527 0)
(-0.380727 0.910009 0)
(-0.456795 0.85572 0)
(-0.518306 0.758571 0)
(-0.568345 0.628959 0)
(-0.610416 0.472578 0)
(-0.647429 0.292179 0)
(-0.680929 0.0891657 0)
(-0.710369 -0.134804 0)
(-0.732263 -0.375873 0)
(-0.739339 -0.625271 0)
(-0.72019 -0.865454 0)
(-0.660368 -1.06532 0)
(-0.54616 -1.17615 0)
(-0.374364 -1.13292 0)
(-0.176733 -0.869497 0)
(-0.0390026 -0.357133 0)
(-0.0231582 0.30342 0)
(-0.0984663 0.702766 0)
(-0.204545 0.917722 0)
(-0.29948 0.99649 0)
(-0.369379 0.983983 0)
(-0.416075 0.912256 0)
(-0.445415 0.801518 0)
(-0.464177 0.663161 0)
(-0.478874 0.502577 0)
(-0.494974 0.321399 0)
(-0.516388 0.119203 0)
(-0.544855 -0.105036 0)
(-0.578967 -0.351218 0)
(-0.612753 -0.615416 0)
(-0.634104 -0.885286 0)
(-0.623966 -1.13284 0)
(-0.558051 -1.30519 0)
(-0.416718 -1.31799 0)
(-0.217644 -1.06469 0)
(-0.0540156 -0.463883 0)
(-0.0344089 0.365321 0)
(-0.126829 0.80787 0)
(-0.233409 1.01512 0)
(-0.3061 1.06658 0)
(-0.33752 1.02522 0)
(-0.33802 0.930834 0)
(-0.319744 0.805962 0)
(-0.293743 0.661929 0)
(-0.269484 0.503075 0)
(-0.25471 0.329557 0)
(-0.255466 0.139083 0)
(-0.275886 -0.0719692 0)
(-0.317399 -0.30742 0)
(-0.377045 -0.569241 0)
(-0.444785 -0.853165 0)
(-0.500117 -1.13987 0)
(-0.509676 -1.38004 0)
(-0.433467 -1.47566 0)
(-0.261312 -1.27237 0)
(-0.0750534 -0.599641 0)
(-0.0549216 0.452678 0)
(-0.171905 0.925298 0)
(-0.266657 1.09528 0)
(-0.293134 1.09664 0)
(-0.26089 1.01432 0)
(-0.193707 0.893676 0)
(-0.111117 0.75681 0)
(-0.0279232 0.612819 0)
(0.0445602 0.463736 0)
(0.0975516 0.307803 0)
(0.123963 0.141038 0)
(0.117979 -0.0421533 0)
(0.0753475 -0.248715 0)
(-0.00524937 -0.486197 0)
(-0.119087 -0.759925 0)
(-0.249668 -1.0647 0)
(-0.360708 -1.36587 0)
(-0.393589 -1.56662 0)
(-0.295831 -1.46942 0)
(-0.101587 -0.770725 0)
(-0.0875458 0.586826 0)
(-0.230422 1.04836 0)
(-0.276372 1.12969 0)
(-0.211644 1.0541 0)
(-0.0807901 0.923453 0)
(0.0765111 0.780102 0)
(0.235736 0.639947 0)
(0.381475 0.506622 0)
(0.503494 0.378397 0)
(0.594434 0.251304 0)
(0.648171 0.120175 0)
(0.658818 -0.0213709 0)
(0.620378 -0.18155 0)
(0.527215 -0.371253 0)
(0.376312 -0.603942 0)
(0.173544 -0.891053 0)
(-0.0538016 -1.22457 0)
(-0.241801 -1.53467 0)
(-0.288345 -1.61072 0)
(-0.123651 -0.983698 0)
(-0.119023 0.797597 0)
(-0.257402 1.13693 0)
(-0.161279 1.05101 0)
(0.0655773 0.883523 0)
(0.327822 0.717877 0)
(0.582696 0.572549 0)
(0.811875 0.44941 0)
(1.00656 0.344134 0)
(1.16239 0.250873 0)
(1.2767 0.164022 0)
(1.34668 0.0783079 0)
(1.36838 -0.0118422 0)
(1.33594 -0.113395 0)
(1.24106 -0.236593 0)
(1.07312 -0.397478 0)
(0.822689 -0.619532 0)
(0.491993 -0.926723 0)
(0.118445 -1.30782 0)
(-0.160424 -1.60545 0)
(-0.0989492 -1.21774 0)
(-0.018745 1.0079 0)
(-0.0225026 1.05031 0)
(0.37331 0.769215 0)
(0.813601 0.553884 0)
(1.18641 0.403745 0)
(1.49102 0.295964 0)
(1.73683 0.217162 0)
(1.93038 0.157478 0)
(2.07694 0.10952 0)
(2.1802 0.0680711 0)
(2.2417 0.0292966 0)
(2.26051 -0.0101318 0)
(2.2328 -0.0540662 0)
(2.15067 -0.108358 0)
(2.00025 -0.183841 0)
(1.75945 -0.302048 0)
(1.39522 -0.503175 0)
(0.87055 -0.840471 0)
(0.293899 -1.28294 0)
(0.138132 -1.27149 0)
(1.12224 0.550627 0)
(1.44603 0.486925 0)
(2.0253 0.305232 0)
(2.47372 0.18865 0)
(2.75955 0.119835 0)
(2.95113 0.0775079 0)
(3.08698 0.0507567 0)
(3.18397 0.0331852 0)
(3.25143 0.0207909 0)
(3.29492 0.0111585 0)
(3.31728 0.00281159 0)
(3.31922 -0.00527116 0)
(3.29953 -0.01413 0)
(3.25445 -0.0252362 0)
(3.17564 -0.0415877 0)
(3.04548 -0.070307 0)
(2.8227 -0.12889 0)
(2.40253 -0.255056 0)
(1.72928 -0.4874 0)
(1.25986 -0.596782 0)
)
;

boundaryField
{
    movingWall
    {
        type            fixedValue;
        value           uniform (3.9 0 0);
    }
    fixedWalls
    {
        type            noSlip;
    }
    frontAndBack
    {
        type            empty;
    }
}


// ************************************************************************* //
