/*--------------------------------*- C++ -*----------------------------------*\
  =========                 |
  \\      /  F ield         | OpenFOAM: The Open Source CFD Toolbox
   \\    /   O peration     | Website:  https://openfoam.org
    \\  /    A nd           | Version:  8
     \\/     M anipulation  |
\*---------------------------------------------------------------------------*/
FoamFile
{
    version     2.0;
    format      ascii;
    class       surfaceScalarField;
    location    "0.1";
    object      phi;
}
// * * * * * * * * * * * * * * * * * * * * * * * * * * * * * * * * * * * * * //

dimensions      [0 3 -1 0 0 0 0];

internalField   nonuniform List<scalar> 
760
(
2.18201e-08
-2.18203e-08
-3.64439e-08
5.8264e-08
-1.81527e-07
1.45081e-07
-3.87143e-07
2.05616e-07
-6.22528e-07
2.35384e-07
-8.58972e-07
2.36444e-07
-1.07186e-06
2.12892e-07
-1.24131e-06
1.6945e-07
-1.35223e-06
1.10915e-07
-1.39442e-06
4.21939e-08
-1.36301e-06
-3.14134e-08
-1.25905e-06
-1.03956e-07
-1.09031e-06
-1.68742e-07
-8.71803e-07
-2.18511e-07
-6.25846e-07
-2.45956e-07
-3.81197e-07
-2.44649e-07
-1.70714e-07
-2.10483e-07
-2.71394e-08
-1.43575e-07
2.54613e-08
-5.26009e-08
2.54606e-08
-5.51715e-08
3.33526e-08
-2.86691e-07
2.89783e-07
-6.8576e-07
5.44153e-07
-1.20375e-06
7.23605e-07
-1.77923e-06
8.10869e-07
-2.35053e-06
8.07735e-07
-2.86202e-06
7.24387e-07
-3.26736e-06
5.74793e-07
-3.531e-06
3.74549e-07
-3.62923e-06
1.40427e-07
-3.55138e-06
-1.09261e-07
-3.3011e-06
-3.54243e-07
-2.89754e-06
-5.72292e-07
-2.37602e-06
-7.40031e-07
-1.78719e-06
-8.34789e-07
-1.19408e-06
-8.37753e-07
-6.6598e-07
-7.38585e-07
-2.68259e-07
-5.41294e-07
-4.68031e-08
-2.74055e-07
-2.13437e-08
-1.47018e-07
1.80371e-07
-5.65564e-07
7.08326e-07
-1.2066e-06
1.18519e-06
-1.99674e-06
1.51374e-06
-2.85202e-06
1.66615e-06
-3.68907e-06
1.64479e-06
-4.43234e-06
1.46766e-06
-5.01838e-06
1.16083e-06
-5.39831e-06
7.54479e-07
-5.53962e-06
2.81742e-07
-5.42782e-06
-2.21068e-07
-5.06806e-06
-7.14001e-07
-4.48664e-06
-1.15371e-06
-3.73157e-06
-1.49511e-06
-2.87136e-06
-1.695e-06
-1.99105e-06
-1.71806e-06
-1.18442e-06
-1.54522e-06
-5.41975e-07
-1.18374e-06
-1.35207e-07
-6.80823e-07
-1.5655e-07
-2.3099e-07
4.11361e-07
-8.31541e-07
1.30888e-06
-1.706e-06
2.05965e-06
-2.75017e-06
2.55792e-06
-3.85756e-06
2.77354e-06
-4.92714e-06
2.71436e-06
-5.86909e-06
2.40962e-06
-6.6086e-06
1.90034e-06
-7.08814e-06
1.23402e-06
-7.26927e-06
4.62871e-07
-7.13436e-06
-3.55981e-07
-6.68849e-06
-1.15987e-06
-5.96127e-06
-1.88093e-06
-5.00793e-06
-2.44845e-06
-3.90865e-06
-2.79428e-06
-2.76497e-06
-2.86174e-06
-1.69221e-06
-2.61797e-06
-8.07811e-07
-2.06814e-06
-2.16856e-07
-1.27178e-06
-3.73405e-07
-3.07673e-07
7.19036e-07
-1.08302e-06
2.08422e-06
-2.18388e-06
3.16051e-06
-3.47204e-06
3.84608e-06
-4.8173e-06
4.1188e-06
-6.10231e-06
3.99938e-06
-7.22612e-06
3.53343e-06
-8.10612e-06
2.78033e-06
-8.6792e-06
1.80711e-06
-8.90277e-06
6.86434e-07
-8.75607e-06
-5.02678e-07
-8.24226e-06
-1.67369e-06
-7.3908e-06
-2.73238e-06
-6.2598e-06
-3.57946e-06
-4.93688e-06
-4.1172e-06
-3.53749e-06
-4.26114e-06
-2.19886e-06
-3.95659e-06
-1.0693e-06
-3.1977e-06
-2.93795e-07
-2.04729e-06
-6.67199e-07
-3.80733e-07
1.09977e-06
-1.32659e-06
3.03008e-06
-2.64943e-06
4.48334e-06
-4.17525e-06
5.3719e-06
-5.74925e-06
5.6928e-06
-7.23872e-06
5.48886e-06
-8.53389e-06
4.82859e-06
-9.54725e-06
3.7937e-06
-1.02127e-05
2.47251e-06
-1.04847e-05
9.58491e-07
-1.03393e-05
-6.48047e-07
-9.77575e-06
-2.23728e-06
-8.81975e-06
-3.68838e-06
-7.52794e-06
-4.87127e-06
-5.99144e-06
-5.6537e-06
-4.33736e-06
-5.91521e-06
-2.72576e-06
-5.5682e-06
-1.34022e-06
-4.58324e-06
-3.72104e-07
-3.0154e-06
-1.0393e-06
-4.5372e-07
1.55349e-06
-1.56979e-06
4.14615e-06
-3.1124e-06
6.02594e-06
-4.8699e-06
7.12941e-06
-6.66261e-06
7.4855e-06
-8.34402e-06
7.17027e-06
-9.79843e-06
6.283e-06
-1.09369e-05
4.93215e-06
-1.16931e-05
3.22874e-06
-1.20207e-05
1.28607e-06
-1.18922e-05
-7.76555e-07
-1.13008e-05
-2.82866e-06
-1.02648e-05
-4.72441e-06
-8.83396e-06
-6.30209e-06
-7.09759e-06
-7.39006e-06
-5.19075e-06
-7.82205e-06
-3.29597e-06
-7.46298e-06
-1.6365e-06
-6.24271e-06
-4.58323e-07
-4.19358e-06
-1.49763e-06
-5.29718e-07
2.0832e-06
-1.81928e-06
5.43572e-06
-3.57997e-06
7.78663e-06
-5.5597e-06
9.10914e-06
-7.55421e-06
9.48001e-06
-9.40618e-06
9.02224e-06
-1.09985e-05
7.87536e-06
-1.22458e-05
6.17937e-06
-1.30857e-05
4.06872e-06
-1.34738e-05
1.67413e-06
-1.33799e-05
-8.70505e-07
-1.27893e-05
-3.41921e-06
-1.17083e-05
-5.80544e-06
-1.01731e-05
-7.83724e-06
-8.26326e-06
-9.29992e-06
-6.11472e-06
-9.9706e-06
-3.9294e-06
-9.6483e-06
-1.97358e-06
-8.19853e-06
-5.589e-07
-5.60826e-06
-2.05653e-06
-6.11675e-07
2.69488e-06
-2.08091e-06
6.90496e-06
-4.05612e-06
9.76184e-06
-6.24034e-06
1.12934e-05
-8.40606e-06
1.16457e-05
-1.03904e-05
1.10066e-05
-1.20821e-05
9.56705e-06
-1.34063e-05
7.50354e-06
-1.43113e-05
4.97371e-06
-1.47587e-05
2.12153e-06
-1.47177e-05
-9.11496e-07
-1.41648e-05
-3.97215e-06
-1.30891e-05
-6.88108e-06
-1.15051e-05
-9.4213e-06
-9.47074e-06
-1.13342e-05
-7.11116e-06
-1.23302e-05
-4.63934e-06
-1.21201e-05
-2.3654e-06
-1.04725e-05
-6.80335e-07
-7.29333e-06
-2.73686e-06
-7.0345e-07
3.39833e-06
-2.36139e-06
8.5629e-06
-4.54254e-06
1.1943e-05
-6.89885e-06
1.36497e-05
-9.18298e-06
1.39299e-05
-1.12354e-05
1.3059e-05
-1.29611e-05
1.12928e-05
-1.43066e-05
8.84896e-06
-1.52392e-05
5.90639e-06
-1.57335e-05
2.6158e-06
-1.57616e-05
-8.83362e-07
-1.52913e-05
-4.44249e-06
-1.42904e-05
-7.88194e-06
-1.27414e-05
-1.09703e-05
-1.06659e-05
-1.34098e-05
-8.15919e-06
-1.48369e-05
-5.42902e-06
-1.48503e-05
-2.82418e-06
-1.30773e-05
-8.29911e-07
-9.28759e-06
-3.56678e-06
-8.11694e-07
4.21002e-06
-2.67113e-06
1.04223e-05
-5.04016e-06
1.4312e-05
-7.51245e-06
1.6122e-05
-9.82858e-06
1.6246e-05
-1.18468e-05
1.50773e-05
-1.35045e-05
1.29504e-05
-1.47827e-05
1.01272e-05
-1.56796e-05
6.80328e-06
-1.61908e-05
3.12705e-06
-1.62975e-05
-7.767e-07
-1.59607e-05
-4.77925e-06
-1.51246e-05
-8.71807e-06
-1.37299e-05
-1.23649e-05
-1.17433e-05
-1.53964e-05
-9.20412e-06
-1.73761e-05
-6.28634e-06
-1.77681e-05
-3.36011e-06
-1.60035e-05
-1.017e-06
-1.16307e-05
-4.58377e-06
-9.48988e-07
5.15901e-06
-3.02797e-06
1.25013e-05
-5.54942e-06
1.68335e-05
-8.04373e-06
1.86163e-05
-1.02565e-05
1.84588e-05
-1.20873e-05
1.69081e-05
-1.3527e-05
1.43902e-05
-1.46089e-05
1.12091e-05
-1.53742e-05
7.56853e-06
-1.58493e-05
3.60212e-06
-1.60314e-05
-5.94575e-07
-1.58803e-05
-4.93034e-06
-1.53171e-05
-9.28123e-06
-1.42346e-05
-1.34475e-05
-1.25257e-05
-1.71053e-05
-1.01402e-05
-1.97615e-05
-7.1741e-06
-2.07342e-05
-3.98007e-06
-1.91976e-05
-1.2552e-06
-1.43556e-05
-5.83897e-06
-1.13895e-06
6.29796e-06
-3.46048e-06
1.48229e-05
-6.06502e-06
1.9438e-05
-8.42652e-06
2.09778e-05
-1.03308e-05
2.0363e-05
-1.17553e-05
1.83326e-05
-1.27722e-05
1.54071e-05
-1.34846e-05
1.19215e-05
-1.3988e-05
8.07197e-06
-1.43477e-05
3.96174e-06
-1.45842e-05
-3.58025e-07
-1.46639e-05
-4.85065e-06
-1.44918e-05
-9.45333e-06
-1.39136e-05
-1.40257e-05
-1.27358e-05
-1.8283e-05
-1.07833e-05
-2.17141e-05
-8.01138e-06
-2.35061e-05
-4.68275e-06
-2.25262e-05
-1.56571e-06
-1.74726e-05
-7.40468e-06
-1.42389e-06
7.72185e-06
-4.00616e-06
1.74051e-05
-6.55488e-06
2.19867e-05
-8.52958e-06
2.29525e-05
-9.82437e-06
2.16578e-05
-1.05473e-05
1.90555e-05
-1.08824e-05
1.57422e-05
-1.1016e-05
1.20551e-05
-1.11017e-05
8.15765e-06
-1.1245e-05
4.10506e-06
-1.14945e-05
-1.08537e-07
-1.18324e-05
-4.51277e-06
-1.21621e-05
-9.12362e-06
-1.22968e-05
-1.3891e-05
-1.19604e-05
-1.86195e-05
-1.08263e-05
-2.28482e-05
-8.63658e-06
-2.56958e-05
-5.44344e-06
-2.57193e-05
-1.98099e-06
-2.09351e-05
-9.38568e-06
-1.87209e-06
9.59394e-06
-4.68841e-06
2.02214e-05
-6.89781e-06
2.41961e-05
-8.07365e-06
2.41283e-05
-8.33719e-06
2.19214e-05
-7.99189e-06
1.87102e-05
-7.35523e-06
1.51056e-05
-6.69369e-06
1.13936e-05
-6.20695e-06
7.67091e-06
-6.02983e-06
3.92793e-06
-6.23525e-06
9.6891e-08
-6.82951e-06
-3.91851e-06
-7.73638e-06
-8.21675e-06
-8.76986e-06
-1.28575e-05
-9.60432e-06
-1.7785e-05
-9.76964e-06
-2.26828e-05
-8.73324e-06
-2.67322e-05
-6.16909e-06
-2.82835e-05
-2.5416e-06
-2.45626e-05
-1.19273e-05
-2.56371e-06
1.21576e-05
-5.41988e-06
2.30776e-05
-6.7217e-06
2.5498e-05
-6.45833e-06
2.38649e-05
-5.15104e-06
2.06141e-05
-3.3477e-06
1.69068e-05
-1.48454e-06
1.32424e-05
1.29338e-07
9.7797e-06
1.28705e-06
6.5132e-06
1.85394e-06
3.36105e-06
1.74835e-06
2.0248e-07
9.37519e-07
-3.10768e-06
-5.47811e-07
-6.73142e-06
-2.57458e-06
-1.08308e-05
-4.84318e-06
-1.55164e-05
-6.81331e-06
-2.07127e-05
-7.68316e-06
-2.58624e-05
-6.573e-06
-2.93936e-05
-3.25562e-06
-2.78799e-05
-1.51829e-05
-3.4867e-06
1.56443e-05
-5.69509e-06
2.5286e-05
-5.02404e-06
2.48269e-05
-2.43673e-06
2.12776e-05
9.93276e-07
1.71841e-05
4.52032e-06
1.33798e-05
7.68762e-06
1.00751e-05
1.02355e-05
7.23179e-06
1.20195e-05
4.72927e-06
1.29525e-05
2.42803e-06
1.29717e-05
1.83295e-07
1.20253e-05
-2.1613e-06
1.00797e-05
-4.78584e-06
7.15625e-06
-7.90733e-06
3.41375e-06
-1.17739e-05
-7.07144e-07
-1.65918e-05
-4.29715e-06
-2.22724e-05
-5.87702e-06
-2.78138e-05
-3.94864e-06
-2.98083e-05
-1.91315e-05
-4.15737e-06
1.98017e-05
-3.74915e-06
2.48778e-05
6.26735e-07
2.0451e-05
6.41315e-06
1.54912e-05
1.21595e-05
1.14377e-05
1.72201e-05
8.3192e-06
2.1345e-05
5.95018e-06
2.44662e-05
4.11067e-06
2.6583e-05
2.61242e-06
2.77027e-05
1.30832e-06
2.78094e-05
7.6579e-08
2.685e-05
-1.20191e-06
2.47286e-05
-2.66442e-06
2.13212e-05
-4.49988e-06
1.65321e-05
-6.98481e-06
1.04463e-05
-1.0506e-05
3.65689e-06
-1.5483e-05
-2.16307e-06
-2.19938e-05
-3.86346e-06
-2.81079e-05
-2.2995e-05
-1.54293e-06
2.13446e-05
5.89888e-06
1.7436e-05
1.55923e-05
1.07576e-05
2.42646e-05
6.81892e-06
3.12527e-05
4.44953e-06
3.66294e-05
2.94249e-06
4.06245e-05
1.95508e-06
4.34597e-05
1.27549e-06
4.53013e-05
7.70868e-07
4.62505e-05
3.59095e-07
4.63421e-05
-1.4998e-08
4.5541e-05
-4.00796e-07
4.37282e-05
-8.51636e-07
4.0681e-05
-1.45274e-06
3.6051e-05
-2.35474e-06
2.93866e-05
-3.84168e-06
2.03466e-05
-6.44299e-06
9.44835e-06
-1.10956e-05
1.28028e-07
-1.87876e-05
-2.2867e-05
2.13446e-05
3.87806e-05
4.95382e-05
5.63572e-05
6.08067e-05
6.37492e-05
6.57043e-05
6.69797e-05
6.77506e-05
6.81097e-05
6.80947e-05
6.76939e-05
6.68423e-05
6.53895e-05
6.30348e-05
5.91931e-05
5.27501e-05
4.16546e-05
2.2867e-05
)
;

boundaryField
{
    movingWall
    {
        type            calculated;
        value           uniform 0;
    }
    fixedWalls
    {
        type            calculated;
        value           uniform 0;
    }
    frontAndBack
    {
        type            empty;
        value           nonuniform List<scalar> 0();
    }
}


// ************************************************************************* //
