/*--------------------------------*- C++ -*----------------------------------*\
  =========                 |
  \\      /  F ield         | OpenFOAM: The Open Source CFD Toolbox
   \\    /   O peration     | Website:  https://openfoam.org
    \\  /    A nd           | Version:  8
     \\/     M anipulation  |
\*---------------------------------------------------------------------------*/
FoamFile
{
    version     2.0;
    format      ascii;
    class       surfaceScalarField;
    location    "0.4";
    object      phi;
}
// * * * * * * * * * * * * * * * * * * * * * * * * * * * * * * * * * * * * * //

dimensions      [0 3 -1 0 0 0 0];

internalField   nonuniform List<scalar> 
760
(
6.09577e-08
-6.09097e-08
-1.25665e-07
1.86621e-07
-5.67874e-07
4.42208e-07
-1.18196e-06
6.14091e-07
-1.87975e-06
6.97791e-07
-2.58382e-06
7.04065e-07
-3.22833e-06
6.44509e-07
-3.75688e-06
5.28549e-07
-4.12089e-06
3.64011e-07
-4.28071e-06
1.59809e-07
-4.20967e-06
-7.10357e-08
-3.90042e-06
-3.09249e-07
-3.37142e-06
-5.29002e-07
-2.67161e-06
-6.99815e-07
-1.88064e-06
-7.90972e-07
-1.10262e-06
-7.78018e-07
-4.52189e-07
-6.50434e-07
-3.31846e-08
-4.19005e-07
9.49461e-08
-1.2813e-07
9.49463e-08
-1.8441e-07
1.23501e-07
-9.10909e-07
9.13118e-07
-2.13105e-06
1.66235e-06
-3.69187e-06
2.1749e-06
-5.41659e-06
2.42251e-06
-7.13486e-06
2.42233e-06
-8.69285e-06
2.2025e-06
-9.95579e-06
1.7915e-06
-1.08097e-05
1.21791e-06
-1.11662e-05
5.16293e-07
-1.09714e-05
-2.65774e-07
-1.02178e-05
-1.0629e-06
-8.95496e-06
-1.79183e-06
-7.29673e-06
-2.35805e-06
-5.41867e-06
-2.66904e-06
-3.54279e-06
-2.65389e-06
-1.90693e-06
-2.28629e-06
-7.19509e-07
-1.60643e-06
-1.01782e-07
-7.45859e-07
-6.83487e-09
-4.76412e-07
5.99913e-07
-1.78457e-06
2.22127e-06
-3.74563e-06
3.62341e-06
-6.1325e-06
4.56176e-06
-8.70491e-06
4.99492e-06
-1.12322e-05
4.94958e-06
-1.35035e-05
4.47388e-06
-1.5333e-05
3.62101e-06
-1.65639e-05
2.44872e-06
-1.70759e-05
1.02831e-06
-1.67974e-05
-5.44225e-07
-1.57195e-05
-2.14086e-06
-1.39091e-05
-3.60217e-06
-1.1518e-05
-4.74915e-06
-8.77983e-06
-5.40723e-06
-5.99192e-06
-5.44181e-06
-3.47784e-06
-4.80037e-06
-1.53237e-06
-3.5519e-06
-3.56652e-07
-1.92158e-06
-3.63486e-07
-7.43239e-07
1.34315e-06
-2.61104e-06
4.08908e-06
-5.27576e-06
6.28813e-06
-8.42133e-06
7.70733e-06
-1.17477e-05
8.32133e-06
-1.49786e-05
8.18048e-06
-1.78651e-05
7.36033e-06
-2.01878e-05
5.94372e-06
-2.17611e-05
4.02205e-06
-2.24412e-05
1.70841e-06
-2.21387e-05
-8.46782e-07
-2.08345e-05
-3.44506e-06
-1.85966e-05
-5.84006e-06
-1.55924e-05
-7.75338e-06
-1.20908e-05
-8.90882e-06
-8.4476e-06
-9.08498e-06
-5.06791e-06
-8.18007e-06
-2.34666e-06
-6.27315e-06
-5.98319e-07
-3.66993e-06
-9.61806e-07
-9.81217e-07
2.32437e-06
-3.36834e-06
6.4762e-06
-6.69073e-06
9.61052e-06
-1.05401e-05
1.15567e-05
-1.45588e-05
1.234e-05
-1.84331e-05
1.20548e-05
-2.18879e-05
1.08151e-05
-2.46822e-05
8.73804e-06
-2.66102e-05
5.95007e-06
-2.75071e-05
2.6053e-06
-2.72612e-05
-1.09269e-06
-2.58315e-05
-4.87479e-06
-2.32684e-05
-8.40315e-06
-1.9734e-05
-1.12878e-05
-1.55148e-05
-1.31281e-05
-1.10168e-05
-1.3583e-05
-6.73431e-06
-1.24625e-05
-3.18696e-06
-9.8205e-06
-8.35215e-07
-6.02167e-06
-1.79702e-06
-1.19421e-06
3.51857e-06
-4.05583e-06
9.33782e-06
-7.98388e-06
1.35386e-05
-1.24821e-05
1.6055e-05
-1.71397e-05
1.69976e-05
-2.16133e-05
1.65284e-05
-2.56108e-05
1.48126e-05
-2.88791e-05
1.20064e-05
-3.11985e-05
8.26951e-06
-3.23844e-05
3.79116e-06
-3.22969e-05
-1.18016e-06
-3.08596e-05
-6.31212e-06
-2.80852e-05
-1.11775e-05
-2.41073e-05
-1.52657e-05
-1.92087e-05
-1.80267e-05
-1.3836e-05
-1.89556e-05
-8.5814e-06
-1.77172e-05
-4.11808e-06
-1.42838e-05
-1.0931e-06
-9.04664e-06
-2.89013e-06
-1.38501e-06
4.90358e-06
-4.67444e-06
1.26272e-05
-9.14922e-06
1.80134e-05
-1.42323e-05
2.11381e-05
-1.94668e-05
2.22321e-05
-2.44885e-05
2.15501e-05
-2.89985e-05
1.93226e-05
-3.27415e-05
1.57494e-05
-3.54915e-05
1.10195e-05
-3.70466e-05
5.34634e-06
-3.72352e-05
-9.91555e-07
-3.59329e-05
-7.61446e-06
-3.30937e-05
-1.40167e-05
-2.87943e-05
-1.95652e-05
-2.32845e-05
-2.35364e-05
-1.70306e-05
-2.52096e-05
-1.07222e-05
-2.40255e-05
-5.21656e-06
-1.97895e-05
-1.40171e-06
-1.28615e-05
-4.29184e-06
-1.55484e-06
6.45842e-06
-5.22292e-06
1.62953e-05
-1.01755e-05
2.29659e-05
-1.57616e-05
2.67242e-05
-2.14867e-05
2.79572e-05
-2.69768e-05
2.70401e-05
-3.19391e-05
2.42849e-05
-3.61289e-05
1.99392e-05
-3.93252e-05
1.42158e-05
-4.13171e-05
7.3382e-06
-4.19022e-05
-4.06491e-07
-4.09006e-05
-8.61608e-06
-3.8188e-05
-1.67292e-05
-3.37518e-05
-2.40014e-05
-2.77668e-05
-2.95215e-05
-2.0678e-05
-3.22983e-05
-1.32542e-05
-3.14493e-05
-6.55887e-06
-2.64848e-05
-1.79217e-06
-1.76282e-05
-6.08401e-06
-1.70498e-06
8.1634e-06
-5.70069e-06
2.0291e-05
-1.10495e-05
2.83147e-05
-1.70301e-05
3.27048e-05
-2.31199e-05
3.40471e-05
-2.8949e-05
3.28692e-05
-3.42472e-05
2.95831e-05
-3.87982e-05
2.44902e-05
-4.24033e-05
1.78209e-05
-4.48576e-05
9.79255e-06
-4.59389e-05
6.7478e-07
-4.54133e-05
-9.14168e-06
-4.30651e-05
-1.90774e-05
-3.8759e-05
-2.83075e-05
-3.25406e-05
-3.57399e-05
-2.47675e-05
-4.00714e-05
-1.62347e-05
-3.99822e-05
-8.21314e-06
-3.45063e-05
-2.29702e-06
-2.35443e-05
-8.38103e-06
-1.84081e-06
1.00042e-05
-6.11648e-06
2.45667e-05
-1.17672e-05
3.39654e-05
-1.79992e-05
3.89368e-05
-2.42726e-05
4.03205e-05
-3.02396e-05
3.88362e-05
-3.56745e-05
3.5018e-05
-4.04123e-05
2.9228e-05
-4.43013e-05
2.17098e-05
-4.71669e-05
1.26581e-05
-4.87893e-05
2.29716e-06
-4.88963e-05
-9.03467e-06
-4.71813e-05
-2.07923e-05
-4.33612e-05
-3.21276e-05
-3.72913e-05
-4.18099e-05
-2.91475e-05
-4.82151e-05
-1.96502e-05
-4.94795e-05
-1.02302e-05
-4.39263e-05
-2.95155e-06
-3.0823e-05
-1.13326e-05
-1.97864e-06
1.19829e-05
-6.50241e-06
2.90905e-05
-1.23506e-05
3.98136e-05
-1.86479e-05
4.52341e-05
-2.48518e-05
4.65244e-05
-3.06621e-05
4.46466e-05
-3.59259e-05
4.02817e-05
-4.05589e-05
3.3861e-05
-4.44862e-05
2.56371e-05
-4.75967e-05
1.57687e-05
-4.97079e-05
4.40844e-06
-5.05427e-05
-8.19988e-06
-4.97257e-05
-2.16093e-05
-4.68205e-05
-3.50329e-05
-4.14391e-05
-4.71912e-05
-3.34611e-05
-5.6193e-05
-2.33712e-05
-5.95695e-05
-1.26287e-05
-5.46687e-05
-3.79604e-06
-3.96556e-05
-1.51286e-05
-2.15659e-06
1.41395e-05
-6.93339e-06
3.38673e-05
-1.28673e-05
4.57475e-05
-1.89878e-05
5.13546e-05
-2.47765e-05
5.2313e-05
-3.00196e-05
4.98897e-05
-3.46742e-05
4.49363e-05
-3.87709e-05
3.79577e-05
-4.23457e-05
2.9212e-05
-4.53882e-05
1.88111e-05
-4.77975e-05
6.81771e-06
-4.93417e-05
-6.65567e-06
-4.96261e-05
-2.13249e-05
-4.80908e-05
-3.65683e-05
-4.40819e-05
-5.12001e-05
-3.70701e-05
-6.32048e-05
-2.70876e-05
-6.9552e-05
-1.53673e-05
-6.6389e-05
-4.87802e-06
-5.01449e-05
-2.00066e-05
-2.45221e-06
1.65917e-05
-7.55067e-06
3.89657e-05
-1.34433e-05
5.16401e-05
-1.90601e-05
5.69714e-05
-2.39635e-05
5.72165e-05
-2.80879e-05
5.40141e-05
-3.15498e-05
4.83982e-05
-3.45323e-05
4.09402e-05
-3.72135e-05
3.18932e-05
-3.97178e-05
2.13154e-05
-4.20703e-05
9.17022e-06
-4.4145e-05
-4.58093e-06
-4.56035e-05
-1.98664e-05
-4.58374e-05
-3.63344e-05
-4.39642e-05
-5.30732e-05
-3.89783e-05
-6.81907e-05
-3.02198e-05
-7.83105e-05
-1.82938e-05
-7.83151e-05
-6.25191e-06
-6.21868e-05
-2.62585e-05
-3.01055e-06
1.96022e-05
-8.58146e-06
4.45366e-05
-1.42432e-05
5.73018e-05
-1.88763e-05
6.16045e-05
-2.22434e-05
6.05836e-05
-2.45256e-05
5.62962e-05
-2.60619e-05
4.99345e-05
-2.72226e-05
4.21009e-05
-2.83483e-05
3.3019e-05
-2.97166e-05
2.26837e-05
-3.15083e-05
1.0962e-05
-3.37574e-05
-2.33191e-06
-3.62699e-05
-1.73538e-05
-3.85109e-05
-3.40934e-05
-3.94911e-05
-5.20931e-05
-3.77666e-05
-6.99152e-05
-3.18009e-05
-8.42762e-05
-2.10507e-05
-8.90653e-05
-7.96548e-06
-7.5272e-05
-3.4224e-05
-4.08207e-06
2.36843e-05
-1.03205e-05
5.0775e-05
-1.53486e-05
6.233e-05
-1.82132e-05
6.44691e-05
-1.91148e-05
6.14852e-05
-1.86254e-05
5.58068e-05
-1.73736e-05
4.86828e-05
-1.59355e-05
4.06628e-05
-1.48078e-05
3.18913e-05
-1.44077e-05
2.22835e-05
-1.50677e-05
1.1622e-05
-1.70049e-05
-3.94719e-07
-2.02437e-05
-1.4115e-05
-2.44672e-05
-2.98699e-05
-2.87934e-05
-4.77669e-05
-3.15479e-05
-6.71608e-05
-3.0316e-05
-8.5508e-05
-2.28912e-05
-9.64902e-05
-9.99533e-06
-8.81679e-05
-4.42194e-05
-6.03155e-06
2.97158e-05
-1.29397e-05
5.76832e-05
-1.63339e-05
6.57242e-05
-1.60577e-05
6.41929e-05
-1.31611e-05
5.85885e-05
-8.77066e-06
5.14164e-05
-3.83386e-06
4.3746e-05
9.01441e-07
3.59275e-05
4.8417e-06
2.79511e-05
7.49325e-06
1.9632e-05
8.42728e-06
1.0688e-05
7.27415e-06
7.58404e-07
3.77223e-06
-1.06131e-05
-2.10008e-06
-2.39976e-05
-9.83697e-06
-4.003e-05
-1.79427e-05
-5.9055e-05
-2.34724e-05
-7.99784e-05
-2.23181e-05
-9.76445e-05
-1.20298e-05
-9.84561e-05
-5.62492e-05
-9.15107e-06
3.88669e-05
-1.56798e-05
6.42119e-05
-1.50375e-05
6.50819e-05
-9.29847e-06
5.84539e-05
-8.73602e-07
5.01636e-05
8.52918e-06
4.20136e-05
1.77713e-05
3.45038e-05
2.60897e-05
2.7609e-05
3.29388e-05
2.11021e-05
3.78755e-05
1.46952e-05
4.04853e-05
8.07823e-06
4.03398e-05
9.03867e-07
3.70001e-05
-7.27335e-06
3.00771e-05
-1.70746e-05
1.94718e-05
-2.94247e-05
5.9429e-06
-4.55261e-05
-7.87327e-06
-6.61622e-05
-1.64729e-05
-8.90449e-05
-1.29544e-05
-0.000101975
-6.92036e-05
-1.27096e-05
5.15765e-05
-1.41026e-05
6.56048e-05
-4.41658e-06
5.53959e-05
9.91987e-06
4.41174e-05
2.52588e-05
3.48247e-05
3.98888e-05
2.73836e-05
5.29729e-05
2.14197e-05
6.40788e-05
1.65031e-05
7.29456e-05
1.22353e-05
7.93497e-05
8.2911e-06
8.3028e-05
4.39994e-06
8.36237e-05
3.08183e-07
8.06553e-05
-4.30494e-06
7.34716e-05
-9.89097e-06
6.13187e-05
-1.72718e-05
4.37068e-05
-2.79141e-05
2.1626e-05
-4.40815e-05
7.39606e-08
-6.74928e-05
-9.85391e-06
-9.20467e-05
-7.90575e-05
-8.61241e-06
6.01889e-05
8.98002e-06
4.80124e-05
3.4219e-05
3.01569e-05
5.79459e-05
2.03905e-05
7.83363e-05
1.44343e-05
9.53298e-05
1.03901e-05
0.000109192
7.55771e-06
0.000120212
5.48261e-06
0.000128604
3.84356e-06
0.000134464
2.43141e-06
0.000137757
1.10636e-06
0.000138308
-2.42742e-07
0.000135743
-1.73927e-06
0.000129404
-3.55288e-06
0.000118181
-6.04842e-06
0.000100333
-1.00662e-05
7.38887e-05
-1.7637e-05
3.91607e-05
-3.27648e-05
6.0428e-06
-5.89289e-05
-7.30147e-05
6.01889e-05
0.000108201
0.000138358
0.000158749
0.000173183
0.000183573
0.000191131
0.000196614
0.000200457
0.000202888
0.000203995
0.000203752
0.000202013
0.00019846
0.000192412
0.000182345
0.000164708
0.000131944
7.30147e-05
)
;

boundaryField
{
    movingWall
    {
        type            calculated;
        value           uniform 0;
    }
    fixedWalls
    {
        type            calculated;
        value           uniform 0;
    }
    frontAndBack
    {
        type            empty;
        value           nonuniform List<scalar> 0();
    }
}


// ************************************************************************* //
