/*--------------------------------*- C++ -*----------------------------------*\
  =========                 |
  \\      /  F ield         | OpenFOAM: The Open Source CFD Toolbox
   \\    /   O peration     | Website:  https://openfoam.org
    \\  /    A nd           | Version:  8
     \\/     M anipulation  |
\*---------------------------------------------------------------------------*/
FoamFile
{
    version     2.0;
    format      ascii;
    class       volVectorField;
    location    "0.4";
    object      U;
}
// * * * * * * * * * * * * * * * * * * * * * * * * * * * * * * * * * * * * * //

dimensions      [0 1 -1 0 0 0 0];

internalField   nonuniform List<vector> 
400
(
(0.0011427 -0.00114345 0)
(0.00039478 0.000632883 0)
(-0.00608004 0.00271336 0)
(-0.0169825 0.00411381 0)
(-0.0304422 0.00480641 0)
(-0.0447696 0.00491286 0)
(-0.0585255 0.00454453 0)
(-0.0704874 0.00377741 0)
(-0.0796027 0.00266139 0)
(-0.0849769 0.00124759 0)
(-0.085927 -0.000381944 0)
(-0.0820893 -0.00209297 0)
(-0.0735554 -0.00369242 0)
(-0.0609932 -0.00494217 0)
(-0.0457038 -0.00559338 0)
(-0.0295688 -0.00543891 0)
(-0.0148497 -0.0043766 0)
(-0.00382721 -0.00247472 0)
(0.0017192 -0.000111408 0)
(0.00147535 0.00142726 0)
(-0.00057747 -0.000497857 0)
(-0.0084354 0.00833759 0)
(-0.0283602 0.0174034 0)
(-0.0570504 0.0236572 0)
(-0.0907466 0.0267471 0)
(-0.125949 0.0269514 0)
(-0.159403 0.024649 0)
(-0.188206 0.0201821 0)
(-0.209853 0.0138617 0)
(-0.222287 0.006052 0)
(-0.224041 -0.00272928 0)
(-0.214449 -0.0117422 0)
(-0.193893 -0.0200174 0)
(-0.164001 -0.026431 0)
(-0.127706 -0.0298674 0)
(-0.0890905 -0.0294572 0)
(-0.0529103 -0.0248601 0)
(-0.0238165 -0.0165431 0)
(-0.00553783 -0.00618703 0)
(0.000255146 0.00189945 0)
(-0.00288625 0.00609674 0)
(-0.0189385 0.0286185 0)
(-0.0524425 0.0492314 0)
(-0.0972793 0.0633152 0)
(-0.148065 0.0700517 0)
(-0.200146 0.0698245 0)
(-0.249111 0.0633609 0)
(-0.290961 0.0514449 0)
(-0.322236 0.0349027 0)
(-0.340122 0.0147468 0)
(-0.342642 -0.00764397 0)
(-0.328927 -0.0304051 0)
(-0.299508 -0.0511954 0)
(-0.25656 -0.0673777 0)
(-0.203984 -0.0763885 0)
(-0.147222 -0.0762754 0)
(-0.092664 -0.0663299 0)
(-0.0466699 -0.0476846 0)
(-0.0149218 -0.0239263 0)
(-0.00163715 -0.00263292 0)
(-0.00495209 0.0183839 0)
(-0.0288004 0.0606126 0)
(-0.0753761 0.0958732 0)
(-0.135313 0.119175 0)
(-0.201514 0.129683 0)
(-0.26839 0.128073 0)
(-0.330734 0.115534 0)
(-0.38383 0.0933978 0)
(-0.423596 0.0631394 0)
(-0.44669 0.0265897 0)
(-0.450714 -0.0138022 0)
(-0.434511 -0.0547948 0)
(-0.398506 -0.0923733 0)
(-0.345018 -0.122034 0)
(-0.278439 -0.139375 0)
(-0.205143 -0.140972 0)
(-0.132906 -0.125427 0)
(-0.0698678 -0.0943468 0)
(-0.0241642 -0.0531162 0)
(-0.00334094 -0.0121804 0)
(-0.00674086 0.0357256 0)
(-0.0377229 0.10337 0)
(-0.0965294 0.156008 0)
(-0.170553 0.189426 0)
(-0.250968 0.203448 0)
(-0.331364 0.199412 0)
(-0.405952 0.17915 0)
(-0.469556 0.14464 0)
(-0.517687 0.098057 0)
(-0.546598 0.0420887 0)
(-0.553458 -0.0197056 0)
(-0.536656 -0.0826372 0)
(-0.496194 -0.140877 0)
(-0.434121 -0.1878 0)
(-0.354901 -0.216761 0)
(-0.265547 -0.222322 0)
(-0.175197 -0.201792 0)
(-0.094099 -0.156706 0)
(-0.0334905 -0.0938768 0)
(-0.00490724 -0.0264454 0)
(-0.00831197 0.057574 0)
(-0.0457575 0.156066 0)
(-0.115808 0.228774 0)
(-0.202822 0.273179 0)
(-0.296337 0.290473 0)
(-0.389231 0.283101 0)
(-0.475314 0.253785 0)
(-0.54915 0.205239 0)
(-0.606015 0.140335 0)
(-0.641841 0.0625469 0)
(-0.653323 -0.0235531 0)
(-0.6382 -0.1119 0)
(-0.595708 -0.194821 0)
(-0.527167 -0.263351 0)
(-0.436638 -0.308114 0)
(-0.331428 -0.32089 0)
(-0.221989 -0.296749 0)
(-0.121055 -0.236275 0)
(-0.043771 -0.147201 0)
(-0.00657152 -0.0455616 0)
(-0.00970868 0.0834585 0)
(-0.0529675 0.217802 0)
(-0.133175 0.313109 0)
(-0.23191 0.36934 0)
(-0.337226 0.38974 0)
(-0.441438 0.37835 0)
(-0.538149 0.339052 0)
(-0.621877 0.275387 0)
(-0.687846 0.190865 0)
(-0.731783 0.0895736 0)
(-0.749903 -0.023132 0)
(-0.73914 -0.140038 0)
(-0.697624 -0.251745 0)
(-0.625441 -0.346813 0)
(-0.525639 -0.412619 0)
(-0.405256 -0.43718 0)
(-0.275783 -0.411983 0)
(-0.15271 -0.335295 0)
(-0.0560635 -0.214959 0)
(-0.0086082 -0.0702337 0)
(-0.0109548 0.112947 0)
(-0.0593824 0.287619 0)
(-0.148542 0.407743 0)
(-0.257446 0.47648 0)
(-0.372832 0.499823 0)
(-0.486643 0.483932 0)
(-0.592521 0.434148 0)
(-0.685198 0.354925 0)
(-0.760104 0.250307 0)
(-0.812958 0.124743 0)
(-0.839606 -0.0159983 0)
(-0.836123 -0.163955 0)
(-0.799274 -0.308324 0)
(-0.727386 -0.435249 0)
(-0.621721 -0.52843 0)
(-0.488157 -0.571013 0)
(-0.338514 -0.549113 0)
(-0.190961 -0.456611 0)
(-0.0714897 -0.299967 0)
(-0.0113177 -0.101786 0)
(-0.0120747 0.145626 0)
(-0.0650471 0.364504 0)
(-0.161832 0.51118 0)
(-0.278966 0.59273 0)
(-0.40202 0.618667 0)
(-0.522803 0.597851 0)
(-0.635304 0.537423 0)
(-0.734826 0.442846 0)
(-0.817356 0.31858 0)
(-0.878947 0.169117 0)
(-0.915343 0.000159231 0)
(-0.921909 -0.180179 0)
(-0.893953 -0.360279 0)
(-0.827602 -0.524254 0)
(-0.72145 -0.651987 0)
(-0.578942 -0.720714 0)
(-0.410865 -0.708992 0)
(-0.237323 -0.603273 0)
(-0.0911984 -0.405903 0)
(-0.0150476 -0.142188 0)
(-0.0131365 0.18113 0)
(-0.0701551 0.44744 0)
(-0.173185 0.621656 0)
(-0.296147 0.715613 0)
(-0.423553 0.743273 0)
(-0.547389 0.716902 0)
(-0.662404 0.645842 0)
(-0.764923 0.536694 0)
(-0.85197 0.394217 0)
(-0.920423 0.222609 0)
(-0.966408 0.0269497 0)
(-0.984988 -0.185256 0)
(-0.970217 -0.402476 0)
(-0.915828 -0.607647 0)
(-0.816918 -0.777257 0)
(-0.672913 -0.881999 0)
(-0.491401 -0.89054 0)
(-0.292551 -0.777719 0)
(-0.116358 -0.537027 0)
(-0.0202402 -0.194093 0)
(-0.0143282 0.219282 0)
(-0.0752717 0.535568 0)
(-0.183281 0.737174 0)
(-0.309147 0.84188 0)
(-0.436414 0.869383 0)
(-0.557695 0.836235 0)
(-0.669063 0.754456 0)
(-0.768443 0.631942 0)
(-0.854487 0.473668 0)
(-0.925522 0.283226 0)
(-0.978745 0.0645113 0)
(-1.00962 -0.176446 0)
(-1.01157 -0.429389 0)
(-0.976173 -0.677494 0)
(-0.894551 -0.895117 0)
(-0.760467 -1.04671 0)
(-0.575375 -1.08913 0)
(-0.356032 -0.980445 0)
(-0.148124 -0.697663 0)
(-0.027507 -0.260922 0)
(-0.0160864 0.260413 0)
(-0.0816696 0.62853 0)
(-0.193754 0.855573 0)
(-0.318956 0.96733 0)
(-0.440047 0.991125 0)
(-0.551028 0.948917 0)
(-0.650094 0.855917 0)
(-0.737484 0.721467 0)
(-0.814136 0.550694 0)
(-0.880526 0.346341 0)
(-0.935723 0.110641 0)
(-0.976563 -0.15268 0)
(-0.996867 -0.435991 0)
(-0.986979 -0.724649 0)
(-0.934273 -0.993196 0)
(-0.825671 -1.20167 0)
(-0.653167 -1.29462 0)
(-0.424787 -1.208 0)
(-0.1875 -0.891243 0)
(-0.0377361 -0.347013 0)
(-0.0193248 0.305963 0)
(-0.0918128 0.72698 0)
(-0.207593 0.974553 0)
(-0.327492 1.08646 0)
(-0.434159 1.10054 0)
(-0.524359 1.04548 0)
(-0.599572 0.940102 0)
(-0.663197 0.795222 0)
(-0.719117 0.616009 0)
(-0.770567 0.404192 0)
(-0.819247 0.16005 0)
(-0.86439 -0.115617 0)
(-0.901616 -0.419045 0)
(-0.92164 -0.739985 0)
(-0.909438 -1.0565 0)
(-0.845122 -1.32808 0)
(-0.708413 -1.48922 0)
(-0.491855 -1.45013 0)
(-0.234917 -1.11859 0)
(-0.0522169 -0.457821 0)
(-0.0258289 0.359559 0)
(-0.109988 0.833156 0)
(-0.229206 1.09129 0)
(-0.336776 1.19165 0)
(-0.417207 1.18677 0)
(-0.472501 1.11337 0)
(-0.50907 0.993879 0)
(-0.534401 0.84026 0)
(-0.555807 0.657428 0)
(-0.579615 0.445956 0)
(-0.610572 0.204108 0)
(-0.651092 -0.070438 0)
(-0.69999 -0.378545 0)
(-0.750503 -0.71632 0)
(-0.787869 -1.06921 0)
(-0.787466 -1.40215 0)
(-0.715963 -1.6459 0)
(-0.543775 -1.6861 0)
(-0.289072 -1.37477 0)
(-0.0726535 -0.599922 0)
(-0.0388411 0.42877 0)
(-0.142785 0.95102 0)
(-0.26305 1.20091 0)
(-0.345515 1.27123 0)
(-0.381693 1.23463 0)
(-0.382998 1.13626 0)
(-0.362815 1.00118 0)
(-0.333436 0.841392 0)
(-0.305633 0.660876 0)
(-0.288545 0.458817 0)
(-0.289719 0.23163 0)
(-0.314849 -0.0257719 0)
(-0.366801 -0.318764 0)
(-0.443455 -0.650735 0)
(-0.534016 -1.01787 0)
(-0.613833 -1.39777 0)
(-0.639727 -1.72857 0)
(-0.556563 -1.881 0)
(-0.343848 -1.64392 0)
(-0.100494 -0.780243 0)
(-0.0633754 0.52802 0)
(-0.197718 1.0845 0)
(-0.307358 1.29219 0)
(-0.338829 1.30573 0)
(-0.302377 1.22243 0)
(-0.22464 1.0936 0)
(-0.127476 0.943871 0)
(-0.0276587 0.783035 0)
(0.0616395 0.612822 0)
(0.129753 0.430634 0)
(0.167587 0.231361 0)
(0.167115 0.00806137 0)
(0.121707 -0.247897 0)
(0.0276884 -0.546302 0)
(-0.111829 -0.895281 0)
(-0.279185 -1.29145 0)
(-0.430321 -1.69501 0)
(-0.489229 -1.98328 0)
(-0.380961 -1.89252 0)
(-0.133758 -1.00511 0)
(-0.103829 0.684424 0)
(-0.27363 1.22909 0)
(-0.332643 1.33452 0)
(-0.261483 1.25849 0)
(-0.110724 1.11777 0)
(0.0741092 0.960304 0)
(0.26487 0.80396 0)
(0.443483 0.652736 0)
(0.597468 0.504457 0)
(0.717354 0.354355 0)
(0.794845 0.196319 0)
(0.821653 0.0229071 0)
(0.789066 -0.175482 0)
(0.688286 -0.411931 0)
(0.512802 -0.70382 0)
(0.265995 -1.06856 0)
(-0.0222443 -1.50253 0)
(-0.274189 -1.92374 0)
(-0.35598 -2.05944 0)
(-0.157283 -1.27884 0)
(-0.146944 0.938116 0)
(-0.320786 1.34153 0)
(-0.218829 1.24901 0)
(0.0422947 1.06231 0)
(0.350736 0.876549 0)
(0.655927 0.712107 0)
(0.935912 0.571161 0)
(1.17949 0.448949 0)
(1.3804 0.338798 0)
(1.53427 0.234224 0)
(1.63652 0.129139 0)
(1.68119 0.0172142 0)
(1.66011 -0.109351 0)
(1.562 -0.262248 0)
(1.37228 -0.460742 0)
(1.07637 -0.735495 0)
(0.672239 -1.12285 0)
(0.199479 -1.61921 0)
(-0.172099 -2.0283 0)
(-0.114838 -1.56479 0)
(-0.039968 1.20985 0)
(-0.0591017 1.25645 0)
(0.404908 0.923669 0)
(0.927818 0.673922 0)
(1.37684 0.500227 0)
(1.75007 0.374336 0)
(2.05751 0.281101 0)
(2.30558 0.209477 0)
(2.4992 0.150968 0)
(2.64162 0.099465 0)
(2.73358 0.0504712 0)
(2.7731 0.000166976 0)
(2.75494 -0.0556347 0)
(2.66922 -0.123394 0)
(2.49908 -0.2153 0)
(2.21717 -0.35717 0)
(1.78129 -0.601623 0)
(1.13891 -1.02455 0)
(0.412975 -1.59385 0)
(0.197308 -1.59982 0)
(1.36533 0.671003 0)
(1.74635 0.594296 0)
(2.44035 0.376623 0)
(2.98564 0.236839 0)
(3.33949 0.153663 0)
(3.58125 0.101706 0)
(3.75647 0.0682902 0)
(3.88481 0.045973 0)
(3.97688 0.0299699 0)
(4.03897 0.0173188 0)
(4.07413 0.00618853 0)
(4.08296 -0.00466662 0)
(4.06378 -0.0163815 0)
(4.01213 -0.0305758 0)
(3.91853 -0.0504333 0)
(3.76258 -0.0838251 0)
(3.49672 -0.151651 0)
(2.99305 -0.302488 0)
(2.16481 -0.591826 0)
(1.57177 -0.737196 0)
)
;

boundaryField
{
    movingWall
    {
        type            fixedValue;
        value           uniform (4.8 0 0);
    }
    fixedWalls
    {
        type            noSlip;
    }
    frontAndBack
    {
        type            empty;
    }
}


// ************************************************************************* //
