/*--------------------------------*- C++ -*----------------------------------*\
  =========                 |
  \\      /  F ield         | OpenFOAM: The Open Source CFD Toolbox
   \\    /   O peration     | Website:  https://openfoam.org
    \\  /    A nd           | Version:  8
     \\/     M anipulation  |
\*---------------------------------------------------------------------------*/
FoamFile
{
    version     2.0;
    format      ascii;
    class       surfaceScalarField;
    location    "0.4";
    object      phi;
}
// * * * * * * * * * * * * * * * * * * * * * * * * * * * * * * * * * * * * * //

dimensions      [0 3 -1 0 0 0 0];

internalField   nonuniform List<scalar> 
760
(
5.38762e-08
-5.40163e-08
-1.08171e-07
1.62047e-07
-4.95018e-07
3.86846e-07
-1.03393e-06
5.38908e-07
-1.64688e-06
6.12953e-07
-2.26464e-06
6.17759e-07
-2.8283e-06
5.63662e-07
-3.28802e-06
4.59713e-07
-3.60185e-06
3.13826e-07
-3.73658e-06
1.34732e-07
-3.67086e-06
-6.57249e-08
-3.39992e-06
-2.70933e-07
-2.94066e-06
-4.59258e-07
-2.33517e-06
-6.05488e-07
-1.65097e-06
-6.84198e-07
-9.76177e-07
-6.7479e-07
-4.08546e-07
-5.67633e-07
-3.83057e-08
-3.7024e-07
7.98365e-08
-1.18141e-07
7.98381e-08
-1.59086e-07
1.05069e-07
-7.91478e-07
7.94439e-07
-1.8579e-06
1.45327e-06
-3.22519e-06
1.9062e-06
-4.73713e-06
2.12489e-06
-6.24209e-06
2.12271e-06
-7.60331e-06
1.92489e-06
-8.7022e-06
1.5586e-06
-9.44023e-06
1.05185e-06
-9.74287e-06
4.37376e-07
-9.56656e-06
-2.42036e-07
-8.90754e-06
-9.29964e-07
-7.81047e-06
-1.55633e-06
-6.37351e-06
-2.04245e-06
-4.74633e-06
-2.31138e-06
-3.11779e-06
-2.30333e-06
-1.69129e-06
-1.99414e-06
-6.47706e-07
-1.41383e-06
-9.65739e-08
-6.69277e-07
-1.67347e-08
-4.124e-07
5.17469e-07
-1.5512e-06
1.93324e-06
-3.26434e-06
3.16641e-06
-5.35368e-06
3.99554e-06
-7.60677e-06
4.37798e-06
-9.81843e-06
4.33437e-06
-1.18016e-05
3.90809e-06
-1.33929e-05
3.14988e-06
-1.44567e-05
2.1156e-06
-1.48914e-05
8.7213e-07
-1.46389e-05
-4.94508e-07
-1.36952e-05
-1.87367e-06
-1.21209e-05
-3.13066e-06
-1.00473e-05
-4.11603e-06
-7.67433e-06
-4.68438e-06
-5.25521e-06
-4.72245e-06
-3.0663e-06
-4.18305e-06
-1.36222e-06
-3.11791e-06
-3.22113e-07
-1.70938e-06
-3.38848e-07
-6.43638e-07
1.16111e-06
-2.27008e-06
3.55968e-06
-4.59835e-06
5.49468e-06
-7.35198e-06
6.74916e-06
-1.02651e-05
7.29108e-06
-1.30914e-05
7.16073e-06
-1.56099e-05
6.42656e-06
-1.76277e-05
5.16766e-06
-1.89843e-05
3.47225e-06
-1.95584e-05
1.4462e-06
-1.92774e-05
-7.75507e-07
-1.81302e-05
-3.02083e-06
-1.61799e-05
-5.08104e-06
-1.35726e-05
-6.72331e-06
-1.05392e-05
-7.71773e-06
-7.38268e-06
-7.87899e-06
-4.44762e-06
-7.11811e-06
-2.07282e-06
-5.49271e-06
-5.34481e-07
-3.24772e-06
-8.73331e-07
-8.5041e-07
2.01152e-06
-2.93138e-06
5.64065e-06
-5.83746e-06
8.40076e-06
-9.21017e-06
1.01219e-05
-1.27313e-05
1.08122e-05
-1.61204e-05
1.05499e-05
-1.91322e-05
9.43835e-06
-2.15547e-05
7.59009e-06
-2.32099e-05
5.12746e-06
-2.39592e-05
2.19553e-06
-2.37127e-05
-1.02205e-06
-2.24426e-05
-4.29094e-06
-2.01995e-05
-7.32405e-06
-1.7128e-05
-9.79487e-06
-1.34751e-05
-1.13707e-05
-9.58631e-06
-1.17677e-05
-5.88019e-06
-1.08242e-05
-2.79862e-06
-8.57428e-06
-7.40861e-07
-5.30548e-06
-1.61419e-06
-1.03719e-06
3.0487e-06
-3.5376e-06
8.14106e-06
-6.98091e-06
1.18441e-05
-1.09291e-05
1.40701e-05
-1.50149e-05
1.48979e-05
-1.89294e-05
1.44643e-05
-2.24111e-05
1.29201e-05
-2.52366e-05
1.04156e-05
-2.72163e-05
7.10719e-06
-2.81956e-05
3.17483e-06
-2.80626e-05
-1.15509e-06
-2.67623e-05
-5.59126e-06
-2.43171e-05
-9.76918e-06
-2.0851e-05
-1.3261e-05
-1.66109e-05
-1.56108e-05
-1.19771e-05
-1.64015e-05
-7.44844e-06
-1.53529e-05
-3.59232e-06
-1.24304e-05
-9.62562e-07
-7.93524e-06
-2.57676e-06
-1.20762e-06
4.25632e-06
-4.09282e-06
1.10263e-05
-8.02876e-06
1.578e-05
-1.25027e-05
1.85441e-05
-1.71032e-05
1.94984e-05
-2.15005e-05
1.88616e-05
-2.54252e-05
1.68448e-05
-2.86512e-05
1.36417e-05
-3.09837e-05
9.43963e-06
-3.22545e-05
4.44568e-06
-3.23268e-05
-1.08275e-06
-3.11086e-05
-6.80949e-06
-2.8577e-05
-1.23007e-05
-2.4813e-05
-1.70251e-05
-2.00402e-05
-2.03835e-05
-1.46575e-05
-2.17842e-05
-9.24405e-06
-2.07664e-05
-4.51609e-06
-1.71584e-05
-1.22391e-06
-1.12274e-05
-3.80067e-06
-1.36398e-06
5.62031e-06
-4.59916e-06
1.42614e-05
-8.97628e-06
2.01571e-05
-1.3912e-05
2.34798e-05
-1.89573e-05
2.45438e-05
-2.37708e-05
2.3675e-05
-2.80867e-05
2.11606e-05
-3.16873e-05
1.72422e-05
-3.43822e-05
1.21346e-05
-3.59967e-05
6.06022e-06
-3.637e-05
-7.0946e-07
-3.53662e-05
-7.81331e-06
-3.2901e-05
-1.4766e-05
-2.89858e-05
-2.09402e-05
-2.37878e-05
-2.55816e-05
-1.76929e-05
-2.78791e-05
-1.13466e-05
-2.71127e-05
-5.63182e-06
-2.28731e-05
-1.55017e-06
-1.53091e-05
-5.35084e-06
-1.50849e-06
7.1288e-06
-5.05886e-06
1.78118e-05
-9.81601e-06
2.49143e-05
-1.5127e-05
2.87908e-05
-2.05133e-05
2.99301e-05
-2.5634e-05
2.87957e-05
-3.02417e-05
2.57684e-05
-3.41431e-05
2.11436e-05
-3.71675e-05
1.5159e-05
-3.91461e-05
8.03885e-06
-3.99024e-05
4.68111e-08
-3.92568e-05
-8.45891e-06
-3.70513e-05
-1.69714e-05
-3.32001e-05
-2.47914e-05
-2.77693e-05
-3.10123e-05
-2.10803e-05
-3.45681e-05
-1.38049e-05
-3.43881e-05
-6.99495e-06
-2.9683e-05
-1.96758e-06
-2.03364e-05
-7.31842e-06
-1.64673e-06
8.77553e-06
-5.48135e-06
2.16464e-05
-1.05464e-05
2.99793e-05
-1.61156e-05
3.436e-05
-2.16899e-05
3.55044e-05
-2.69459e-05
3.40517e-05
-3.1675e-05
3.04975e-05
-3.57294e-05
2.51979e-05
-3.89793e-05
1.84089e-05
-4.12824e-05
1.0342e-05
-4.24641e-05
1.22851e-06
-4.23121e-05
-8.61087e-06
-4.05925e-05
-1.86911e-05
-3.7098e-05
-2.82859e-05
-3.17429e-05
-3.63674e-05
-2.47079e-05
-4.16031e-05
-1.66139e-05
-4.24821e-05
-8.64811e-06
-3.76488e-05
-2.50463e-06
-2.64799e-05
-9.82305e-06
-1.79344e-06
1.0569e-05
-5.89489e-06
2.57479e-05
-1.11851e-05
3.52696e-05
-1.68546e-05
4.00295e-05
-2.23978e-05
4.10475e-05
-2.75333e-05
3.91872e-05
-3.21183e-05
3.50824e-05
-3.60773e-05
2.9157e-05
-3.93491e-05
2.16807e-05
-4.18457e-05
1.28386e-05
-4.34226e-05
2.80536e-06
-4.38595e-05
-8.17393e-06
-4.28603e-05
-1.96903e-05
-4.00869e-05
-3.10593e-05
-3.52529e-05
-4.12015e-05
-2.8303e-05
-4.85529e-05
-1.96806e-05
-5.11045e-05
-1.06108e-05
-4.67186e-05
-3.19426e-06
-3.38965e-05
-1.30173e-05
-1.98197e-06
1.25509e-05
-6.3626e-06
3.01285e-05
-1.17835e-05
4.06905e-05
-1.73393e-05
4.55854e-05
-2.25441e-05
4.62523e-05
-2.71958e-05
4.38389e-05
-3.12535e-05
3.91401e-05
-3.47472e-05
3.26507e-05
-3.77148e-05
2.46482e-05
-4.0155e-05
1.52788e-05
-4.19896e-05
4.63999e-06
-4.30299e-05
-7.13361e-06
-4.29532e-05
-1.9767e-05
-4.13066e-05
-3.2706e-05
-3.7575e-05
-4.4933e-05
-3.13676e-05
-5.47603e-05
-2.27733e-05
-5.96988e-05
-1.28599e-05
-5.66319e-05
-4.07671e-06
-4.26797e-05
-1.7094e-05
-2.27943e-06
1.48304e-05
-7.00139e-06
3.48505e-05
-1.2434e-05
4.61231e-05
-1.75749e-05
5.07263e-05
-2.20122e-05
5.06895e-05
-2.56829e-05
4.75097e-05
-2.86963e-05
4.21536e-05
-3.12237e-05
3.51781e-05
-3.34312e-05
2.68557e-05
-3.54346e-05
1.72823e-05
-3.72595e-05
6.46489e-06
-3.87974e-05
-5.59575e-06
-3.97571e-05
-1.88073e-05
-3.96247e-05
-3.28383e-05
-3.76731e-05
-4.68846e-05
-3.31045e-05
-5.9329e-05
-2.5447e-05
-6.73563e-05
-1.52916e-05
-6.67872e-05
-5.20146e-06
-5.27699e-05
-2.22955e-05
-2.81079e-06
1.76411e-05
-7.99598e-06
4.00357e-05
-1.32474e-05
5.13745e-05
-1.75168e-05
5.49957e-05
-2.05806e-05
5.37533e-05
-2.26093e-05
4.95384e-05
-2.3922e-05
4.34663e-05
-2.48645e-05
3.61205e-05
-2.57502e-05
2.77414e-05
-2.68281e-05
1.83602e-05
-2.82532e-05
7.88996e-06
-3.00428e-05
-3.80612e-06
-3.201e-05
-1.68401e-05
-3.36745e-05
-3.11738e-05
-3.4184e-05
-4.6375e-05
-3.23415e-05
-6.11715e-05
-2.69363e-05
-7.27616e-05
-1.76466e-05
-7.60769e-05
-6.6206e-06
-6.37959e-05
-2.89161e-05
-3.78993e-06
2.14311e-05
-9.57528e-06
4.5821e-05
-1.42338e-05
5.6033e-05
-1.68801e-05
5.76421e-05
-1.7702e-05
5.45752e-05
-1.72378e-05
4.90741e-05
-1.60778e-05
4.23063e-05
-1.47572e-05
3.48e-05
-1.3729e-05
2.67132e-05
-1.33621e-05
1.79933e-05
-1.39376e-05
8.46548e-06
-1.56211e-05
-2.1226e-06
-1.83954e-05
-1.40658e-05
-2.19374e-05
-2.76318e-05
-2.5441e-05
-4.28715e-05
-2.74579e-05
-5.91546e-05
-2.59957e-05
-7.42238e-05
-1.93532e-05
-8.27194e-05
-8.34292e-06
-7.48062e-05
-3.7259e-05
-5.52038e-06
2.69515e-05
-1.18298e-05
5.21304e-05
-1.49178e-05
5.9121e-05
-1.46505e-05
5.73747e-05
-1.20048e-05
5.19296e-05
-8.03249e-06
4.51018e-05
-3.61417e-06
3.7888e-05
5.63783e-07
3.0622e-05
3.9688e-06
2.33081e-05
6.1715e-06
1.57906e-05
6.81357e-06
7.82342e-06
5.60376e-06
-9.12796e-07
2.36213e-06
-1.08242e-05
-2.861e-06
-2.24087e-05
-9.54238e-06
-3.61901e-05
-1.63168e-05
-5.23802e-05
-2.06548e-05
-6.98858e-05
-1.91976e-05
-8.41765e-05
-1.01587e-05
-8.38451e-05
-4.74177e-05
-8.21264e-06
3.51641e-05
-1.39798e-05
5.78976e-05
-1.32636e-05
5.84048e-05
-7.97679e-06
5.20879e-05
-3.33753e-07
4.42865e-05
8.09488e-06
3.66732e-05
1.62697e-05
2.97131e-05
2.35079e-05
2.33839e-05
2.93355e-05
1.74806e-05
3.33809e-05
1.17451e-05
3.53064e-05
5.89794e-06
3.47705e-05
-3.76891e-07
3.1435e-05
-7.48874e-06
2.50256e-05
-1.59992e-05
1.55527e-05
-2.67172e-05
3.79947e-06
-4.0627e-05
-7.85773e-06
-5.82286e-05
-1.47267e-05
-7.73076e-05
-1.11902e-05
-8.73817e-05
-5.86079e-05
-1.1118e-05
4.62821e-05
-1.19876e-05
5.87671e-05
-3.02389e-06
4.94411e-05
9.98155e-06
3.90825e-05
2.37352e-05
3.05329e-05
3.66941e-05
2.37143e-05
4.81214e-05
1.82859e-05
5.76566e-05
1.38486e-05
6.5099e-05
1.00381e-05
7.02841e-05
6.56005e-06
7.30128e-05
3.16928e-06
7.30053e-05
-3.69355e-07
6.98658e-05
-4.34927e-06
6.30632e-05
-9.19662e-06
5.20002e-05
-1.56542e-05
3.63663e-05
-2.49931e-05
1.71884e-05
-3.90506e-05
-1.09337e-06
-5.90258e-05
-8.96764e-06
-7.95074e-05
-6.75755e-05
-6.95418e-06
5.32363e-05
9.1265e-06
4.26864e-05
3.18048e-05
2.67628e-05
5.29713e-05
1.7916e-05
7.09862e-05
1.25181e-05
8.58149e-05
8.88552e-06
9.77359e-05
6.36494e-06
0.000107049
4.53519e-06
0.000113982
3.10555e-06
0.000118653
1.88899e-06
0.000121061
7.60784e-07
0.000121076
-3.83795e-07
0.000118377
-1.65077e-06
0.000112393
-3.21215e-06
0.000102144
-5.4049e-06
8.61377e-05
-8.98725e-06
6.27824e-05
-1.56952e-05
3.25885e-05
-2.88319e-05
4.35455e-06
-5.12735e-05
-6.3221e-05
5.32363e-05
9.59227e-05
0.000122686
0.000140601
0.00015312
0.000162005
0.00016837
0.000172905
0.000176011
0.0001779
0.000178661
0.000178277
0.000176626
0.000173414
0.000168009
0.000159022
0.000143326
0.000114494
6.3221e-05
)
;

boundaryField
{
    movingWall
    {
        type            calculated;
        value           uniform 0;
    }
    fixedWalls
    {
        type            calculated;
        value           uniform 0;
    }
    frontAndBack
    {
        type            empty;
        value           nonuniform List<scalar> 0();
    }
}


// ************************************************************************* //
