/*--------------------------------*- C++ -*----------------------------------*\
  =========                 |
  \\      /  F ield         | OpenFOAM: The Open Source CFD Toolbox
   \\    /   O peration     | Website:  https://openfoam.org
    \\  /    A nd           | Version:  8
     \\/     M anipulation  |
\*---------------------------------------------------------------------------*/
FoamFile
{
    version     2.0;
    format      ascii;
    class       volScalarField;
    location    "0.4";
    object      p;
}
// * * * * * * * * * * * * * * * * * * * * * * * * * * * * * * * * * * * * * //

dimensions      [0 2 -2 0 0 0 0];

internalField   nonuniform List<scalar> 
400
(
3.49652e-05
-0.0227481
-0.049815
-0.0701406
-0.0778339
-0.0704024
-0.0475439
-0.0103877
0.0388528
0.0969428
0.159617
0.221684
0.277371
0.320973
0.347788
0.355216
0.343855
0.318368
0.287858
0.265408
0.0227141
-0.000889934
-0.0220299
-0.0358354
-0.0398976
-0.0325344
-0.0133769
0.016864
0.0566113
0.103427
0.153993
0.204209
0.24949
0.285316
0.307997
0.315539
0.308473
0.290207
0.266094
0.243266
0.0513787
0.0187992
-0.00382577
-0.0162301
-0.0194934
-0.0129422
0.00355114
0.0294164
0.0634973
0.103934
0.148048
0.192357
0.23281
0.265265
0.286183
0.293433
0.287096
0.269548
0.243091
0.211138
0.0754394
0.0309052
0.00318789
-0.0107309
-0.0149435
-0.00969211
0.00485109
0.0281539
0.0593668
0.0970647
0.138991
0.181961
0.222005
0.254801
0.27635
0.283842
0.276622
0.256206
0.222644
0.177437
0.0873355
0.0307501
-0.00289281
-0.0192568
-0.025037
-0.0212194
-0.00819065
0.0135971
0.0436098
0.0808321
0.123361
0.168176
0.211171
0.247519
0.272357
0.281771
0.274061
0.249854
0.207332
0.14702
0.081167
0.0131549
-0.0264192
-0.0454757
-0.0529843
-0.0505116
-0.0385398
-0.017349
0.0129098
0.0516768
0.0974204
0.14725
0.1968
0.240495
0.272224
0.286482
0.280071
0.252468
0.200006
0.122779
0.0519143
-0.0267264
-0.0718747
-0.0934951
-0.10262
-0.101283
-0.0899506
-0.0686138
-0.0369206
0.00515002
0.0565598
0.114635
0.174748
0.230411
0.273876
0.29745
0.295745
0.266498
0.203699
0.107159
-0.00503499
-0.0934808
-0.143613
-0.167371
-0.17778
-0.177303
-0.166311
-0.144376
-0.110475
-0.0637893
-0.00461372
0.0648402
0.139851
0.212989
0.274527
0.313864
0.32243
0.295137
0.222438
0.103537
-0.0941243
-0.19163
-0.245955
-0.271089
-0.282165
-0.282149
-0.271287
-0.248616
-0.212227
-0.160204
-0.0917123
-0.00806593
0.0863132
0.183255
0.270854
0.33483
0.362098
0.343013
0.2623
0.117568
-0.219751
-0.325764
-0.383155
-0.408291
-0.418837
-0.418499
-0.407452
-0.3841
-0.345415
-0.288012
-0.209415
-0.10941
0.00855885
0.136128
0.259337
0.35958
0.417674
0.416887
0.332631
0.158767
-0.38652
-0.500813
-0.55939
-0.581883
-0.589476
-0.587102
-0.575013
-0.550905
-0.510384
-0.448179
-0.359575
-0.242031
-0.0970438
0.067832
0.237263
0.388141
0.493624
0.526588
0.447657
0.242724
-0.600002
-0.722689
-0.778868
-0.793555
-0.79345
-0.785512
-0.770276
-0.744642
-0.702563
-0.636441
-0.538698
-0.403589
-0.229472
-0.0216093
0.20477
0.42282
0.597106
0.686369
0.628759
0.394515
-0.868721
-0.999667
-1.0461
-1.04317
-1.02667
-1.00666
-0.984061
-0.95472
-0.91054
-0.841111
-0.735401
-0.583641
-0.379807
-0.125038
0.167905
0.47069
0.739908
0.916912
0.907814
0.654417
-1.20892
-1.34501
-1.36625
-1.32781
-1.28022
-1.23748
-1.20045
-1.16325
-1.11503
-1.04196
-0.929033
-0.761804
-0.528825
-0.225242
0.141729
0.546377
0.940743
1.24787
1.33218
1.08807
-1.65537
-1.78148
-1.74472
-1.63977
-1.5384
-1.45755
-1.39622
-1.3452
-1.28961
-1.21138
-1.09101
-0.908982
-0.647761
-0.294984
0.150978
0.672931
1.22592
1.7192
1.97056
1.80302
-2.28335
-2.34768
-2.18514
-1.96332
-1.77651
-1.63847
-1.54175
-1.47065
-1.40425
-1.31899
-1.19034
-0.99354
-0.704657
-0.302829
0.225413
0.878445
1.62639
2.3782
2.91444
2.96694
-3.25337
-3.10445
-2.68657
-2.27418
-1.96239
-1.74719
-1.60612
-1.51163
-1.43345
-1.34114
-1.20464
-0.993857
-0.678331
-0.22785
0.385907
1.18469
2.16894
3.27112
4.2769
4.83574
-4.96246
-4.13172
-3.21442
-2.52112
-2.04756
-1.74356
-1.55995
-1.4485
-1.3656
-1.27288
-1.13497
-0.917018
-0.582486
-0.0909028
0.604694
1.55933
2.82363
4.39877
6.21297
7.93899
-8.53177
-5.45607
-3.5044
-2.47104
-1.86816
-1.52
-1.33765
-1.24693
-1.19026
-1.12359
-1.00926
-0.810621
-0.488541
0.00498664
0.734754
1.79669
3.32535
5.50938
8.82501
13.4966
-15.2496
-6.73051
-3.00442
-1.75832
-1.21784
-0.966533
-0.886153
-0.889363
-0.91429
-0.919054
-0.870005
-0.734801
-0.477222
-0.0525162
0.60554
1.61402
3.20651
5.92433
11.4085
21.6994
)
;

boundaryField
{
    movingWall
    {
        type            zeroGradient;
    }
    fixedWalls
    {
        type            zeroGradient;
    }
    frontAndBack
    {
        type            empty;
    }
}


// ************************************************************************* //
