/*--------------------------------*- C++ -*----------------------------------*\
  =========                 |
  \\      /  F ield         | OpenFOAM: The Open Source CFD Toolbox
   \\    /   O peration     | Website:  https://openfoam.org
    \\  /    A nd           | Version:  8
     \\/     M anipulation  |
\*---------------------------------------------------------------------------*/
FoamFile
{
    version     2.0;
    format      ascii;
    class       surfaceScalarField;
    location    "0.4";
    object      phi;
}
// * * * * * * * * * * * * * * * * * * * * * * * * * * * * * * * * * * * * * //

dimensions      [0 3 -1 0 0 0 0];

internalField   nonuniform List<scalar> 
760
(
5.02891e-08
-5.05824e-08
-9.95566e-08
1.49846e-07
-4.58765e-07
3.59209e-07
-9.6003e-07
5.01263e-07
-1.53049e-06
5.70457e-07
-2.10512e-06
5.74632e-07
-2.62859e-06
5.23468e-07
-3.05433e-06
4.25745e-07
-3.34365e-06
2.89314e-07
-3.46637e-06
1.22724e-07
-3.40357e-06
-6.28044e-08
-3.15162e-06
-2.51947e-07
-2.72658e-06
-4.25043e-07
-2.16724e-06
-5.59339e-07
-1.53535e-06
-6.3189e-07
-9.114e-07
-6.23946e-07
-3.85007e-07
-5.26391e-07
-3.96545e-08
-3.45355e-07
7.27045e-08
-1.12366e-07
7.26985e-08
-1.46652e-07
9.60697e-08
-7.32397e-07
7.3559e-07
-1.72229e-06
1.3491e-06
-2.993e-06
1.77197e-06
-4.39871e-06
1.97616e-06
-5.79735e-06
1.97328e-06
-7.06087e-06
1.78699e-06
-8.07873e-06
1.44361e-06
-8.75996e-06
9.70538e-07
-9.03662e-06
3.99385e-07
-8.86988e-06
-2.29542e-07
-8.25766e-06
-8.64172e-07
-7.24204e-06
-1.44066e-06
-5.91361e-06
-1.88777e-06
-4.4096e-06
-2.1359e-06
-2.90301e-06
-2.13055e-06
-1.58054e-06
-1.84885e-06
-6.09467e-07
-1.31642e-06
-9.30048e-08
-6.28819e-07
-2.0312e-08
-3.80911e-07
4.7698e-07
-1.43587e-06
1.79055e-06
-3.02577e-06
2.939e-06
-4.96688e-06
3.71308e-06
-7.06081e-06
4.0701e-06
-9.11539e-06
4.02786e-06
-1.09556e-05
3.62722e-06
-1.24293e-05
2.91727e-06
-1.34111e-05
1.95239e-06
-1.38086e-05
7.9684e-07
-1.35697e-05
-4.68458e-07
-1.26925e-05
-1.74132e-06
-1.12344e-05
-2.89883e-06
-9.31668e-06
-3.80545e-06
-7.12303e-06
-4.32955e-06
-4.88551e-06
-4.36806e-06
-2.8577e-06
-3.87667e-06
-1.27448e-06
-2.89963e-06
-3.03583e-07
-1.59971e-06
-3.23896e-07
-5.94676e-07
1.07166e-06
-2.1017e-06
3.29757e-06
-4.26282e-06
5.10011e-06
-6.82127e-06
6.27153e-06
-9.52848e-06
6.77731e-06
-1.21537e-05
6.65304e-06
-1.44898e-05
5.96332e-06
-1.63572e-05
4.78473e-06
-1.76079e-05
3.20308e-06
-1.81311e-05
1.32003e-06
-1.78622e-05
-7.37375e-07
-1.67935e-05
-2.81004e-06
-1.49851e-05
-4.70721e-06
-1.25729e-05
-6.21761e-06
-9.76934e-06
-7.13313e-06
-6.85184e-06
-7.28557e-06
-4.13608e-06
-6.59243e-06
-1.93359e-06
-5.10213e-06
-5.01238e-07
-3.03206e-06
-8.25133e-07
-7.86105e-07
1.85776e-06
-2.71551e-06
5.22698e-06
-5.41461e-06
7.79921e-06
-8.54982e-06
9.40674e-06
-1.18231e-05
1.00505e-05
-1.49709e-05
9.80091e-06
-1.77634e-05
8.75583e-06
-2.0003e-05
7.02427e-06
-2.15254e-05
4.72554e-06
-2.22047e-05
1.99925e-06
-2.19607e-05
-9.81324e-07
-2.07717e-05
-3.99902e-06
-1.86878e-05
-6.79112e-06
-1.58442e-05
-9.0612e-06
-1.2469e-05
-1.05084e-05
-8.87849e-06
-1.0876e-05
-5.45507e-06
-1.00158e-05
-2.60338e-06
-7.95382e-06
-6.92503e-07
-4.94294e-06
-1.51763e-06
-9.59857e-07
2.81762e-06
-3.28105e-06
7.54817e-06
-6.48282e-06
1.1001e-05
-1.01565e-05
1.30804e-05
-1.3957e-05
1.3851e-05
-1.75934e-05
1.34373e-05
-2.082e-05
1.19824e-05
-2.34284e-05
9.63267e-06
-2.52437e-05
6.54089e-06
-2.61258e-05
2.88131e-06
-2.59755e-05
-1.13158e-06
-2.47476e-05
-5.22693e-06
-2.24681e-05
-9.07065e-06
-1.92551e-05
-1.22742e-05
-1.53378e-05
-1.44257e-05
-1.10646e-05
-1.51493e-05
-6.88987e-06
-1.41906e-05
-3.33097e-06
-1.15127e-05
-8.96586e-07
-7.37733e-06
-2.41422e-06
-1.11989e-06
3.93751e-06
-3.80366e-06
1.02319e-05
-7.47005e-06
1.46674e-05
-1.16389e-05
1.72493e-05
-1.59224e-05
1.81344e-05
-2.00086e-05
1.75236e-05
-2.3644e-05
1.56178e-05
-2.66171e-05
1.26058e-05
-2.87485e-05
8.67228e-06
-2.98864e-05
4.01915e-06
-2.99099e-05
-1.10801e-06
-2.87416e-05
-6.39526e-06
-2.63683e-05
-1.1444e-05
-2.28712e-05
-1.57712e-05
-1.84604e-05
-1.88365e-05
-1.35018e-05
-2.01079e-05
-8.52225e-06
-1.91701e-05
-4.17184e-06
-1.58631e-05
-1.1353e-06
-1.04139e-05
-3.54952e-06
-1.26889e-06
5.2064e-06
-4.28684e-06
1.32499e-05
-8.3743e-06
1.87548e-05
-1.29825e-05
2.18575e-05
-1.76866e-05
2.28385e-05
-2.21623e-05
2.19993e-05
-2.61583e-05
1.96138e-05
-2.94709e-05
1.59185e-05
-3.19252e-05
1.11266e-05
-3.33638e-05
5.45772e-06
-3.36452e-05
-8.26654e-07
-3.26533e-05
-7.38708e-06
-3.03213e-05
-1.3776e-05
-2.667e-05
-1.94225e-05
-2.18605e-05
-2.3646e-05
-1.62494e-05
-2.5719e-05
-1.04234e-05
-2.49961e-05
-5.18117e-06
-2.11053e-05
-1.43121e-06
-1.41638e-05
-4.98073e-06
-1.40946e-06
6.61586e-06
-4.734e-06
1.65744e-05
-9.1906e-06
2.32114e-05
-1.41619e-05
2.68288e-05
-1.91927e-05
2.78693e-05
-2.39581e-05
2.67647e-05
-2.82233e-05
2.3879e-05
-3.18072e-05
1.95023e-05
-3.45531e-05
1.38725e-05
-3.63098e-05
7.21447e-06
-3.69223e-05
-2.14159e-07
-3.62359e-05
-8.07351e-06
-3.41182e-05
-1.58937e-05
-3.0504e-05
-2.30367e-05
-2.54665e-05
-2.86836e-05
-1.93068e-05
-3.18787e-05
-1.26377e-05
-3.16653e-05
-6.40846e-06
-2.73345e-05
-1.80765e-06
-1.87646e-05
-6.78838e-06
-1.54721e-06
8.16307e-06
-5.15479e-06
2.0182e-05
-9.91847e-06
2.79751e-05
-1.51476e-05
3.20579e-05
-2.03655e-05
3.30872e-05
-2.52626e-05
3.16618e-05
-2.964e-05
2.82565e-05
-3.33592e-05
2.32215e-05
-3.63021e-05
1.68154e-05
-3.83421e-05
9.25451e-06
-3.93262e-05
7.69889e-07
-3.90697e-05
-8.32995e-06
-3.73716e-05
-1.75918e-05
-3.40581e-05
-2.63501e-05
-2.90676e-05
-3.36741e-05
-2.25789e-05
-3.83674e-05
-1.5163e-05
-3.90812e-05
-7.89234e-06
-3.46052e-05
-2.28998e-06
-2.4367e-05
-9.07836e-06
-1.69609e-06
9.85916e-06
-5.57551e-06
2.40614e-05
-1.05733e-05
3.29729e-05
-1.59158e-05
3.74004e-05
-2.1118e-05
3.82893e-05
-2.59094e-05
3.64532e-05
-3.01535e-05
3.25006e-05
-3.37804e-05
2.68483e-05
-3.67359e-05
1.9771e-05
-3.8944e-05
1.14625e-05
-4.02781e-05
2.10406e-06
-4.05453e-05
-8.06283e-06
-3.94857e-05
-1.86514e-05
-3.68059e-05
-2.90299e-05
-3.22638e-05
-3.82162e-05
-2.58297e-05
-4.48015e-05
-1.79217e-05
-4.69891e-05
-9.65222e-06
-4.28747e-05
-2.9078e-06
-3.11114e-05
-1.19862e-05
-1.88707e-06
1.17462e-05
-6.05355e-06
2.82279e-05
-1.1199e-05
3.81184e-05
-1.64546e-05
4.2656e-05
-2.13526e-05
4.31874e-05
-2.56986e-05
4.07992e-05
-2.94535e-05
3.62555e-05
-3.26478e-05
3.00426e-05
-3.53206e-05
2.24438e-05
-3.74758e-05
1.36178e-05
-3.90464e-05
3.6746e-06
-3.98644e-05
-7.24482e-06
-3.96414e-05
-1.88744e-05
-3.79747e-05
-3.06966e-05
-3.44123e-05
-4.17786e-05
-2.86234e-05
-5.05904e-05
-2.07157e-05
-5.48968e-05
-1.16721e-05
-5.19183e-05
-3.69787e-06
-3.90856e-05
-1.5684e-05
-2.18208e-06
1.39283e-05
-6.69411e-06
3.274e-05
-1.18725e-05
4.32968e-05
-1.67534e-05
4.75369e-05
-2.09398e-05
4.73738e-05
-2.43714e-05
4.42308e-05
-2.7154e-05
3.90381e-05
-2.94532e-05
3.23418e-05
-3.14293e-05
2.442e-05
-3.31941e-05
1.53826e-05
-3.47734e-05
5.25394e-06
-3.60679e-05
-5.95034e-06
-3.68103e-05
-1.8132e-05
-3.65327e-05
-3.09742e-05
-3.45819e-05
-4.37294e-05
-3.02549e-05
-5.49174e-05
-2.31597e-05
-6.1992e-05
-1.38683e-05
-6.12097e-05
-4.70691e-06
-4.8247e-05
-2.03909e-05
-2.69612e-06
1.66244e-05
-7.66151e-06
3.77053e-05
-1.26797e-05
4.8315e-05
-1.67436e-05
5.16008e-05
-1.96381e-05
5.02683e-05
-2.15285e-05
4.61212e-05
-2.27234e-05
4.02329e-05
-2.35552e-05
3.31737e-05
-2.43233e-05
2.5188e-05
-2.5262e-05
1.63213e-05
-2.65137e-05
6.50561e-06
-2.80885e-05
-4.37558e-06
-2.98047e-05
-1.64158e-05
-3.12119e-05
-2.9567e-05
-3.15269e-05
-4.34144e-05
-2.96708e-05
-5.67735e-05
-2.45809e-05
-6.70819e-05
-1.60239e-05
-6.97668e-05
-5.98764e-06
-5.82833e-05
-2.63786e-05
-3.62506e-06
2.02495e-05
-9.15373e-06
4.3234e-05
-1.36e-05
5.27613e-05
-1.61173e-05
5.41181e-05
-1.68874e-05
5.10384e-05
-1.64302e-05
4.5664e-05
-1.53145e-05
3.91173e-05
-1.40531e-05
3.19122e-05
-1.3075e-05
2.421e-05
-1.27246e-05
1.59709e-05
-1.3257e-05
7.03806e-06
-1.48134e-05
-2.8192e-06
-1.73591e-05
-1.38701e-05
-2.05731e-05
-2.6353e-05
-2.36931e-05
-4.02943e-05
-2.53867e-05
-5.50799e-05
-2.3863e-05
-6.86056e-05
-1.76455e-05
-7.59842e-05
-7.56089e-06
-6.83679e-05
-3.39395e-05
-5.2428e-06
2.54923e-05
-1.12253e-05
4.92165e-05
-1.41421e-05
5.56781e-05
-1.38724e-05
5.38484e-05
-1.13537e-05
4.85197e-05
-7.59658e-06
4.19069e-05
-3.44391e-06
3.49646e-05
4.51747e-07
2.80165e-05
3.59039e-06
2.10713e-05
5.57589e-06
1.39854e-05
6.08526e-06
6.52869e-06
4.86513e-06
-1.59906e-06
1.77293e-06
-1.07779e-05
-3.1114e-06
-2.14687e-05
-9.26588e-06
-3.41398e-05
-1.54018e-05
-4.8944e-05
-1.91997e-05
-6.48077e-05
-1.76534e-05
-7.75306e-05
-9.26006e-06
-7.67612e-05
-4.31995e-05
-7.7227e-06
3.3215e-05
-1.3097e-05
5.45908e-05
-1.23489e-05
5.49301e-05
-7.30485e-06
4.88043e-05
-7.40741e-08
4.12889e-05
7.84873e-06
3.39841e-05
1.54771e-05
2.73362e-05
2.21712e-05
2.13224e-05
2.74946e-05
1.5748e-05
3.11115e-05
1.03685e-05
3.27217e-05
4.9185e-06
3.20265e-05
-9.03889e-07
2.87336e-05
-7.48492e-06
2.26217e-05
-1.53568e-05
1.37467e-05
-2.52649e-05
2.88825e-06
-3.80855e-05
-7.72334e-06
-5.41961e-05
-1.37988e-05
-7.14551e-05
-1.03158e-05
-8.02442e-05
-5.35154e-05
-1.0318e-05
4.3533e-05
-1.09497e-05
5.52225e-05
-2.38594e-06
4.63663e-05
9.91312e-06
3.65052e-05
2.28396e-05
2.83624e-05
3.49393e-05
2.18844e-05
4.55285e-05
1.67471e-05
5.42832e-05
1.25677e-05
6.10321e-05
8.99906e-06
6.56385e-05
5.76208e-06
6.79331e-05
2.62396e-06
6.76708e-05
-6.41615e-07
6.4498e-05
-4.31215e-06
5.794e-05
-8.79882e-06
4.7474e-05
-1.47988e-05
3.28686e-05
-2.34802e-05
1.51488e-05
-3.64762e-05
-1.54131e-06
-5.47651e-05
-8.47725e-06
-7.33082e-05
-6.19926e-05
-6.1742e-06
4.97072e-05
9.09019e-06
3.99581e-05
3.04326e-05
2.50239e-05
5.02748e-05
1.66631e-05
6.70747e-05
1.15625e-05
8.08121e-05
8.147e-06
9.17699e-05
5.78917e-06
0.000100251
4.08628e-06
0.000106487
2.76339e-06
0.000110605
1.64457e-06
0.000112616
6.12392e-07
0.000112408
-4.33059e-07
0.000109688
-1.59243e-06
0.000103923
-3.03364e-06
9.42025e-05
-5.07866e-06
7.91614e-05
-8.43911e-06
5.73872e-05
-1.47019e-05
2.94613e-05
-2.68392e-05
3.60876e-06
-4.74557e-05
-5.83838e-05
4.97072e-05
8.96653e-05
0.000114689
0.000131352
0.000142915
0.000151062
0.000156851
0.000160937
0.000163701
0.000165345
0.000165958
0.000165525
0.000163932
0.000160898
0.00015582
0.000147381
0.000132679
0.00010584
5.83838e-05
)
;

boundaryField
{
    movingWall
    {
        type            calculated;
        value           uniform 0;
    }
    fixedWalls
    {
        type            calculated;
        value           uniform 0;
    }
    frontAndBack
    {
        type            empty;
        value           nonuniform List<scalar> 0();
    }
}


// ************************************************************************* //
