/*--------------------------------*- C++ -*----------------------------------*\
  =========                 |
  \\      /  F ield         | OpenFOAM: The Open Source CFD Toolbox
   \\    /   O peration     | Website:  https://openfoam.org
    \\  /    A nd           | Version:  8
     \\/     M anipulation  |
\*---------------------------------------------------------------------------*/
FoamFile
{
    version     2.0;
    format      ascii;
    class       volVectorField;
    location    "0.4";
    object      U;
}
// * * * * * * * * * * * * * * * * * * * * * * * * * * * * * * * * * * * * * //

dimensions      [0 1 -1 0 0 0 0];

internalField   nonuniform List<vector> 
400
(
(0.000935476 -0.000936485 0)
(0.000355735 0.000501076 0)
(-0.00488183 0.0022061 0)
(-0.0137629 0.00336471 0)
(-0.0247629 0.00393751 0)
(-0.0364718 0.00401538 0)
(-0.0476766 0.00369085 0)
(-0.0573563 0.00303527 0)
(-0.0646554 0.00210214 0)
(-0.0688773 0.00094457 0)
(-0.069518 -0.000364711 0)
(-0.0663362 -0.00171888 0)
(-0.0594436 -0.00297224 0)
(-0.0493845 -0.0039487 0)
(-0.0371752 -0.00446379 0)
(-0.0242688 -0.00435929 0)
(-0.0124202 -0.00354749 0)
(-0.00343388 -0.00206053 0)
(0.00121849 -0.000165766 0)
(0.00115602 0.00112127 0)
(-0.000438459 -0.000449991 0)
(-0.00674036 0.00670446 0)
(-0.0228596 0.0141289 0)
(-0.0461825 0.0192908 0)
(-0.0736426 0.0218392 0)
(-0.102329 0.02197 0)
(-0.129521 0.0200001 0)
(-0.152815 0.0162473 0)
(-0.170182 0.011017 0)
(-0.180009 0.00465079 0)
(-0.181199 -0.002409 0)
(-0.173309 -0.00957367 0)
(-0.156714 -0.0161031 0)
(-0.132736 -0.0211548 0)
(-0.103683 -0.0238924 0)
(-0.0727339 -0.0236485 0)
(-0.0435994 -0.020126 0)
(-0.0199565 -0.013613 0)
(-0.00486702 -0.00532779 0)
(0.000104885 0.0013584 0)
(-0.00228436 0.00481516 0)
(-0.015178 0.0230571 0)
(-0.0422735 0.0399357 0)
(-0.0786898 0.0515511 0)
(-0.120027 0.0571025 0)
(-0.162413 0.0568402 0)
(-0.202167 0.0513787 0)
(-0.235986 0.0414418 0)
(-0.261069 0.0278135 0)
(-0.275208 0.0114121 0)
(-0.276917 -0.00659855 0)
(-0.265616 -0.0247329 0)
(-0.241826 -0.0411907 0)
(-0.207327 -0.0539802 0)
(-0.165207 -0.061169 0)
(-0.119719 -0.0612577 0)
(-0.0758497 -0.0536341 0)
(-0.0386021 -0.0390322 0)
(-0.0125906 -0.020062 0)
(-0.00147379 -0.00257186 0)
(-0.00393055 0.0146413 0)
(-0.0230978 0.0488571 0)
(-0.0607817 0.0777432 0)
(-0.109475 0.0969672 0)
(-0.16336 0.105626 0)
(-0.217768 0.104176 0)
(-0.268345 0.0936298 0)
(-0.311192 0.0752163 0)
(-0.343007 0.05032 0)
(-0.361168 0.0205855 0)
(-0.363877 -0.0119239 0)
(-0.350363 -0.0446174 0)
(-0.321106 -0.0743935 0)
(-0.278047 -0.0978377 0)
(-0.224694 -0.111629 0)
(-0.166039 -0.113153 0)
(-0.108129 -0.101246 0)
(-0.0573171 -0.0769328 0)
(-0.0201202 -0.0440875 0)
(-0.00288585 -0.0106263 0)
(-0.00535875 0.0285197 0)
(-0.0303008 0.0833694 0)
(-0.0779659 0.126533 0)
(-0.1382 0.154123 0)
(-0.203731 0.165667 0)
(-0.269167 0.162132 0)
(-0.329642 0.145088 0)
(-0.380862 0.116366 0)
(-0.419193 0.0780103 0)
(-0.441705 0.032438 0)
(-0.446292 -0.0173376 0)
(-0.43188 -0.0675494 0)
(-0.398688 -0.113676 0)
(-0.348521 -0.150684 0)
(-0.285004 -0.173572 0)
(-0.213649 -0.178224 0)
(-0.14153 -0.162492 0)
(-0.0765595 -0.127276 0)
(-0.0276086 -0.0773732 0)
(-0.00417278 -0.0225236 0)
(-0.0066302 0.0460416 0)
(-0.0368836 0.126013 0)
(-0.0938637 0.185715 0)
(-0.164889 0.222403 0)
(-0.241274 0.236594 0)
(-0.316974 0.230137 0)
(-0.386743 0.205379 0)
(-0.446047 0.16485 0)
(-0.491054 0.111273 0)
(-0.5186 0.0478099 0)
(-0.526251 -0.0216276 0)
(-0.512498 -0.0921275 0)
(-0.477059 -0.15771 0)
(-0.421283 -0.211556 0)
(-0.348578 -0.246634 0)
(-0.264735 -0.256785 0)
(-0.177817 -0.23821 0)
(-0.0975489 -0.19103 0)
(-0.0356959 -0.120534 0)
(-0.00551326 -0.038304 0)
(-0.00779477 0.0668937 0)
(-0.0429578 0.176201 0)
(-0.108566 0.254596 0)
(-0.189546 0.301068 0)
(-0.275884 0.317685 0)
(-0.360982 0.307592 0)
(-0.439364 0.274161 0)
(-0.506418 0.220718 0)
(-0.558268 0.15065 0)
(-0.591608 0.0677574 0)
(-0.60368 -0.0232987 0)
(-0.592428 -0.116607 0)
(-0.55683 -0.204793 0)
(-0.497416 -0.279143 0)
(-0.416953 -0.330219 0)
(-0.321126 -0.349135 0)
(-0.218805 -0.329498 0)
(-0.12171 -0.269678 0)
(-0.0451518 -0.174811 0)
(-0.00711046 -0.0584335 0)
(-0.00888708 0.0908288 0)
(-0.0486077 0.233359 0)
(-0.12212 0.332369 0)
(-0.212038 0.389154 0)
(-0.307109 0.407924 0)
(-0.40033 0.393575 0)
(-0.486186 0.35078 0)
(-0.560209 0.283763 0)
(-0.61868 0.196521 0)
(-0.658311 0.0933251 0)
(-0.676103 -0.0206713 0)
(-0.669409 -0.138833 0)
(-0.63626 -0.252604 0)
(-0.575985 -0.351393 0)
(-0.490153 -0.423034 0)
(-0.383732 -0.455123 0)
(-0.265925 -0.437431 0)
(-0.150413 -0.365136 0)
(-0.0567841 -0.242124 0)
(-0.0091821 -0.08383 0)
(-0.00994138 0.117647 0)
(-0.0539238 0.296923 0)
(-0.134562 0.41809 0)
(-0.232116 0.485375 0)
(-0.334174 0.505807 0)
(-0.433519 0.486564 0)
(-0.524866 0.433933 0)
(-0.604187 0.353149 0)
(-0.668219 0.248745 0)
(-0.713957 0.125229 0)
(-0.738355 -0.0121027 0)
(-0.738262 -0.156317 0)
(-0.710663 -0.298087 0)
(-0.653319 -0.425189 0)
(-0.565948 -0.522587 0)
(-0.451893 -0.573589 0)
(-0.319777 -0.562597 0)
(-0.184775 -0.479499 0)
(-0.0714137 -0.325014 0)
(-0.0119754 -0.115875 0)
(-0.0110258 0.147217 0)
(-0.0591041 0.366362 0)
(-0.146065 0.510628 0)
(-0.24957 0.587959 0)
(-0.356103 0.60907 0)
(-0.458506 0.584072 0)
(-0.552097 0.521241 0)
(-0.633692 0.426947 0)
(-0.700887 0.306178 0)
(-0.751351 0.163411 0)
(-0.782347 0.0036519 0)
(-0.790484 -0.166446 0)
(-0.771782 -0.337435 0)
(-0.72221 -0.496041 0)
(-0.638952 -0.624586 0)
(-0.522553 -0.701559 0)
(-0.379558 -0.704294 0)
(-0.225427 -0.614496 0)
(-0.0898826 -0.426461 0)
(-0.0158017 -0.156439 0)
(-0.012303 0.179584 0)
(-0.064626 0.441288 0)
(-0.157168 0.608639 0)
(-0.264442 0.694465 0)
(-0.371883 0.714377 0)
(-0.47282 0.682247 0)
(-0.5637 0.608787 0)
(-0.642714 0.501637 0)
(-0.70883 0.366153 0)
(-0.760903 0.206503 0)
(-0.797015 0.0269255 0)
(-0.814017 -0.166898 0)
(-0.807321 -0.366302 0)
(-0.77115 -0.557966 0)
(-0.699643 -0.722385 0)
(-0.589232 -0.83328 0)
(-0.44226 -0.859401 0)
(-0.272149 -0.770603 0)
(-0.113058 -0.549555 0)
(-0.0210948 -0.207948 0)
(-0.014135 0.215209 0)
(-0.0715073 0.521687 0)
(-0.169072 0.71056 0)
(-0.277219 0.801544 0)
(-0.38053 0.81694 0)
(-0.473542 0.775441 0)
(-0.554595 0.690662 0)
(-0.623923 0.571635 0)
(-0.682463 0.423974 0)
(-0.730835 0.251268 0)
(-0.768557 0.0565263 0)
(-0.7934 -0.156268 0)
(-0.800846 -0.38031 0)
(-0.783857 -0.603679 0)
(-0.733452 -0.806641 0)
(-0.640825 -0.959222 0)
(-0.501534 -1.0209 0)
(-0.32323 -0.945677 0)
(-0.141793 -0.696894 0)
(-0.0285005 -0.273511 0)
(-0.0172695 0.255452 0)
(-0.0816819 0.60826 0)
(-0.183889 0.814496 0)
(-0.288776 0.904515 0)
(-0.380733 0.909997 0)
(-0.456802 0.855709 0)
(-0.518314 0.758562 0)
(-0.568353 0.628953 0)
(-0.610425 0.472575 0)
(-0.647437 0.292179 0)
(-0.680937 0.0891681 0)
(-0.710377 -0.134798 0)
(-0.732269 -0.375866 0)
(-0.739344 -0.625262 0)
(-0.720194 -0.865444 0)
(-0.66037 -1.06531 0)
(-0.546161 -1.17614 0)
(-0.374365 -1.13291 0)
(-0.176733 -0.869491 0)
(-0.0390025 -0.357131 0)
(-0.0231585 0.303418 0)
(-0.0984677 0.702761 0)
(-0.204548 0.917714 0)
(-0.299485 0.996481 0)
(-0.369386 0.983972 0)
(-0.416084 0.912247 0)
(-0.445424 0.80151 0)
(-0.464188 0.663155 0)
(-0.478885 0.502573 0)
(-0.494985 0.321399 0)
(-0.516399 0.119205 0)
(-0.544865 -0.105032 0)
(-0.578977 -0.351212 0)
(-0.612761 -0.615408 0)
(-0.63411 -0.885277 0)
(-0.623971 -1.13283 0)
(-0.558054 -1.30518 0)
(-0.416719 -1.31798 0)
(-0.217644 -1.06468 0)
(-0.0540156 -0.463881 0)
(-0.0344092 0.36532 0)
(-0.12683 0.807866 0)
(-0.233413 1.01511 0)
(-0.306105 1.06657 0)
(-0.337528 1.02522 0)
(-0.33803 0.930826 0)
(-0.319755 0.805955 0)
(-0.293755 0.661924 0)
(-0.269497 0.503072 0)
(-0.254723 0.329556 0)
(-0.255478 0.139085 0)
(-0.275898 -0.0719661 0)
(-0.31741 -0.307416 0)
(-0.377055 -0.569235 0)
(-0.444793 -0.853158 0)
(-0.500123 -1.13987 0)
(-0.50968 -1.38003 0)
(-0.433469 -1.47565 0)
(-0.261313 -1.27237 0)
(-0.0750534 -0.599639 0)
(-0.0549218 0.452677 0)
(-0.171907 0.925295 0)
(-0.26666 1.09528 0)
(-0.293139 1.09664 0)
(-0.260898 1.01431 0)
(-0.193716 0.89367 0)
(-0.111128 0.756805 0)
(-0.0279354 0.612815 0)
(0.0445472 0.463733 0)
(0.0975383 0.307802 0)
(0.12395 0.141039 0)
(0.117966 -0.0421509 0)
(0.075336 -0.248711 0)
(-0.00525952 -0.486193 0)
(-0.119095 -0.75992 0)
(-0.249674 -1.06469 0)
(-0.360712 -1.36587 0)
(-0.393591 -1.56661 0)
(-0.295832 -1.46942 0)
(-0.101588 -0.770723 0)
(-0.087546 0.586826 0)
(-0.230423 1.04836 0)
(-0.276374 1.12969 0)
(-0.211648 1.0541 0)
(-0.080796 0.923449 0)
(0.0765033 0.780098 0)
(0.235726 0.639943 0)
(0.381464 0.506619 0)
(0.503483 0.378395 0)
(0.594422 0.251303 0)
(0.648159 0.120176 0)
(0.658806 -0.0213694 0)
(0.620367 -0.181548 0)
(0.527206 -0.37125 0)
(0.376304 -0.603939 0)
(0.173538 -0.89105 0)
(-0.0538062 -1.22457 0)
(-0.241804 -1.53466 0)
(-0.288346 -1.61072 0)
(-0.123651 -0.983696 0)
(-0.119023 0.797597 0)
(-0.257402 1.13693 0)
(-0.16128 1.05101 0)
(0.065575 0.883521 0)
(0.327818 0.717874 0)
(0.582691 0.572546 0)
(0.811868 0.449408 0)
(1.00655 0.344132 0)
(1.16238 0.250872 0)
(1.27669 0.164022 0)
(1.34667 0.0783082 0)
(1.36837 -0.0118412 0)
(1.33593 -0.113393 0)
(1.24105 -0.236592 0)
(1.07311 -0.397477 0)
(0.822684 -0.619531 0)
(0.491989 -0.926721 0)
(0.118442 -1.30782 0)
(-0.160425 -1.60544 0)
(-0.0989495 -1.21774 0)
(-0.0187448 1.0079 0)
(-0.0225024 1.05031 0)
(0.37331 0.769215 0)
(0.813601 0.553883 0)
(1.18641 0.403744 0)
(1.49102 0.295963 0)
(1.73683 0.217161 0)
(1.93037 0.157477 0)
(2.07693 0.109519 0)
(2.1802 0.068071 0)
(2.24169 0.0292968 0)
(2.26051 -0.0101313 0)
(2.23279 -0.0540656 0)
(2.15067 -0.108358 0)
(2.00024 -0.18384 0)
(1.75945 -0.302047 0)
(1.39522 -0.503175 0)
(0.870549 -0.840471 0)
(0.293898 -1.28294 0)
(0.138132 -1.27149 0)
(1.12225 0.550627 0)
(1.44604 0.486925 0)
(2.0253 0.305232 0)
(2.47372 0.18865 0)
(2.75955 0.119835 0)
(2.95113 0.0775077 0)
(3.08698 0.0507565 0)
(3.18397 0.0331851 0)
(3.25143 0.0207908 0)
(3.29492 0.0111585 0)
(3.31727 0.00281168 0)
(3.31922 -0.00527102 0)
(3.29953 -0.0141298 0)
(3.25445 -0.0252361 0)
(3.17564 -0.0415875 0)
(3.04548 -0.0703069 0)
(2.8227 -0.12889 0)
(2.40253 -0.255056 0)
(1.72928 -0.487399 0)
(1.25986 -0.596781 0)
)
;

boundaryField
{
    movingWall
    {
        type            fixedValue;
        value           uniform (3.9 0 0);
    }
    fixedWalls
    {
        type            noSlip;
    }
    frontAndBack
    {
        type            empty;
    }
}


// ************************************************************************* //
