/*--------------------------------*- C++ -*----------------------------------*\
  =========                 |
  \\      /  F ield         | OpenFOAM: The Open Source CFD Toolbox
   \\    /   O peration     | Website:  https://openfoam.org
    \\  /    A nd           | Version:  8
     \\/     M anipulation  |
\*---------------------------------------------------------------------------*/
FoamFile
{
    version     2.0;
    format      ascii;
    class       volScalarField;
    location    "0.4";
    object      p;
}
// * * * * * * * * * * * * * * * * * * * * * * * * * * * * * * * * * * * * * //

dimensions      [0 2 -2 0 0 0 0];

internalField   nonuniform List<scalar> 
400
(
3.5236e-05
-0.0233382
-0.0510853
-0.0719184
-0.0798229
-0.0722567
-0.0489047
-0.0109036
0.0395064
0.0990343
0.163319
0.227026
0.284209
0.328979
0.356476
0.364019
0.352241
0.325971
0.294602
0.271588
0.0233031
-0.000916778
-0.0225874
-0.0367361
-0.0409183
-0.0334198
-0.0138573
0.0170587
0.0577361
0.105697
0.15755
0.209086
0.255578
0.29236
0.315616
0.323288
0.315932
0.297082
0.272283
0.24889
0.0526877
0.0192597
-0.00392693
-0.0166327
-0.0199962
-0.0133384
0.00347817
0.0298899
0.064739
0.106145
0.151373
0.19685
0.238398
0.271735
0.293196
0.300575
0.293965
0.275838
0.248619
0.215859
0.0773008
0.0316162
0.00322055
-0.0110314
-0.0153769
-0.0100763
0.00470364
0.0284453
0.0603142
0.0988833
0.141859
0.185973
0.227132
0.260857
0.283001
0.290647
0.283124
0.262027
0.227481
0.1811
0.0893524
0.0313254
-0.00312886
-0.019887
-0.0258635
-0.0220811
-0.00891915
0.0131968
0.0437685
0.0818022
0.125378
0.171402
0.215635
0.253071
0.278655
0.28832
0.280303
0.255283
0.211486
0.149551
0.0827533
0.0130445
-0.0274693
-0.046998
-0.0547933
-0.0524698
-0.0404953
-0.0191045
0.0116141
0.0511518
0.0979859
0.149167
0.20019
0.245269
0.27804
0.292769
0.286126
0.257598
0.203523
0.124133
0.0523258
-0.0282191
-0.0744228
-0.0966068
-0.106138
-0.105103
-0.0939399
-0.0725698
-0.0405433
0.00225089
0.05482
0.114456
0.176396
0.233903
0.278902
0.303362
0.301654
0.271446
0.206671
0.107311
-0.00667096
-0.0971736
-0.148461
-0.172888
-0.183856
-0.183883
-0.173294
-0.151561
-0.117515
-0.0701991
-0.00980722
0.0614602
0.138762
0.214395
0.278216
0.31914
0.32819
0.300068
0.225041
0.102516
-0.0987737
-0.198431
-0.253993
-0.279916
-0.291741
-0.292491
-0.282348
-0.260208
-0.223969
-0.171504
-0.101803
-0.0160947
0.0811284
0.181418
0.272365
0.339022
0.367658
0.348173
0.26487
0.115548
-0.228429
-0.336635
-0.395324
-0.421374
-0.432889
-0.433638
-0.423716
-0.401346
-0.363247
-0.30574
-0.226069
-0.123823
-0.00242316
0.129528
0.257501
0.362022
0.422934
0.422667
0.335783
0.156224
-0.40024
-0.516724
-0.57663
-0.60014
-0.608923
-0.607994
-0.597514
-0.574964
-0.535628
-0.473845
-0.38449
-0.264675
-0.115721
0.0546868
0.230641
0.387973
0.498475
0.533621
0.452468
0.240681
-0.61973
-0.744591
-0.802065
-0.81779
-0.819033
-0.812878
-0.79977
-0.77636
-0.736214
-0.671234
-0.573285
-0.436087
-0.257611
-0.0430576
0.191864
0.419137
0.601549
0.695691
0.637049
0.394948
-0.895364
-1.02848
-1.07605
-1.07397
-1.05881
-1.0408
-1.0208
-0.994369
-0.952955
-0.885534
-0.780355
-0.626905
-0.418521
-0.156007
0.147622
0.462904
0.744335
0.930248
0.922557
0.660897
-1.24341
-1.38169
-1.40359
-1.36544
-1.31884
-1.27808
-1.24396
-1.21028
-1.16564
-1.09547
-0.983893
-0.815503
-0.577947
-0.265713
0.114077
0.534842
0.94645
1.2681
1.35814
1.1068
-1.69898
-1.82718
-1.78999
-1.68408
-1.58281
-1.50355
-1.44519
-1.3981
-1.34675
-1.27219
-1.15388
-0.971153
-0.70532
-0.343039
0.117831
0.659713
1.23579
1.75099
2.01512
1.84439
-2.33852
-2.40415
-2.23871
-2.01358
-1.82531
-1.68799
-1.59397
-1.52696
-1.4652
-1.3841
-1.25792
-1.06057
-0.766765
-0.354383
0.190977
0.86795
1.64556
2.42861
2.98845
3.04727
-3.32581
-3.17474
-2.74874
-2.32913
-2.0135
-1.79765
-1.65871
-1.5682
-1.49476
-1.40674
-1.2727
-1.06107
-0.739829
-0.277271
0.35627
1.18352
2.20495
3.34995
4.39553
4.97949
-5.06694
-4.22111
-3.28517
-2.57877
-2.09813
-1.79185
-1.60961
-1.50187
-1.42365
-1.33512
-1.19939
-0.979983
-0.638647
-0.133131
0.58537
1.57377
2.88432
4.51756
6.39787
8.18679
-8.71026
-5.57058
-3.57768
-2.5242
-1.9117
-1.56033
-1.37933
-1.29271
-1.24114
-1.17898
-1.06697
-0.866751
-0.537435
-0.0289501
0.725888
1.82615
3.41082
5.67389
9.10196
13.9216
-15.5886
-6.86804
-3.05898
-1.78994
-1.24207
-0.989709
-0.912879
-0.922276
-0.954134
-0.964983
-0.919654
-0.784192
-0.520588
-0.0819963
0.600384
1.64753
3.30083
6.11766
11.777
22.3621
)
;

boundaryField
{
    movingWall
    {
        type            zeroGradient;
    }
    fixedWalls
    {
        type            zeroGradient;
    }
    frontAndBack
    {
        type            empty;
    }
}


// ************************************************************************* //
