/*--------------------------------*- C++ -*----------------------------------*\
  =========                 |
  \\      /  F ield         | OpenFOAM: The Open Source CFD Toolbox
   \\    /   O peration     | Website:  https://openfoam.org
    \\  /    A nd           | Version:  8
     \\/     M anipulation  |
\*---------------------------------------------------------------------------*/
FoamFile
{
    version     2.0;
    format      ascii;
    class       surfaceScalarField;
    location    "0.4";
    object      phi;
}
// * * * * * * * * * * * * * * * * * * * * * * * * * * * * * * * * * * * * * //

dimensions      [0 3 -1 0 0 0 0];

internalField   nonuniform List<scalar> 
760
(
5.14598e-08
-5.17555e-08
-1.02432e-07
1.53892e-07
-4.70844e-07
3.68413e-07
-9.84661e-07
5.13814e-07
-1.56929e-06
5.8463e-07
-2.1583e-06
5.8901e-07
-2.69516e-06
5.36854e-07
-3.13219e-06
4.37038e-07
-3.42964e-06
2.97444e-07
-3.55633e-06
1.26686e-07
-3.49253e-06
-6.38002e-08
-3.23426e-06
-2.58267e-07
-2.79785e-06
-4.36404e-07
-2.2232e-06
-5.74653e-07
-1.57394e-06
-6.49253e-07
-9.33103e-07
-6.40843e-07
-3.92977e-07
-5.40128e-07
-3.92945e-08
-3.53683e-07
7.50496e-08
-1.14342e-07
7.50524e-08
-1.50795e-07
9.90389e-08
-7.52062e-07
7.55159e-07
-1.76744e-06
1.3838e-06
-3.07034e-06
1.81671e-06
-4.51145e-06
2.02574e-06
-5.94552e-06
2.02307e-06
-7.24156e-06
1.8329e-06
-8.28637e-06
1.48184e-06
-8.98644e-06
9.97521e-07
-9.2717e-06
4.11939e-07
-9.10173e-06
-2.33761e-07
-8.47394e-06
-8.86066e-07
-7.43126e-06
-1.47908e-06
-6.0668e-06
-1.93912e-06
-4.52189e-06
-2.19416e-06
-2.97477e-06
-2.18797e-06
-1.61767e-06
-1.89723e-06
-6.22381e-07
-1.34897e-06
-9.42673e-08
-6.4246e-07
-1.92126e-08
-3.91377e-07
4.90415e-07
-1.47423e-06
1.83801e-06
-3.10517e-06
3.01473e-06
-5.09566e-06
3.80721e-06
-7.24262e-06
4.17271e-06
-9.34952e-06
4.12997e-06
-1.12373e-05
3.72072e-06
-1.27501e-05
2.9946e-06
-1.37591e-05
2.00655e-06
-1.41689e-05
8.21728e-07
-1.39254e-05
-4.77244e-07
-1.30261e-05
-1.78537e-06
-1.15294e-05
-2.97585e-06
-9.55992e-06
-3.90857e-06
-7.30671e-06
-4.44737e-06
-5.00885e-06
-4.48582e-06
-2.92744e-06
-3.97864e-06
-1.30392e-06
-2.97249e-06
-3.09855e-07
-1.63653e-06
-3.29067e-07
-6.10941e-07
1.10136e-06
-2.15769e-06
3.38476e-06
-4.37447e-06
5.2315e-06
-6.99793e-06
6.43067e-06
-9.77374e-06
6.94851e-06
-1.24659e-05
6.82215e-06
-1.48627e-05
6.1175e-06
-1.67801e-05
4.91203e-06
-1.8066e-05
3.29239e-06
-1.8606e-05
1.36172e-06
-1.83329e-05
-7.50294e-07
-1.7238e-05
-2.88024e-06
-1.53824e-05
-4.83146e-06
-1.29054e-05
-6.38554e-06
-1.00256e-05
-7.32724e-06
-7.02869e-06
-7.48271e-06
-4.24004e-06
-6.76729e-06
-1.98017e-06
-5.23236e-06
-5.12416e-07
-3.10428e-06
-8.41484e-07
-8.07466e-07
1.90883e-06
-2.7873e-06
5.3646e-06
-5.55533e-06
7.99953e-06
-8.76967e-06
9.64501e-06
-1.21255e-05
1.03043e-05
-1.53537e-05
1.00504e-05
-1.82192e-05
8.98297e-06
-2.05195e-05
7.21232e-06
-2.20859e-05
4.85884e-06
-2.27882e-05
2.06403e-06
-2.25432e-05
-9.95331e-07
-2.13271e-05
-4.09638e-06
-1.91902e-05
-6.96835e-06
-1.62708e-05
-9.30489e-06
-1.28034e-05
-1.07947e-05
-9.11392e-06
-1.11722e-05
-5.59665e-06
-1.02846e-05
-2.66854e-06
-8.16047e-06
-7.08708e-07
-5.06411e-06
-1.55019e-06
-9.85556e-07
2.89438e-06
-3.36641e-06
7.74545e-06
-6.64866e-06
1.12818e-05
-1.04139e-05
1.34102e-05
-1.43094e-05
1.41999e-05
-1.80384e-05
1.37794e-05
-2.13499e-05
1.22944e-05
-2.40304e-05
9.89279e-06
-2.59001e-05
6.72858e-06
-2.68141e-05
2.97805e-06
-2.66692e-05
-1.14027e-06
-2.54168e-05
-5.34873e-06
-2.3082e-05
-9.30317e-06
-1.97848e-05
-1.26021e-05
-1.57604e-05
-1.48191e-05
-1.13676e-05
-1.55649e-05
-7.0755e-06
-1.45767e-05
-3.41799e-06
-1.1818e-05
-9.18629e-07
-7.56347e-06
-2.46882e-06
-1.14907e-06
4.04346e-06
-3.89997e-06
1.04963e-05
-7.65625e-06
1.50381e-05
-1.19269e-05
1.76809e-05
-1.63161e-05
1.8589e-05
-2.05059e-05
1.79693e-05
-2.42375e-05
1.6026e-05
-2.72946e-05
1.29498e-05
-2.94924e-05
8.92642e-06
-3.06739e-05
4.15955e-06
-3.0713e-05
-1.10115e-06
-2.95274e-05
-6.53429e-06
-2.7101e-05
-1.17296e-05
-2.3515e-05
-1.61881e-05
-1.8984e-05
-1.93502e-05
-1.38848e-05
-2.06641e-05
-8.76162e-06
-1.96999e-05
-4.28617e-06
-1.62934e-05
-1.16482e-06
-1.06848e-05
-3.63364e-06
-1.30058e-06
5.34403e-06
-4.39103e-06
1.35868e-05
-8.57523e-06
1.92223e-05
-1.32928e-05
2.23985e-05
-1.81108e-05
2.3407e-05
-2.26991e-05
2.25575e-05
-2.68015e-05
2.01284e-05
-3.02096e-05
1.6358e-05
-3.27434e-05
1.14602e-05
-3.42396e-05
5.65582e-06
-3.45506e-05
-7.90204e-07
-3.35538e-05
-7.5311e-06
-3.11766e-05
-1.41067e-05
-2.74371e-05
-1.99276e-05
-2.24985e-05
-2.42888e-05
-1.6727e-05
-2.64355e-05
-1.07289e-05
-2.5698e-05
-5.33046e-06
-2.16919e-05
-1.47072e-06
-1.45446e-05
-5.10435e-06
-1.44254e-06
6.78658e-06
-4.84264e-06
1.69869e-05
-9.39983e-06
2.37795e-05
-1.44848e-05
2.74834e-05
-1.96344e-05
2.85567e-05
-2.45183e-05
2.74415e-05
-2.88975e-05
2.45076e-05
-3.25867e-05
2.00471e-05
-3.54245e-05
1.4298e-05
-3.7254e-05
7.48531e-06
-3.7913e-05
-1.31205e-07
-3.72387e-05
-8.20536e-06
-3.50905e-05
-1.62549e-05
-3.13966e-05
-2.36215e-05
-2.62281e-05
-2.94574e-05
-1.98929e-05
-3.27707e-05
-1.30233e-05
-3.25676e-05
-6.60231e-06
-2.81128e-05
-1.86061e-06
-1.92863e-05
-6.96496e-06
-1.58058e-06
8.36716e-06
-5.26438e-06
2.06707e-05
-1.01292e-05
2.86443e-05
-1.54724e-05
3.28266e-05
-2.08096e-05
3.38939e-05
-2.58266e-05
3.24585e-05
-3.03212e-05
2.90022e-05
-3.41516e-05
2.38775e-05
-3.71958e-05
1.73423e-05
-3.93222e-05
9.61164e-06
-4.03703e-05
9.16993e-07
-4.01468e-05
-8.42886e-06
-3.84398e-05
-1.7962e-05
-3.50646e-05
-2.69966e-05
-2.99521e-05
-3.45699e-05
-2.32819e-05
-3.94409e-05
-1.56417e-05
-4.02078e-05
-8.14169e-06
-3.56129e-05
-2.36088e-06
-2.50671e-05
-9.32585e-06
-1.72892e-06
1.00961e-05
-5.68322e-06
2.4625e-05
-1.07796e-05
3.37407e-05
-1.62321e-05
3.82791e-05
-2.15488e-05
3.92105e-05
-2.64554e-05
3.73651e-05
-3.08132e-05
3.336e-05
-3.45503e-05
2.76146e-05
-3.76104e-05
2.04023e-05
-3.99131e-05
1.19144e-05
-4.13263e-05
2.33015e-06
-4.16478e-05
-8.10736e-06
-4.06061e-05
-1.90037e-05
-3.7893e-05
-2.97097e-05
-3.32523e-05
-3.92106e-05
-2.66463e-05
-4.6047e-05
-1.85017e-05
-4.83524e-05
-9.96807e-06
-4.41465e-05
-3.00223e-06
-3.20329e-05
-1.23281e-05
-1.9193e-06
1.20154e-05
-6.15843e-06
2.88641e-05
-1.13972e-05
3.89794e-05
-1.67542e-05
4.36362e-05
-2.17556e-05
4.42119e-05
-2.62042e-05
4.18137e-05
-3.00603e-05
3.72161e-05
-3.33542e-05
3.09085e-05
-3.61245e-05
2.31726e-05
-3.83733e-05
1.41633e-05
-4.00301e-05
3.98687e-06
-4.09199e-05
-7.21754e-06
-4.07431e-05
-1.91805e-05
-3.90804e-05
-3.13723e-05
-3.54595e-05
-4.28316e-05
-2.953e-05
-5.19764e-05
-2.13941e-05
-5.64883e-05
-1.20632e-05
-5.34774e-05
-3.82255e-06
-4.02735e-05
-1.61506e-05
-2.21538e-06
1.42308e-05
-6.79908e-06
3.34478e-05
-1.20641e-05
4.42444e-05
-1.70334e-05
4.86055e-05
-2.13047e-05
4.84832e-05
-2.48169e-05
4.53259e-05
-2.76768e-05
4.0076e-05
-3.00519e-05
3.32836e-05
-3.21046e-05
2.52253e-05
-3.39479e-05
1.60066e-05
-3.56077e-05
5.64658e-06
-3.69813e-05
-5.84389e-06
-3.77937e-05
-1.83682e-05
-3.75617e-05
-3.16043e-05
-3.56077e-05
-4.47855e-05
-3.11979e-05
-5.63863e-05
-2.39146e-05
-6.37715e-05
-1.4337e-05
-6.3055e-05
-4.86951e-06
-4.9741e-05
-2.10201e-05
-2.73549e-06
1.69663e-05
-7.77623e-06
3.84886e-05
-1.28743e-05
4.93425e-05
-1.70085e-05
5.27397e-05
-1.99607e-05
5.14354e-05
-2.1898e-05
4.72631e-05
-2.31324e-05
4.13104e-05
-2.40011e-05
3.41523e-05
-2.48081e-05
2.60323e-05
-2.57927e-05
1.69912e-05
-2.71013e-05
6.95521e-06
-2.87465e-05
-4.19871e-06
-3.05447e-05
-1.657e-05
-3.20353e-05
-3.01136e-05
-3.24122e-05
-4.44087e-05
-3.05573e-05
-5.82411e-05
-2.53599e-05
-6.89689e-05
-1.65588e-05
-7.18562e-05
-6.19571e-06
-6.01041e-05
-2.72159e-05
-3.68146e-06
2.06477e-05
-9.298e-06
4.41051e-05
-1.3817e-05
5.38616e-05
-1.63788e-05
5.53014e-05
-1.7167e-05
5.22236e-05
-1.67077e-05
4.68039e-05
-1.55773e-05
4.018e-05
-1.4296e-05
3.2871e-05
-1.33011e-05
2.50374e-05
-1.29451e-05
1.66352e-05
-1.34919e-05
7.50204e-06
-1.50907e-05
-2.59996e-06
-1.77122e-05
-1.39484e-05
-2.10346e-05
-2.67913e-05
-2.42803e-05
-4.11629e-05
-2.60784e-05
-5.64431e-05
-2.45713e-05
-7.04759e-05
-1.82099e-05
-7.82175e-05
-7.81827e-06
-7.04957e-05
-3.50341e-05
-5.337e-06
2.59847e-05
-1.14305e-05
5.01986e-05
-1.44057e-05
5.68368e-05
-1.41372e-05
5.50329e-05
-1.1576e-05
4.96624e-05
-7.74647e-06
4.29744e-05
-3.50467e-06
3.59382e-05
4.85386e-07
2.8881e-05
3.71271e-06
2.181e-05
5.77001e-06
1.45779e-05
6.32253e-06
6.94952e-06
5.10445e-06
-1.38188e-06
1.96096e-06
-1.08049e-05
-3.03733e-06
-2.1793e-05
-9.36727e-06
-3.4833e-05
-1.57138e-05
-5.00965e-05
-1.96876e-05
-6.65022e-05
-1.81666e-05
-7.97386e-05
-9.55678e-06
-7.91055e-05
-4.45909e-05
-7.88756e-06
3.38723e-05
-1.33936e-05
5.57047e-05
-1.26557e-05
5.60988e-05
-7.52922e-06
4.99065e-05
-1.59163e-07
4.22923e-05
7.93359e-06
3.48816e-05
1.5745e-05
2.81268e-05
2.26207e-05
2.20053e-05
2.81115e-05
1.63192e-05
3.18698e-05
1.08196e-05
3.35829e-05
5.23648e-06
3.29381e-05
-7.371e-07
2.96278e-05
-7.49459e-06
2.34136e-05
-1.55789e-05
1.43371e-05
-2.57564e-05
3.18009e-06
-3.89395e-05
-7.77726e-06
-5.55448e-05
-1.41117e-05
-7.34041e-05
-1.06065e-05
-8.26107e-05
-5.51974e-05
-1.05849e-05
4.44572e-05
-1.12939e-05
5.64137e-05
-2.5938e-06
4.73987e-05
9.94391e-06
3.73688e-05
2.31487e-05
2.90876e-05
3.55366e-05
2.24937e-05
4.64057e-05
1.72576e-05
5.54201e-05
1.29909e-05
6.23986e-05
9.34074e-06
6.71953e-05
6.02287e-06
6.96314e-05
2.80046e-06
6.94503e-05
-5.56016e-07
6.62846e-05
-4.32891e-06
5.96409e-05
-8.93522e-06
4.89721e-05
-1.50875e-05
3.40211e-05
-2.39886e-05
1.5815e-05
-3.73387e-05
-1.40221e-06
-5.61869e-05
-8.64411e-06
-7.53688e-05
-6.38416e-05
-6.43039e-06
5.08876e-05
9.11079e-06
4.08725e-05
3.09028e-05
2.56067e-05
5.11898e-05
1.70818e-05
6.83966e-05
1.18807e-05
8.24983e-05
8.39203e-06
9.37765e-05
5.97946e-06
0.000102533
4.23398e-06
0.000108999
2.87539e-06
0.000113298
1.72404e-06
0.000115438
6.60045e-07
0.0001153
-4.18177e-07
0.000112584
-1.6129e-06
0.000106743
-3.09374e-06
9.68429e-05
-5.1878e-06
8.1477e-05
-8.62262e-06
5.91731e-05
-1.50348e-05
3.04915e-05
-2.75053e-05
3.84999e-06
-4.87273e-05
-5.99916e-05
5.08876e-05
9.17601e-05
0.000117367
0.000134449
0.000146329
0.000154721
0.000160701
0.000164935
0.00016781
0.000169534
0.000170194
0.000169776
0.000168163
0.000165069
0.000159882
0.000151259
0.000136224
0.000108719
5.99916e-05
)
;

boundaryField
{
    movingWall
    {
        type            calculated;
        value           uniform 0;
    }
    fixedWalls
    {
        type            calculated;
        value           uniform 0;
    }
    frontAndBack
    {
        type            empty;
        value           nonuniform List<scalar> 0();
    }
}


// ************************************************************************* //
