/*--------------------------------*- C++ -*----------------------------------*\
  =========                 |
  \\      /  F ield         | OpenFOAM: The Open Source CFD Toolbox
   \\    /   O peration     | Website:  https://openfoam.org
    \\  /    A nd           | Version:  8
     \\/     M anipulation  |
\*---------------------------------------------------------------------------*/
FoamFile
{
    version     2.0;
    format      ascii;
    class       volVectorField;
    location    "0.4";
    object      U;
}
// * * * * * * * * * * * * * * * * * * * * * * * * * * * * * * * * * * * * * //

dimensions      [0 1 -1 0 0 0 0];

internalField   nonuniform List<vector> 
400
(
(0.000958303 -0.000959647 0)
(0.000360138 0.000515476 0)
(-0.00501421 0.00226245 0)
(-0.0141198 0.00344822 0)
(-0.0253937 0.00403442 0)
(-0.0373938 0.0041152 0)
(-0.0488815 0.00378524 0)
(-0.0588128 0.00311662 0)
(-0.0663105 0.00216271 0)
(-0.070657 0.000976668 0)
(-0.0713294 -0.000367638 0)
(-0.0680743 -0.00176043 0)
(-0.0610017 -0.00305105 0)
(-0.0506696 -0.00405696 0)
(-0.0381244 -0.00458698 0)
(-0.024865 -0.00447768 0)
(-0.0127004 -0.00363952 0)
(-0.00348692 -0.00210804 0)
(0.001269 -0.000161794 0)
(0.0011903 0.00115423 0)
(-0.000453503 -0.000456127 0)
(-0.00692659 0.00688436 0)
(-0.0234663 0.0144919 0)
(-0.0473842 0.019776 0)
(-0.0755365 0.0223849 0)
(-0.104946 0.0225227 0)
(-0.132831 0.0205138 0)
(-0.156732 0.0166794 0)
(-0.174568 0.0113266 0)
(-0.184678 0.00480058 0)
(-0.185927 -0.00244768 0)
(-0.177848 -0.00981312 0)
(-0.160818 -0.0165314 0)
(-0.136194 -0.0217307 0)
(-0.10635 -0.0245453 0)
(-0.0745608 -0.024286 0)
(-0.0446508 -0.0206504 0)
(-0.0204021 -0.0139436 0)
(-0.00495174 -0.00543163 0)
(0.000118744 0.0014134 0)
(-0.00234996 0.00495481 0)
(-0.0155907 0.0236699 0)
(-0.0433935 0.0409647 0)
(-0.080742 0.0528564 0)
(-0.123127 0.0585399 0)
(-0.166587 0.0582792 0)
(-0.207359 0.052702 0)
(-0.242062 0.0425409 0)
(-0.267824 0.0285868 0)
(-0.28237 0.0117703 0)
(-0.284163 -0.00672027 0)
(-0.272593 -0.0253582 0)
(-0.248185 -0.042286 0)
(-0.212761 -0.0554439 0)
(-0.169498 -0.0628331 0)
(-0.122776 -0.0629057 0)
(-0.0777323 -0.0550377 0)
(-0.0395166 -0.0400018 0)
(-0.0128621 -0.0205086 0)
(-0.00149584 -0.00259048 0)
(-0.00404184 0.0150505 0)
(-0.0237232 0.0501521 0)
(-0.0623881 0.0797486 0)
(-0.112326 0.0994291 0)
(-0.167575 0.108294 0)
(-0.223364 0.106823 0)
(-0.27524 0.0960478 0)
(-0.319216 0.0772138 0)
(-0.3519 0.0517187 0)
(-0.370595 0.0212307 0)
(-0.373439 -0.012143 0)
(-0.359621 -0.0457407 0)
(-0.32962 -0.0763639 0)
(-0.285418 -0.100483 0)
(-0.230618 -0.114663 0)
(-0.170363 -0.116203 0)
(-0.110884 -0.103914 0)
(-0.0587253 -0.0788751 0)
(-0.0205821 -0.0451159 0)
(-0.0029409 -0.0108186 0)
(-0.00550932 0.029308 0)
(-0.0311149 0.0855722 0)
(-0.08001 0.129792 0)
(-0.141771 0.158035 0)
(-0.208952 0.169855 0)
(-0.276045 0.166258 0)
(-0.338078 0.148846 0)
(-0.390658 0.11947 0)
(-0.430058 0.0801949 0)
(-0.453259 0.0334722 0)
(-0.458078 -0.0176225 0)
(-0.443386 -0.069221 0)
(-0.409384 -0.116662 0)
(-0.357907 -0.154745 0)
(-0.292672 -0.178294 0)
(-0.219353 -0.183053 0)
(-0.145246 -0.166817 0)
(-0.0785096 -0.130544 0)
(-0.0282721 -0.079236 0)
(-0.00425917 -0.0229868 0)
(-0.00681371 0.0473038 0)
(-0.0378587 0.129324 0)
(-0.0962847 0.190478 0)
(-0.169084 0.228031 0)
(-0.24737 0.242567 0)
(-0.324976 0.235998 0)
(-0.396546 0.210717 0)
(-0.457443 0.169279 0)
(-0.503739 0.114433 0)
(-0.53217 0.0493816 0)
(-0.540211 -0.0218871 0)
(-0.526275 -0.0943337 0)
(-0.490036 -0.161797 0)
(-0.432846 -0.217229 0)
(-0.358188 -0.253353 0)
(-0.272018 -0.263794 0)
(-0.182653 -0.244632 0)
(-0.100138 -0.19603 0)
(-0.0365962 -0.123521 0)
(-0.00563537 -0.0391441 0)
(-0.00800446 0.0687085 0)
(-0.0440621 0.180789 0)
(-0.111292 0.261073 0)
(-0.194248 0.308639 0)
(-0.282698 0.325675 0)
(-0.369918 0.315422 0)
(-0.450324 0.281313 0)
(-0.519205 0.226705 0)
(-0.572584 0.155011 0)
(-0.60705 0.0700716 0)
(-0.619737 -0.0233686 0)
(-0.608486 -0.119252 0)
(-0.572191 -0.209987 0)
(-0.511345 -0.286568 0)
(-0.428754 -0.339224 0)
(-0.330254 -0.358744 0)
(-0.224994 -0.338516 0)
(-0.125091 -0.276892 0)
(-0.0463541 -0.179275 0)
(-0.00728012 -0.0597804 0)
(-0.00911529 0.0932566 0)
(-0.0498044 0.239353 0)
(-0.125065 0.340725 0)
(-0.217107 0.398851 0)
(-0.314448 0.418124 0)
(-0.409963 0.403578 0)
(-0.498033 0.359965 0)
(-0.574099 0.291546 0)
(-0.634346 0.202338 0)
(-0.675377 0.0966419 0)
(-0.694071 -0.0203086 0)
(-0.68765 -0.141727 0)
(-0.65402 -0.258812 0)
(-0.592412 -0.360622 0)
(-0.50438 -0.434557 0)
(-0.394998 -0.467752 0)
(-0.273752 -0.4496 0)
(-0.154796 -0.37514 0)
(-0.0583856 -0.248508 0)
(-0.00941965 -0.0858551 0)
(-0.0101796 0.120727 0)
(-0.0551721 0.304409 0)
(-0.137631 0.428434 0)
(-0.237392 0.497318 0)
(-0.341811 0.518351 0)
(-0.443554 0.498893 0)
(-0.537248 0.445335 0)
(-0.618785 0.36295 0)
(-0.684814 0.256279 0)
(-0.732229 0.129845 0)
(-0.757854 -0.0109936 0)
(-0.758385 -0.159166 0)
(-0.730636 -0.305088 0)
(-0.67221 -0.436142 0)
(-0.582722 -0.536755 0)
(-0.465544 -0.589608 0)
(-0.329541 -0.5785 0)
(-0.190409 -0.492967 0)
(-0.0735456 -0.333876 0)
(-0.0123114 -0.11881 0)
(-0.0112657 0.150966 0)
(-0.0603632 0.375376 0)
(-0.149158 0.523005 0)
(-0.25488 0.602198 0)
(-0.363781 0.624017 0)
(-0.468599 0.598807 0)
(-0.564578 0.534977 0)
(-0.648475 0.438933 0)
(-0.717818 0.31566 0)
(-0.770187 0.169626 0)
(-0.802724 0.005863 0)
(-0.811876 -0.168864 0)
(-0.79346 -0.34487 0)
(-0.743222 -0.508465 0)
(-0.658145 -0.641353 0)
(-0.538678 -0.721211 0)
(-0.3915 -0.724483 0)
(-0.23258 -0.632176 0)
(-0.0927092 -0.438492 0)
(-0.01628 -0.160595 0)
(-0.012539 0.183997 0)
(-0.065865 0.45182 0)
(-0.160203 0.623027 0)
(-0.269627 0.710965 0)
(-0.379345 0.731687 0)
(-0.482596 0.699364 0)
(-0.575777 0.624863 0)
(-0.657044 0.515871 0)
(-0.725323 0.377725 0)
(-0.779412 0.214553 0)
(-0.817294 0.0305805 0)
(-0.835675 -0.168451 0)
(-0.829757 -0.373682 0)
(-0.793492 -0.571403 0)
(-0.720719 -0.741449 0)
(-0.607612 -0.856566 0)
(-0.456456 -0.884282 0)
(-0.281053 -0.793255 0)
(-0.116774 -0.565573 0)
(-0.0217771 -0.213739 0)
(-0.01437 0.22027 0)
(-0.0727235 0.533695 0)
(-0.172013 0.726876 0)
(-0.28217 0.820179 0)
(-0.387557 0.836458 0)
(-0.482641 0.794773 0)
(-0.565737 0.70893 0)
(-0.637077 0.588016 0)
(-0.697595 0.437615 0)
(-0.747891 0.26125 0)
(-0.787435 0.0618701 0)
(-0.813895 -0.156541 0)
(-0.822576 -0.387065 0)
(-0.806165 -0.617465 0)
(-0.755302 -0.827379 0)
(-0.660752 -0.985774 0)
(-0.517737 -1.05057 0)
(-0.333999 -0.973939 0)
(-0.146613 -0.717808 0)
(-0.029473 -0.281476 0)
(-0.0175249 0.261158 0)
(-0.0829302 0.621701 0)
(-0.186791 0.832614 0)
(-0.293491 0.925068 0)
(-0.387203 0.931431 0)
(-0.464931 0.87692 0)
(-0.52802 0.778672 0)
(-0.579587 0.647154 0)
(-0.623179 0.488026 0)
(-0.66174 0.303953 0)
(-0.696835 0.0962434 0)
(-0.727888 -0.133511 0)
(-0.751314 -0.381439 0)
(-0.759619 -0.63858 0)
(-0.741007 -0.886894 0)
(-0.680459 -1.09426 0)
(-0.563603 -1.21018 0)
(-0.386855 -1.16708 0)
(-0.182854 -0.896205 0)
(-0.0403839 -0.367961 0)
(-0.0234929 0.309827 0)
(-0.0999093 0.717647 0)
(-0.207625 0.937494 0)
(-0.304126 1.01864 0)
(-0.375321 1.00688 0)
(-0.423057 0.934792 0)
(-0.453249 0.822862 0)
(-0.47276 0.682566 0)
(-0.488195 0.519267 0)
(-0.505122 0.334508 0)
(-0.527546 0.127746 0)
(-0.557277 -0.102163 0)
(-0.592925 -0.355199 0)
(-0.628416 -0.627412 0)
(-0.651336 -0.90619 0)
(-0.642019 -1.16274 0)
(-0.575227 -1.34242 0)
(-0.430328 -1.35773 0)
(-0.225173 -1.09789 0)
(-0.0559581 -0.478427 0)
(-0.0349518 0.372643 0)
(-0.128802 0.824345 0)
(-0.237089 1.03643 0)
(-0.311013 1.08993 0)
(-0.343055 1.04895 0)
(-0.343692 0.953906 0)
(-0.32522 0.827649 0)
(-0.298841 0.6816 0)
(-0.274181 0.520081 0)
(-0.259145 0.343166 0)
(-0.259948 0.14844 0)
(-0.280896 -0.0678625 0)
(-0.323564 -0.309717 0)
(-0.38506 -0.579232 0)
(-0.455225 -0.872163 0)
(-0.513064 -1.1688 0)
(-0.524133 -1.41841 0)
(-0.44685 -1.51963 0)
(-0.270082 -1.3122 0)
(-0.0777139 -0.61888 0)
(-0.0559234 0.461447 0)
(-0.174994 0.943742 0)
(-0.271547 1.11797 0)
(-0.298654 1.12058 0)
(-0.265952 1.03794 0)
(-0.197565 0.916139 0)
(-0.113311 0.777577 0)
(-0.0282348 0.631449 0)
(0.0461275 0.479773 0)
(0.100776 0.320716 0)
(0.128395 0.150186 0)
(0.122927 -0.037551 0)
(0.0798698 -0.249622 0)
(-0.00233027 -0.493824 0)
(-0.119078 -0.775775 0)
(-0.253678 -1.09042 0)
(-0.368932 -1.40245 0)
(-0.404313 -1.61214 0)
(-0.305038 -1.51496 0)
(-0.104994 -0.795674 0)
(-0.0894178 0.598207 0)
(-0.235406 1.06933 0)
(-0.282827 1.15332 0)
(-0.217308 1.07749 0)
(-0.0841233 0.945477 0)
(0.0763653 0.800295 0)
(0.239199 0.658088 0)
(0.388644 0.522544 0)
(0.514206 0.391893 0)
(0.60829 0.262089 0)
(0.664531 0.127868 0)
(0.676782 -0.0172668 0)
(0.63876 -0.181691 0)
(0.544497 -0.376557 0)
(0.390628 -0.615773 0)
(0.182827 -0.911402 0)
(-0.0512305 -1.25578 0)
(-0.245999 -1.57756 0)
(-0.295947 -1.65935 0)
(-0.127315 -1.01521 0)
(-0.122127 0.81386 0)
(-0.264432 1.16056 0)
(-0.167456 1.07376 0)
(0.0634674 0.903888 0)
(0.33108 0.735756 0)
(0.591722 0.588084 0)
(0.826646 0.462777 0)
(1.02677 0.355464 0)
(1.18754 0.260206 0)
(1.30609 0.171306 0)
(1.37944 0.0834005 0)
(1.40342 -0.0091664 0)
(1.37195 -0.113463 0)
(1.27638 -0.23992 0)
(1.1057 -0.404971 0)
(0.849921 -0.632908 0)
(0.51089 -0.948971 0)
(0.126432 -1.34252 0)
(-0.16228 -1.65173 0)
(-0.100897 -1.25513 0)
(-0.0208187 1.03082 0)
(-0.0260991 1.07382 0)
(0.377627 0.786817 0)
(0.82743 0.56744 0)
(1.20893 0.414505 0)
(1.52126 0.304586 0)
(1.77392 0.224092 0)
(1.97343 0.16302 0)
(2.12505 0.113853 0)
(2.23244 0.0712734 0)
(2.29706 0.0313726 0)
(2.3179 -0.00923115 0)
(2.29098 -0.0544385 0)
(2.20819 -0.110178 0)
(2.05532 -0.187466 0)
(1.80971 -0.308359 0)
(1.43725 -0.514428 0)
(0.899309 -0.861236 0)
(0.306213 -1.31743 0)
(0.144168 -1.30744 0)
(1.14952 0.564115 0)
(1.47994 0.498955 0)
(2.07227 0.313179 0)
(2.53163 0.193957 0)
(2.82504 0.123512 0)
(3.02214 0.0800996 0)
(3.16225 0.0526049 0)
(3.26259 0.0345088 0)
(3.33263 0.0217196 0)
(3.37802 0.0117613 0)
(3.40165 0.00311934 0)
(3.40422 -0.00525096 0)
(3.38448 -0.0144064 0)
(3.33861 -0.0258329 0)
(3.25812 -0.042557 0)
(3.12508 -0.0718065 0)
(2.89743 -0.13149 0)
(2.46772 -0.260526 0)
(1.77712 -0.499213 0)
(1.29414 -0.61239 0)
)
;

boundaryField
{
    movingWall
    {
        type            fixedValue;
        value           uniform (4 0 0);
    }
    fixedWalls
    {
        type            noSlip;
    }
    frontAndBack
    {
        type            empty;
    }
}


// ************************************************************************* //
