/*--------------------------------*- C++ -*----------------------------------*\
  =========                 |
  \\      /  F ield         | OpenFOAM: The Open Source CFD Toolbox
   \\    /   O peration     | Website:  https://openfoam.org
    \\  /    A nd           | Version:  8
     \\/     M anipulation  |
\*---------------------------------------------------------------------------*/
FoamFile
{
    version     2.0;
    format      ascii;
    class       volScalarField;
    location    "0.3";
    object      p;
}
// * * * * * * * * * * * * * * * * * * * * * * * * * * * * * * * * * * * * * //

dimensions      [0 2 -2 0 0 0 0];

internalField   nonuniform List<scalar> 
400
(
-4.70103e-06
-0.00933831
-0.0206719
-0.0292788
-0.0324513
-0.029002
-0.0188348
-0.00261183
0.0184731
0.0428299
0.0685699
0.0936081
0.115802
0.133146
0.144024
0.14752
0.143771
0.134318
0.122409
0.113122
0.00924112
-0.000373365
-0.00923595
-0.0151195
-0.016769
-0.0133631
-0.00478092
0.00851634
0.0256397
0.0453645
0.0662062
0.0865119
0.104585
0.11885
0.128061
0.131537
0.129418
0.122806
0.113445
0.103943
0.0212347
0.00794215
-0.00160547
-0.00697374
-0.00829207
-0.00515358
0.00244719
0.0140833
0.0290119
0.0462196
0.0644613
0.0823261
0.0983394
0.111106
0.119482
0.122774
0.120974
0.114764
0.104573
0.0913638
0.0318667
0.0135822
0.0017826
-0.00429901
-0.00595136
-0.00313852
0.00398233
0.0149323
0.0290153
0.0453214
0.0627252
0.07992
0.0954945
0.108054
0.116377
0.119599
0.117476
0.110328
0.0975479
0.0791206
0.0383482
0.0148881
0.000425935
-0.0067181
-0.00882879
-0.00618746
0.000890506
0.0118519
0.0260089
0.0425057
0.0602771
0.0780482
0.0943846
0.107793
0.116864
0.120466
0.118061
0.109627
0.0936773
0.0695562
0.0385981
0.0100062
-0.00718398
-0.0154047
-0.0178334
-0.0150292
-0.0074541
0.00425915
0.0194136
0.0371808
0.0565193
0.0761395
0.0945222
0.109997
0.120871
0.125647
0.123413
0.113781
0.0944327
0.0642538
0.0308263
-0.00285667
-0.0226782
-0.0317648
-0.03416
-0.0306913
-0.0219629
-0.00868631
0.00843028
0.0285802
0.0507352
0.07357
0.0954429
0.114443
0.128505
0.135645
0.134461
0.124096
0.101317
0.0645845
0.0132353
-0.0255549
-0.0477844
-0.0573095
-0.0591033
-0.0542927
-0.0436349
-0.0279167
-0.00784385
0.0158185
0.0420756
0.0695798
0.0965613
0.120831
0.139862
0.151046
0.152312
0.142139
0.116113
0.0721591
-0.0161932
-0.0601846
-0.0844582
-0.0937378
-0.0940993
-0.0870518
-0.0735371
-0.0544139
-0.0303558
-0.00203829
0.0296346
0.0633477
0.0972415
0.128845
0.155103
0.172621
0.178414
0.169973
0.141214
0.0892323
-0.0598828
-0.10925
-0.134971
-0.142932
-0.140642
-0.130147
-0.112631
-0.08902
-0.0599064
-0.0257954
0.0125997
0.0541046
0.0968674
0.138194
0.174472
0.201364
0.214663
0.210385
0.179981
0.119134
-0.120918
-0.175894
-0.20201
-0.206904
-0.200113
-0.184469
-0.161478
-0.132122
-0.0968344
-0.05583
-0.00948113
0.0413504
0.0949982
0.148696
0.198335
0.238533
0.263514
0.267155
0.237206
0.166852
-0.203533
-0.264277
-0.288804
-0.287692
-0.273516
-0.250253
-0.219822
-0.183213
-0.140576
-0.0916665
-0.0363072
0.0251949
0.0916354
0.160458
0.227283
0.285712
0.328112
0.34539
0.319767
0.239955
-0.314146
-0.380252
-0.39929
-0.38714
-0.36104
-0.326555
-0.286035
-0.240346
-0.189143
-0.13148
-0.0663629
0.00677016
0.0875598
0.174112
0.262238
0.344852
0.412387
0.451913
0.437613
0.350209
-0.463644
-0.532512
-0.53819
-0.506404
-0.461359
-0.410521
-0.356458
-0.299563
-0.238634
-0.171678
-0.0965516
-0.0114545
0.0845759
0.190941
0.304438
0.418109
0.520929
0.595586
0.605238
0.516715
-0.672324
-0.734418
-0.710632
-0.644787
-0.570401
-0.496375
-0.424675
-0.354451
-0.28301
-0.206832
-0.122238
-0.0257807
0.0853284
0.212567
0.354891
0.507034
0.658094
0.787035
0.843652
0.771843
-0.979088
-1.00607
-0.920789
-0.797821
-0.67977
-0.57444
-0.481149
-0.39627
-0.314583
-0.230394
-0.138073
-0.0321834
0.0923676
0.239955
0.413204
0.611078
0.826191
1.03706
1.18156
1.17006
-1.45858
-1.37524
-1.16947
-0.95601
-0.776487
-0.631716
-0.514501
-0.415696
-0.325988
-0.236762
-0.140086
-0.0283208
0.106244
0.271635
0.475927
0.725928
1.02329
1.35332
1.65469
1.80223
-2.28487
-1.87547
-1.43909
-1.0945
-0.83768
-0.650026
-0.511858
-0.404454
-0.31255
-0.224086
-0.128868
-0.0172501
0.120964
0.297852
0.528703
0.832656
1.22825
1.72336
2.30821
2.86425
-3.93109
-2.52019
-1.61699
-1.11241
-0.793089
-0.584396
-0.446497
-0.348434
-0.26892
-0.193543
-0.111218
-0.0117435
0.116033
0.286769
0.522393
0.856999
1.33733
2.03796
3.16929
4.84529
-6.81432
-3.14879
-1.48037
-0.861129
-0.560178
-0.393162
-0.299448
-0.241158
-0.195842
-0.150479
-0.0960226
-0.0245771
0.0729645
0.209266
0.406231
0.705633
1.18727
2.05507
4.01641
7.97786
)
;

boundaryField
{
    movingWall
    {
        type            zeroGradient;
    }
    fixedWalls
    {
        type            zeroGradient;
    }
    frontAndBack
    {
        type            empty;
    }
}


// ************************************************************************* //
