/*--------------------------------*- C++ -*----------------------------------*\
  =========                 |
  \\      /  F ield         | OpenFOAM: The Open Source CFD Toolbox
   \\    /   O peration     | Website:  https://openfoam.org
    \\  /    A nd           | Version:  8
     \\/     M anipulation  |
\*---------------------------------------------------------------------------*/
FoamFile
{
    version     2.0;
    format      ascii;
    class       volScalarField;
    location    "0.2";
    object      p;
}
// * * * * * * * * * * * * * * * * * * * * * * * * * * * * * * * * * * * * * //

dimensions      [0 2 -2 0 0 0 0];

internalField   nonuniform List<scalar> 
400
(
4.69403e-07
-0.0116608
-0.025756
-0.0364261
-0.0403577
-0.0361082
-0.0235554
-0.00348446
0.0226761
0.0529997
0.0851602
0.116546
0.144434
0.166249
0.179903
0.184217
0.179377
0.167381
0.152385
0.140793
0.0115651
-0.000460369
-0.0114782
-0.0187587
-0.0207974
-0.0166006
-0.00601371
0.0104234
0.0316534
0.0561966
0.0822271
0.107676
0.130384
0.148328
0.15989
0.164189
0.161409
0.152986
0.141188
0.129341
0.0264846
0.00986499
-0.00199022
-0.00861246
-0.0102369
-0.00638773
0.00294994
0.0172845
0.0357473
0.0571279
0.0799035
0.102309
0.122463
0.138557
0.149099
0.153182
0.150798
0.142856
0.129994
0.113507
0.0395743
0.0167427
0.00211461
-0.00537424
-0.00742432
-0.00402458
0.00464604
0.0180467
0.0353849
0.0555957
0.0773164
0.0989141
0.118579
0.134491
0.145032
0.149064
0.146272
0.137112
0.12095
0.0978991
0.0472835
0.0180457
0.000149754
-0.00864683
-0.011305
-0.00820713
0.000287024
0.0135687
0.0308832
0.0512577
0.0734208
0.095785
0.116503
0.133605
0.145209
0.149802
0.146677
0.135859
0.115637
0.0853703
0.0469381
0.0113993
-0.00982904
-0.0199688
-0.0231051
-0.0199571
-0.0110414
0.00297004
0.0213489
0.0431899
0.0672764
0.0920119
0.115434
0.135321
0.149392
0.155618
0.152783
0.140431
0.115829
0.0778157
0.0362416
-0.00547928
-0.0299056
-0.0411605
-0.0444055
-0.0406747
-0.0306242
-0.0149756
0.00557913
0.0302075
0.0577441
0.0865657
0.114551
0.139145
0.157535
0.167009
0.165659
0.152405
0.123355
0.0768745
0.0129258
-0.034914
-0.0622542
-0.0741503
-0.0768972
-0.0718686
-0.0598594
-0.0416219
-0.0177807
0.0109436
0.0434765
0.0781973
0.112827
0.144427
0.169534
0.184543
0.186595
0.173694
0.14042
0.0845197
-0.0254901
-0.0794722
-0.109284
-0.121061
-0.122415
-0.115146
-0.100211
-0.0783734
-0.050137
-0.0160351
0.0230382
0.0655517
0.109132
0.150462
0.185325
0.208997
0.217304
0.206866
0.170052
0.103595
-0.0818973
-0.142148
-0.173727
-0.18418
-0.182809
-0.17201
-0.152957
-0.126405
-0.0926595
-0.0519509
-0.00484816
0.0473657
0.102369
0.156556
0.204929
0.241411
0.260071
0.25544
0.216571
0.138397
-0.159877
-0.226617
-0.258735
-0.265872
-0.259704
-0.243511
-0.218772
-0.186203
-0.145809
-0.0973513
-0.04087
0.0228399
0.0917646
0.162231
0.22856
0.283183
0.317913
0.324248
0.28621
0.195469
-0.264266
-0.337684
-0.368021
-0.368418
-0.354127
-0.329742
-0.297141
-0.256942
-0.208689
-0.15146
-0.0844968
-0.00778452
0.0773539
0.167583
0.256871
0.336224
0.394801
0.419897
0.387998
0.284843
-0.402386
-0.482087
-0.506039
-0.493723
-0.465948
-0.429149
-0.385625
-0.335731
-0.2783
-0.211437
-0.133254
-0.0425321
0.0606053
0.173782
0.29128
0.403167
0.49588
0.551318
0.535046
0.422194
-0.586812
-0.669918
-0.678093
-0.642714
-0.593001
-0.537613
-0.479009
-0.416867
-0.348879
-0.271779
-0.182171
-0.0771579
0.0449099
0.183458
0.334176
0.487369
0.627465
0.730269
0.746494
0.632945
-0.841434
-0.9169
-0.889893
-0.813925
-0.729606
-0.647241
-0.568452
-0.491323
-0.411663
-0.324278
-0.223816
-0.105275
0.0354056
0.200426
0.38843
0.592106
0.796107
0.971103
1.05003
0.959883
-1.21292
-1.24712
-1.14597
-1.0012
-0.864699
-0.745246
-0.641145
-0.54706
-0.455691
-0.359158
-0.249688
-0.119788
0.0375444
0.228268
0.455883
0.718791
1.00646
1.28884
1.48323
1.474
-1.79249
-1.69453
-1.44688
-1.19233
-0.981673
-0.814845
-0.682144
-0.571524
-0.470688
-0.36818
-0.253401
-0.116134
0.0539056
0.267319
0.534619
0.864465
1.25833
1.69496
2.09266
2.29186
-2.79507
-2.30046
-1.77102
-1.35668
-1.05216
-0.833308
-0.675203
-0.554163
-0.450609
-0.348866
-0.235559
-0.0979812
0.0772543
0.305864
0.607529
1.00673
1.5269
2.17606
2.93801
3.66253
-4.80948
-3.0805
-1.97794
-1.36896
-0.988816
-0.744513
-0.586952
-0.477552
-0.389292
-0.303579
-0.205941
-0.0828569
0.0802033
0.302275
0.611458
1.05133
1.68197
2.59684
4.05627
6.19998
-8.38218
-3.84004
-1.78954
-1.04378
-0.688497
-0.49616
-0.393677
-0.334091
-0.288753
-0.240659
-0.177727
-0.0893948
0.036655
0.216989
0.479632
0.877834
1.5147
2.6487
5.15757
10.1625
)
;

boundaryField
{
    movingWall
    {
        type            zeroGradient;
    }
    fixedWalls
    {
        type            zeroGradient;
    }
    frontAndBack
    {
        type            empty;
    }
}


// ************************************************************************* //
