/*--------------------------------*- C++ -*----------------------------------*\
  =========                 |
  \\      /  F ield         | OpenFOAM: The Open Source CFD Toolbox
   \\    /   O peration     | Website:  https://openfoam.org
    \\  /    A nd           | Version:  8
     \\/     M anipulation  |
\*---------------------------------------------------------------------------*/
FoamFile
{
    version     2.0;
    format      ascii;
    class       surfaceScalarField;
    location    "0.2";
    object      phi;
}
// * * * * * * * * * * * * * * * * * * * * * * * * * * * * * * * * * * * * * //

dimensions      [0 3 -1 0 0 0 0];

internalField   nonuniform List<scalar> 
760
(
2.73719e-08
-2.73756e-08
-4.71758e-08
7.45483e-08
-2.31417e-07
1.8424e-07
-4.91806e-07
2.60388e-07
-7.89567e-07
2.9776e-07
-1.08879e-06
2.9922e-07
-1.35872e-06
2.69932e-07
-1.57435e-06
2.15627e-07
-1.71637e-06
1.42027e-07
-1.77142e-06
5.50457e-08
-1.73268e-06
-3.87413e-08
-1.60097e-06
-1.31703e-07
-1.38593e-06
-2.15047e-07
-1.1068e-06
-2.79131e-07
-7.9254e-07
-3.14258e-07
-4.80488e-07
-3.12052e-07
-2.1305e-07
-2.67437e-07
-3.19197e-08
-1.8113e-07
3.31529e-08
-6.50732e-08
3.31521e-08
-7.10498e-08
4.36729e-08
-3.66385e-07
3.69883e-07
-8.73556e-07
6.91412e-07
-1.5305e-06
9.17335e-07
-2.25977e-06
1.02703e-06
-2.98395e-06
1.0234e-06
-3.63326e-06
9.19243e-07
-4.14918e-06
7.31544e-07
-4.48625e-06
4.79096e-07
-4.61354e-06
1.82344e-07
-4.51644e-06
-1.35847e-07
-4.19865e-06
-4.4949e-07
-3.68419e-06
-7.29516e-07
-3.01828e-06
-9.45039e-07
-2.2664e-06
-1.06613e-06
-1.51013e-06
-1.06832e-06
-8.38698e-07
-9.38874e-07
-3.35404e-07
-6.84426e-07
-5.73485e-08
-3.4313e-07
-2.41964e-08
-1.88399e-07
2.32072e-07
-7.21769e-07
9.0325e-07
-1.53617e-06
1.50581e-06
-2.53822e-06
1.91939e-06
-3.62216e-06
2.11097e-06
-4.6834e-06
2.08464e-06
-5.62705e-06
1.8629e-06
-6.37292e-06
1.47741e-06
-6.85851e-06
9.6469e-07
-7.04146e-06
3.65293e-07
-6.90197e-06
-2.75336e-07
-6.44545e-06
-9.06015e-07
-5.70478e-06
-1.47019e-06
-4.74136e-06
-1.90846e-06
-3.64356e-06
-2.16392e-06
-2.5213e-06
-2.19059e-06
-1.49535e-06
-1.96482e-06
-6.81289e-07
-1.49849e-06
-1.68719e-07
-8.557e-07
-1.92915e-07
-2.95421e-07
5.27493e-07
-1.05946e-06
1.66729e-06
-2.16872e-06
2.61506e-06
-3.49112e-06
3.24178e-06
-4.89297e-06
3.51283e-06
-6.24785e-06
3.43952e-06
-7.44313e-06
3.05818e-06
-8.38429e-06
2.41857e-06
-8.99773e-06
1.57813e-06
-9.23324e-06
6.00805e-07
-9.06666e-06
-4.41923e-07
-8.50282e-06
-1.46986e-06
-7.57842e-06
-2.39459e-06
-6.36377e-06
-3.12311e-06
-4.96203e-06
-3.56566e-06
-3.50435e-06
-3.64828e-06
-2.13945e-06
-3.32972e-06
-1.01771e-06
-2.62022e-06
-2.71689e-07
-1.60172e-06
-4.64604e-07
-3.92405e-07
9.199e-07
-1.37593e-06
2.65082e-06
-2.76838e-06
4.00751e-06
-4.39551e-06
4.86892e-06
-6.09471e-06
5.21202e-06
-7.7198e-06
5.06462e-06
-9.14458e-06
4.48296e-06
-1.02648e-05
3.5388e-06
-1.09996e-05
2.31295e-06
-1.12931e-05
8.94257e-07
-1.11164e-05
-6.18623e-07
-1.04711e-05
-2.11512e-06
-9.39302e-06
-3.47269e-06
-7.95537e-06
-4.56077e-06
-6.27052e-06
-5.25051e-06
-4.48749e-06
-5.43131e-06
-2.78357e-06
-5.03364e-06
-1.34937e-06
-4.05443e-06
-3.68839e-07
-2.58225e-06
-8.33443e-07
-4.83455e-07
1.40335e-06
-1.67796e-06
3.84533e-06
-3.34414e-06
5.67369e-06
-5.26422e-06
6.789e-06
-7.24614e-06
7.19394e-06
-9.12559e-06
6.94407e-06
-1.07659e-05
6.12328e-06
-1.20568e-05
4.82975e-06
-1.29134e-05
3.16948e-06
-1.32753e-05
1.25618e-06
-1.31086e-05
-7.85311e-07
-1.24087e-05
-2.81503e-06
-1.12054e-05
-4.67601e-06
-9.56893e-06
-6.19722e-06
-7.61543e-06
-7.20401e-06
-5.50878e-06
-7.53796e-06
-3.45615e-06
-7.08627e-06
-1.69451e-06
-5.81607e-06
-4.68138e-07
-3.80862e-06
-1.30158e-06
-5.72549e-07
1.9759e-06
-1.97364e-06
5.24642e-06
-3.90601e-06
7.60606e-06
-6.1071e-06
8.99009e-06
-8.35574e-06
9.44259e-06
-1.04718e-05
9.06014e-06
-1.2312e-05
7.96345e-06
-1.37642e-05
6.28199e-06
-1.47429e-05
4.14811e-06
-1.51855e-05
1.69879e-06
-1.50525e-05
-9.1828e-07
-1.43302e-05
-3.53734e-06
-1.3037e-05
-5.96922e-06
-1.12329e-05
-8.00126e-06
-9.03051e-06
-9.40643e-06
-6.60338e-06
-9.96509e-06
-4.18825e-06
-9.5014e-06
-2.07452e-06
-7.9298e-06
-5.78302e-07
-5.30483e-06
-1.87988e-06
-6.63103e-07
2.63901e-06
-2.27014e-06
6.85345e-06
-4.46127e-06
9.79719e-06
-6.92686e-06
1.14557e-05
-9.41774e-06
1.19335e-05
-1.17419e-05
1.13843e-05
-1.37551e-05
9.97657e-06
-1.53492e-05
7.87618e-06
-1.64434e-05
5.24225e-06
-1.69762e-05
2.23157e-06
-1.69033e-05
-9.91198e-07
-1.61992e-05
-4.24137e-06
-1.48651e-05
-7.30331e-06
-1.29417e-05
-9.92472e-06
-1.05269e-05
-1.18212e-05
-7.79471e-06
-1.26973e-05
-5.00696e-06
-1.22891e-05
-2.51034e-06
-1.04264e-05
-7.0803e-07
-7.10714e-06
-2.58791e-06
-7.58422e-07
3.39743e-06
-2.57398e-06
8.66901e-06
-5.014e-06
1.22372e-05
-7.71759e-06
1.41593e-05
-1.04098e-05
1.46257e-05
-1.28932e-05
1.38678e-05
-1.5031e-05
1.21143e-05
-1.67282e-05
9.57341e-06
-1.7916e-05
6.43004e-06
-1.85398e-05
2.85535e-06
-1.8553e-05
-9.77937e-07
-1.79174e-05
-4.87699e-06
-1.66105e-05
-8.61023e-06
-1.46425e-05
-1.18928e-05
-1.20816e-05
-1.43821e-05
-9.08566e-06
-1.56932e-05
-5.93045e-06
-1.54444e-05
-3.0209e-06
-1.3336e-05
-8.66135e-07
-9.26191e-06
-3.45405e-06
-8.63067e-07
4.2605e-06
-2.89332e-06
1.06993e-05
-5.56681e-06
1.49107e-05
-8.46487e-06
1.70573e-05
-1.1291e-05
1.74518e-05
-1.38531e-05
1.64298e-05
-1.60343e-05
1.42956e-05
-1.77652e-05
1.13043e-05
-1.89999e-05
7.66477e-06
-1.96991e-05
3.55455e-06
-1.98194e-05
-8.57701e-07
-1.93103e-05
-5.38609e-06
-1.8121e-05
-9.7995e-06
-1.62188e-05
-1.37949e-05
-1.36223e-05
-1.69786e-05
-1.04479e-05
-1.88676e-05
-6.96268e-06
-1.89296e-05
-3.62244e-06
-1.66762e-05
-1.06239e-06
-1.1822e-05
-4.51644e-06
-9.85287e-07
5.24578e-06
-3.24188e-06
1.29559e-05
-6.12346e-06
1.77923e-05
-9.1454e-06
2.00793e-05
-1.19988e-05
2.03052e-05
-1.45134e-05
1.89444e-05
-1.6611e-05
1.63932e-05
-1.82641e-05
1.29574e-05
-1.94639e-05
8.86455e-06
-2.01974e-05
4.28807e-06
-2.04327e-05
-6.22466e-07
-2.01115e-05
-5.70722e-06
-1.91528e-05
-1.07582e-05
-1.74697e-05
-1.54781e-05
-1.50073e-05
-1.9441e-05
-1.18061e-05
-2.20689e-05
-8.08548e-06
-2.26501e-05
-4.32761e-06
-2.04341e-05
-1.30907e-06
-1.48405e-05
-5.82551e-06
-1.14105e-06
6.38683e-06
-3.64416e-06
1.5459e-05
-6.69041e-06
2.08385e-05
-9.72282e-06
2.31117e-05
-1.24394e-05
2.30218e-05
-1.4719e-05
2.1224e-05
-1.65469e-05
1.82211e-05
-1.79582e-05
1.43687e-05
-1.89969e-05
9.9033e-06
-1.96895e-05
4.98064e-06
-2.0026e-05
-2.85921e-07
-1.99493e-05
-5.784e-06
-1.93512e-05
-1.13563e-05
-1.80845e-05
-1.67447e-05
-1.59989e-05
-2.15266e-05
-1.30149e-05
-2.50528e-05
-9.24468e-06
-2.64204e-05
-5.14272e-06
-2.4536e-05
-1.62347e-06
-1.83598e-05
-7.44898e-06
-1.36059e-06
7.74742e-06
-4.14041e-06
1.82388e-05
-7.27194e-06
2.39701e-05
-1.0132e-05
2.59717e-05
-1.24657e-05
2.53555e-05
-1.42432e-05
2.30015e-05
-1.55464e-05
1.95243e-05
-1.64943e-05
1.53166e-05
-1.71987e-05
1.06077e-05
-1.77365e-05
5.51835e-06
-1.81309e-05
1.08573e-07
-1.83381e-05
-5.57684e-06
-1.82348e-05
-1.14596e-05
-1.76182e-05
-1.73614e-05
-1.62288e-05
-2.2916e-05
-1.38233e-05
-2.74583e-05
-1.03246e-05
-2.99191e-05
-6.06016e-06
-2.88005e-05
-2.03171e-06
-2.23882e-05
-9.48069e-06
-1.69832e-06
9.44575e-06
-4.78594e-06
2.13264e-05
-7.84607e-06
2.70302e-05
-1.02357e-05
2.83614e-05
-1.18261e-05
2.69459e-05
-1.27408e-05
2.39162e-05
-1.31949e-05
1.99784e-05
-1.34092e-05
1.55309e-05
-1.35692e-05
1.07677e-05
-1.38057e-05
5.75487e-06
-1.41829e-05
4.85784e-07
-1.46835e-05
-5.07619e-06
-1.51906e-05
-1.09525e-05
-1.5468e-05
-1.7084e-05
-1.51565e-05
-2.32275e-05
-1.38203e-05
-2.87945e-05
-1.11002e-05
-3.26392e-05
-7.03696e-06
-3.28637e-05
-2.57241e-06
-2.68528e-05
-1.20531e-05
-2.24301e-06
1.16888e-05
-5.62509e-06
2.47085e-05
-8.28956e-06
2.96947e-05
-9.72166e-06
2.97935e-05
-1.00594e-05
2.72836e-05
-9.65855e-06
2.35154e-05
-8.89601e-06
1.92159e-05
-8.09314e-06
1.4728e-05
-7.49661e-06
1.01711e-05
-7.27932e-06
5.53758e-06
-7.54211e-06
7.48575e-07
-8.30557e-06
-4.31273e-06
-9.48729e-06
-9.77076e-06
-1.0863e-05
-1.57083e-05
-1.20221e-05
-2.20684e-05
-1.23535e-05
-2.84631e-05
-1.1145e-05
-3.38477e-05
-7.93522e-06
-3.60735e-05
-3.29051e-06
-3.14975e-05
-1.53436e-05
-3.10322e-06
1.4792e-05
-6.57548e-06
2.81807e-05
-8.17651e-06
3.12957e-05
-7.87979e-06
2.94968e-05
-6.30102e-06
2.57048e-05
-4.09272e-06
2.13071e-05
-1.78111e-06
1.69043e-05
2.53265e-07
1.26937e-05
1.74773e-06
8.67665e-06
2.52354e-06
4.76177e-06
2.46385e-06
8.08267e-07
1.50974e-06
-3.35862e-06
-3.20135e-07
-7.94089e-06
-2.87846e-06
-1.315e-05
-5.80246e-06
-1.91444e-05
-8.409e-06
-2.58566e-05
-9.6543e-06
-3.26024e-05
-8.36302e-06
-3.73648e-05
-4.18166e-06
-3.56788e-05
-1.95253e-05
-4.28426e-06
1.90762e-05
-7.0471e-06
3.09436e-05
-6.2939e-06
3.05425e-05
-3.17265e-06
2.63755e-05
1.02586e-06
2.15063e-05
5.39811e-06
1.69349e-05
9.38026e-06
1.29221e-05
1.26413e-05
9.43265e-06
1.49874e-05
6.33052e-06
1.62946e-05
3.45463e-06
1.64679e-05
6.34923e-07
1.54253e-05
-2.31602e-06
1.31049e-05
-5.62043e-06
9.50946e-06
-9.5546e-06
4.81228e-06
-1.44472e-05
-4.52333e-07
-2.0592e-05
-5.13301e-06
-2.79217e-05
-7.31074e-06
-3.5187e-05
-4.99857e-06
-3.7991e-05
-2.45238e-05
-5.22228e-06
2.42985e-05
-4.87133e-06
3.05926e-05
4.03139e-07
2.5268e-05
7.48314e-06
1.92955e-05
1.45946e-05
1.43948e-05
2.09357e-05
1.05938e-05
2.61795e-05
7.67829e-06
3.02202e-05
5.39197e-06
3.30375e-05
3.51316e-06
3.46246e-05
1.86758e-06
3.49493e-05
3.10195e-07
3.39352e-05
-1.30191e-06
3.14512e-05
-3.13641e-06
2.73255e-05
-5.42891e-06
2.14116e-05
-8.53333e-06
1.37797e-05
-1.296e-05
5.14491e-06
-1.9287e-05
-2.37973e-06
-2.76624e-05
-4.75461e-06
-3.56161e-05
-2.92784e-05
-2.15964e-06
2.64582e-05
6.86707e-06
2.15659e-05
1.87812e-05
1.33539e-05
2.95276e-05
8.54914e-06
3.82762e-05
5.64619e-06
4.50907e-05
3.77936e-06
5.02263e-05
2.54266e-06
5.39352e-05
1.68311e-06
5.64086e-05
1.03974e-06
5.77638e-05
5.12351e-07
5.80395e-05
3.44656e-08
5.7193e-05
-4.55341e-07
5.50764e-05
-1.01985e-06
5.14113e-05
-1.76378e-06
4.57518e-05
-2.87391e-06
3.75038e-05
-4.71203e-06
2.6188e-05
-7.97117e-06
1.24033e-05
-1.38776e-05
4.50734e-07
-2.36636e-05
-2.88277e-05
2.64582e-05
4.80241e-05
6.1378e-05
6.99271e-05
7.55733e-05
7.93527e-05
8.18953e-05
8.35784e-05
8.46182e-05
8.51305e-05
8.5165e-05
8.47097e-05
8.36898e-05
8.1926e-05
7.90521e-05
7.43401e-05
6.63689e-05
5.24913e-05
2.88277e-05
)
;

boundaryField
{
    movingWall
    {
        type            calculated;
        value           uniform 0;
    }
    fixedWalls
    {
        type            calculated;
        value           uniform 0;
    }
    frontAndBack
    {
        type            empty;
        value           nonuniform List<scalar> 0();
    }
}


// ************************************************************************* //
