/*--------------------------------*- C++ -*----------------------------------*\
  =========                 |
  \\      /  F ield         | OpenFOAM: The Open Source CFD Toolbox
   \\    /   O peration     | Website:  https://openfoam.org
    \\  /    A nd           | Version:  8
     \\/     M anipulation  |
\*---------------------------------------------------------------------------*/
FoamFile
{
    version     2.0;
    format      ascii;
    class       volVectorField;
    location    "0.2";
    object      U;
}
// * * * * * * * * * * * * * * * * * * * * * * * * * * * * * * * * * * * * * //

dimensions      [0 1 -1 0 0 0 0];

internalField   nonuniform List<vector> 
400
(
(0.000495664 -0.000491006 0)
(0.000241114 0.000238034 0)
(-0.00241668 0.0011317 0)
(-0.0070054 0.00175394 0)
(-0.0127389 0.00206365 0)
(-0.0188499 0.00209713 0)
(-0.0246624 0.00190343 0)
(-0.029615 0.00152968 0)
(-0.0332625 0.00101795 0)
(-0.0352761 0.000408897 0)
(-0.0354501 -0.000252775 0)
(-0.0337209 -0.000913786 0)
(-0.0301893 -0.00151032 0)
(-0.0251435 -0.00196952 0)
(-0.0190694 -0.00221492 0)
(-0.0126415 -0.00217636 0)
(-0.00667786 -0.00180556 0)
(-0.00205148 -0.00109765 0)
(0.00046215 -0.000152624 0)
(0.000552906 0.000539662 0)
(-0.000182317 -0.000293039 0)
(-0.00331308 0.00335042 0)
(-0.0115127 0.00724049 0)
(-0.0235236 0.0100003 0)
(-0.0377586 0.01137 0)
(-0.0526419 0.0114102 0)
(-0.0666824 0.0102906 0)
(-0.078582 0.00821768 0)
(-0.0872926 0.00540784 0)
(-0.0920431 0.00209007 0)
(-0.0923693 -0.00148039 0)
(-0.0881534 -0.00501013 0)
(-0.0796662 -0.00816559 0)
(-0.0676004 -0.0105861 0)
(-0.0530755 -0.0119155 0)
(-0.0375922 -0.0118543 0)
(-0.0229028 -0.0102361 0)
(-0.0107869 -0.00712417 0)
(-0.00283664 -0.00300342 0)
(-4.25725e-05 0.0005276 0)
(-0.00109957 0.00229545 0)
(-0.00755255 0.0116054 0)
(-0.0213475 0.0204531 0)
(-0.0400846 0.0266548 0)
(-0.0614739 0.0296329 0)
(-0.0834134 0.0294356 0)
(-0.103892 0.0263973 0)
(-0.121136 0.0209848 0)
(-0.133705 0.0137293 0)
(-0.14054 0.00521605 0)
(-0.141008 -0.003899 0)
(-0.134953 -0.0128738 0)
(-0.122752 -0.0208846 0)
(-0.105346 -0.0270625 0)
(-0.0842515 -0.0305737 0)
(-0.0614906 -0.0307452 0)
(-0.0394181 -0.0272394 0)
(-0.0204357 -0.0202605 0)
(-0.00689668 -0.0108558 0)
(-0.00089172 -0.00172055 0)
(-0.0019132 0.00716464 0)
(-0.0115395 0.0246574 0)
(-0.0307726 0.0398223 0)
(-0.0558699 0.0500958 0)
(-0.0837754 0.05474 0)
(-0.111932 0.0538687 0)
(-0.137948 0.0480429 0)
(-0.159728 0.0380579 0)
(-0.175577 0.0248385 0)
(-0.184247 0.00941705 0)
(-0.184981 -0.00704921 0)
(-0.177572 -0.0232601 0)
(-0.162426 -0.0377834 0)
(-0.140609 -0.0491183 0)
(-0.11387 -0.0558282 0)
(-0.0845916 -0.0567512 0)
(-0.0556108 -0.0512815 0)
(-0.0299275 -0.0396855 0)
(-0.010788 -0.023471 0)
(-0.0016455 -0.00613848 0)
(-0.00262378 0.0140687 0)
(-0.0152187 0.0421826 0)
(-0.0396786 0.0649018 0)
(-0.0708715 0.0796717 0)
(-0.104925 0.0858497 0)
(-0.138841 0.083776 0)
(-0.169913 0.0743416 0)
(-0.195823 0.0587399 0)
(-0.214709 0.0383426 0)
(-0.225197 0.0146729 0)
(-0.226427 -0.0105689 0)
(-0.218113 -0.0354773 0)
(-0.200609 -0.0579501 0)
(-0.174994 -0.07577 0)
(-0.143126 -0.0867834 0)
(-0.10765 -0.0891938 0)
(-0.0718507 -0.0819555 0)
(-0.0393852 -0.0652068 0)
(-0.0145494 -0.0407088 0)
(-0.00232105 -0.0125404 0)
(-0.00327721 0.0228421 0)
(-0.0187017 0.0639929 0)
(-0.0482153 0.0955287 0)
(-0.0852951 0.115199 0)
(-0.125229 0.12273 0)
(-0.164585 0.118896 0)
(-0.200397 0.105057 0)
(-0.230194 0.0828887 0)
(-0.252024 0.0542507 0)
(-0.264435 0.0211714 0)
(-0.266477 -0.0141048 0)
(-0.257745 -0.0490633 0)
(-0.238464 -0.080906 0)
(-0.209608 -0.10663 0)
(-0.173022 -0.123234 0)
(-0.131519 -0.12809 0)
(-0.0888041 -0.119457 0)
(-0.0492709 -0.0970688 0)
(-0.0184368 -0.0626952 0)
(-0.00299557 -0.0208793 0)
(-0.00391599 0.0334055 0)
(-0.0221161 0.0899654 0)
(-0.0565718 0.131555 0)
(-0.099346 0.156482 0)
(-0.144873 0.165133 0)
(-0.189316 0.158961 0)
(-0.229512 0.139961 0)
(-0.262924 0.110386 0)
(-0.287593 0.072613 0)
(-0.302049 0.0291612 0)
(-0.305269 -0.0172234 0)
(-0.296699 -0.0634599 0)
(-0.276349 -0.10607 0)
(-0.244954 -0.141218 0)
(-0.204193 -0.16492 0)
(-0.156908 -0.173464 0)
(-0.10716 -0.164074 0)
(-0.0601269 -0.135694 0)
(-0.0227518 -0.0897875 0)
(-0.00375227 -0.0312826 0)
(-0.0045763 0.0457547 0)
(-0.0255777 0.120052 0)
(-0.0649121 0.172838 0)
(-0.113145 0.203255 0)
(-0.163843 0.212685 0)
(-0.212817 0.203545 0)
(-0.256813 0.178668 0)
(-0.29335 0.140981 0)
(-0.320575 0.0933993 0)
(-0.337093 0.0388799 0)
(-0.341852 -0.0194181 0)
(-0.334135 -0.0779491 0)
(-0.31365 -0.132628 0)
(-0.280739 -0.178788 0)
(-0.236703 -0.211333 0)
(-0.184195 -0.225188 0)
(-0.127469 -0.216089 0)
(-0.072471 -0.181659 0)
(-0.0278016 -0.122595 0)
(-0.0046758 -0.0440549 0)
(-0.00529458 0.0599502 0)
(-0.0292013 0.154274 0)
(-0.0733746 0.21922 0)
(-0.12671 0.255115 0)
(-0.181881 0.26477 0)
(-0.23445 0.251922 0)
(-0.281231 0.220474 0)
(-0.319977 0.174139 0)
(-0.349118 0.116364 0)
(-0.367466 0.0504593 0)
(-0.374029 -0.02015 0)
(-0.367944 -0.0916268 0)
(-0.348546 -0.159436 0)
(-0.315611 -0.218158 0)
(-0.269792 -0.261515 0)
(-0.213211 -0.282769 0)
(-0.150004 -0.27562 0)
(-0.0867371 -0.235618 0)
(-0.0338944 -0.161961 0)
(-0.00585855 -0.0596765 0)
(-0.00612399 0.0761261 0)
(-0.0331436 0.192717 0)
(-0.0821178 0.270465 0)
(-0.139973 0.311403 0)
(-0.198472 0.320358 0)
(-0.253096 0.302854 0)
(-0.30098 0.264141 0)
(-0.340373 0.208828 0)
(-0.37022 0.140866 0)
(-0.389741 0.063789 0)
(-0.398144 -0.0189246 0)
(-0.394486 -0.103403 0)
(-0.377699 -0.184925 0)
(-0.346828 -0.257523 0)
(-0.301546 -0.31378 0)
(-0.242974 -0.345047 0)
(-0.174598 -0.342344 0)
(-0.103225 -0.298123 0)
(-0.0413565 -0.208905 0)
(-0.00741649 -0.0788126 0)
(-0.00716408 0.0945355 0)
(-0.0376773 0.235554 0)
(-0.0913958 0.326195 0)
(-0.152813 0.371033 0)
(-0.212798 0.377779 0)
(-0.267061 0.354344 0)
(-0.313431 0.307649 0)
(-0.351011 0.243293 0)
(-0.379569 0.165668 0)
(-0.398984 0.0783445 0)
(-0.408863 -0.0154166 0)
(-0.408318 -0.112056 0)
(-0.395914 -0.207057 0)
(-0.369844 -0.29428 0)
(-0.328469 -0.365405 0)
(-0.271312 -0.409778 0)
(-0.2004 -0.415086 0)
(-0.122021 -0.369338 0)
(-0.0505629 -0.264537 0)
(-0.00951703 -0.102346 0)
(-0.00861367 0.115662 0)
(-0.0433057 0.283101 0)
(-0.10164 0.385775 0)
(-0.165024 0.432257 0)
(-0.223602 0.434421 0)
(-0.273856 0.403336 0)
(-0.314863 0.347926 0)
(-0.347042 0.274822 0)
(-0.371343 0.188726 0)
(-0.388582 0.0930008 0)
(-0.398999 -0.00963657 0)
(-0.40196 -0.116357 0)
(-0.395802 -0.223363 0)
(-0.377869 -0.324917 0)
(-0.344951 -0.412322 0)
(-0.294327 -0.473141 0)
(-0.225476 -0.491241 0)
(-0.142842 -0.448584 0)
(-0.0619756 -0.329902 0)
(-0.0124275 -0.131457 0)
(-0.0108646 0.14044 0)
(-0.0509221 0.335888 0)
(-0.113478 0.448098 0)
(-0.1761 0.492268 0)
(-0.228777 0.486315 0)
(-0.269707 0.445366 0)
(-0.3 0.380594 0)
(-0.321928 0.299568 0)
(-0.337964 0.207046 0)
(-0.350104 0.105881 0)
(-0.35943 -0.00210981 0)
(-0.3658 -0.115269 0)
(-0.367576 -0.231101 0)
(-0.36146 -0.345037 0)
(-0.342647 -0.448892 0)
(-0.305657 -0.529182 0)
(-0.246144 -0.56597 0)
(-0.164689 -0.533593 0)
(-0.0761645 -0.405684 0)
(-0.0165955 -0.167773 0)
(-0.0146583 0.170651 0)
(-0.0619818 0.394646 0)
(-0.127497 0.511062 0)
(-0.184521 0.54651 0)
(-0.224367 0.527551 0)
(-0.248522 0.474201 0)
(-0.261129 0.399824 0)
(-0.266812 0.312533 0)
(-0.269761 0.216715 0)
(-0.273217 0.11434 0)
(-0.279191 0.00599413 0)
(-0.288228 -0.108204 0)
(-0.299078 -0.227603 0)
(-0.308277 -0.349657 0)
(-0.309835 -0.467928 0)
(-0.295452 -0.569356 0)
(-0.25585 -0.631204 0)
(-0.185081 -0.619323 0)
(-0.0937005 -0.491574 0)
(-0.022756 -0.213593 0)
(-0.0212786 0.209511 0)
(-0.0784643 0.459915 0)
(-0.143201 0.570429 0)
(-0.185846 0.587561 0)
(-0.202377 0.549592 0)
(-0.199896 0.481649 0)
(-0.186566 0.398512 0)
(-0.169537 0.307952 0)
(-0.154514 0.213306 0)
(-0.145685 0.115244 0)
(-0.1458 0.0129079 0)
(-0.156138 -0.0952871 0)
(-0.176222 -0.210837 0)
(-0.203185 -0.333928 0)
(-0.230878 -0.461286 0)
(-0.249047 -0.582512 0)
(-0.243259 -0.674655 0)
(-0.198353 -0.696165 0)
(-0.114501 -0.584885 0)
(-0.0319379 -0.272078 0)
(-0.0324613 0.262595 0)
(-0.101671 0.530545 0)
(-0.15563 0.617393 0)
(-0.168193 0.603415 0)
(-0.146449 0.540712 0)
(-0.105698 0.45792 0)
(-0.0583445 0.369189 0)
(-0.0133557 0.280386 0)
(0.0229968 0.192897 0)
(0.0464271 0.105744 0)
(0.0540463 0.0166366 0)
(0.0440702 -0.0775072 0)
(0.0159471 -0.180155 0)
(-0.0289708 -0.294425 0)
(-0.0860679 -0.421329 0)
(-0.145372 -0.555828 0)
(-0.189112 -0.679242 0)
(-0.191899 -0.747492 0)
(-0.135416 -0.677924 0)
(-0.0447873 -0.347488 0)
(-0.0486859 0.339812 0)
(-0.12697 0.599268 0)
(-0.146026 0.633084 0)
(-0.102559 0.574543 0)
(-0.0243517 0.485707 0)
(0.064781 0.392945 0)
(0.150391 0.305966 0)
(0.224051 0.226702 0)
(0.280884 0.153792 0)
(0.31795 0.0845717 0)
(0.333194 0.0157319 0)
(0.32488 -0.0566083 0)
(0.291471 -0.137029 0)
(0.232067 -0.230842 0)
(0.147771 -0.343377 0)
(0.0446285 -0.477036 0)
(-0.0614049 -0.623302 0)
(-0.138826 -0.746261 0)
(-0.143673 -0.752958 0)
(-0.0584624 -0.445957 0)
(-0.0601212 0.452566 0)
(-0.126188 0.639449 0)
(-0.0593511 0.579847 0)
(0.0751482 0.472654 0)
(0.222667 0.369089 0)
(0.359562 0.280945 0)
(0.476385 0.208833 0)
(0.569571 0.149516 0)
(0.638256 0.0990439 0)
(0.682409 0.0537611 0)
(0.701779 0.0102744 0)
(0.695356 -0.0349388 0)
(0.661069 -0.0860781 0)
(0.595747 -0.148742 0)
(0.495742 -0.230567 0)
(0.359257 -0.340758 0)
(0.19143 -0.485438 0)
(0.0153775 -0.65277 0)
(-0.101291 -0.768995 0)
(-0.0552414 -0.565599 0)
(0.00667006 0.546622 0)
(0.0203355 0.572108 0)
(0.246075 0.41353 0)
(0.488673 0.287602 0)
(0.686621 0.200266 0)
(0.841359 0.139543 0)
(0.959857 0.0968171 0)
(1.04751 0.065688 0)
(1.10874 0.0416087 0)
(1.1467 0.0214629 0)
(1.16301 0.00295034 0)
(1.15767 -0.0159762 0)
(1.12886 -0.0377499 0)
(1.07244 -0.0659453 0)
(0.98129 -0.106599 0)
(0.845029 -0.17013 0)
(0.649285 -0.273017 0)
(0.381997 -0.434479 0)
(0.105421 -0.637562 0)
(0.048065 -0.618441 0)
(0.590596 0.288689 0)
(0.773946 0.253569 0)
(1.08785 0.154344 0)
(1.32164 0.0912136 0)
(1.46407 0.0549806 0)
(1.5552 0.0336874 0)
(1.61656 0.0208697 0)
(1.65783 0.0128129 0)
(1.68446 0.00734151 0)
(1.69966 0.00320656 0)
(1.70503 -0.000352935 0)
(1.70095 -0.00388983 0)
(1.68661 -0.00805025 0)
(1.65959 -0.0138312 0)
(1.61479 -0.0231972 0)
(1.54214 -0.0403129 0)
(1.41855 -0.073928 0)
(1.19239 -0.140721 0)
(0.851347 -0.254697 0)
(0.627325 -0.301892 0)
)
;

boundaryField
{
    movingWall
    {
        type            fixedValue;
        value           uniform (2 0 0);
    }
    fixedWalls
    {
        type            noSlip;
    }
    frontAndBack
    {
        type            empty;
    }
}


// ************************************************************************* //
