/*--------------------------------*- C++ -*----------------------------------*\
  =========                 |
  \\      /  F ield         | OpenFOAM: The Open Source CFD Toolbox
   \\    /   O peration     | Website:  https://openfoam.org
    \\  /    A nd           | Version:  8
     \\/     M anipulation  |
\*---------------------------------------------------------------------------*/
FoamFile
{
    version     2.0;
    format      ascii;
    class       volScalarField;
    location    "0.2";
    object      p;
}
// * * * * * * * * * * * * * * * * * * * * * * * * * * * * * * * * * * * * * //

dimensions      [0 2 -2 0 0 0 0];

internalField   nonuniform List<scalar> 
400
(
5.65748e-06
-0.00931445
-0.0206373
-0.0292357
-0.0324019
-0.028948
-0.018778
-0.00255377
0.0185309
0.0428862
0.0686239
0.0936597
0.115852
0.133195
0.144074
0.147572
0.143826
0.134378
0.122473
0.113189
0.00925774
-0.000348988
-0.0092036
-0.0150803
-0.016724
-0.0133137
-0.00472825
0.00857122
0.0256957
0.0454205
0.0662615
0.0865663
0.104638
0.118903
0.128116
0.131594
0.129477
0.122869
0.113511
0.104014
0.0212516
0.00796653
-0.00157429
-0.00693659
-0.00824962
-0.00510678
0.00249753
0.0141364
0.029067
0.0462757
0.0645177
0.0823825
0.0983958
0.111163
0.11954
0.122835
0.121037
0.114831
0.104644
0.0914387
0.0318831
0.0136066
0.00181345
-0.00426267
-0.00590988
-0.00309262
0.00403199
0.0149851
0.0290705
0.0453782
0.062783
0.0799784
0.0955533
0.108114
0.116437
0.119662
0.117542
0.110398
0.0976218
0.0792005
0.038365
0.0149135
0.000457668
-0.00668121
-0.00878693
-0.00614111
0.000940822
0.0119056
0.0260653
0.0425642
0.0603369
0.0781089
0.0944459
0.107855
0.116928
0.120532
0.11813
0.109699
0.0937542
0.0696401
0.0386174
0.0100343
-0.00714973
-0.0153657
-0.0177896
-0.014981
-0.00740178
0.00431515
0.0194726
0.037242
0.056582
0.0762032
0.0945866
0.110062
0.120937
0.125715
0.123483
0.113854
0.0945116
0.0643402
0.0308511
-0.00282357
-0.0226396
-0.0317219
-0.0341127
-0.0306398
-0.0219072
-0.00862679
0.00849298
0.0286452
0.0508018
0.0736375
0.0955108
0.114511
0.128574
0.135715
0.134533
0.124171
0.101396
0.0646714
0.0132688
-0.0255147
-0.0477396
-0.057261
-0.0590511
-0.0542365
-0.0435747
-0.0278526
-0.00777658
0.0158881
0.0421467
0.0696516
0.0966332
0.120902
0.139933
0.151118
0.152385
0.142214
0.116192
0.0722447
-0.0161484
-0.0601355
-0.084406
-0.0936828
-0.0940411
-0.0869901
-0.0734716
-0.0543447
-0.0302834
-0.00196364
0.0297106
0.0634241
0.0973175
0.128921
0.155177
0.172695
0.178488
0.170048
0.141292
0.0893148
-0.0598252
-0.109191
-0.134911
-0.14287
-0.140577
-0.130079
-0.11256
-0.0889455
-0.0598289
-0.0257158
0.0126804
0.0541854
0.0969474
0.138273
0.174548
0.20144
0.214737
0.21046
0.180057
0.119212
-0.120847
-0.175825
-0.201942
-0.206835
-0.200043
-0.184396
-0.161402
-0.132043
-0.0967523
-0.055746
-0.00939621
0.041435
0.0950815
0.148777
0.198414
0.23861
0.263589
0.267228
0.237278
0.166925
-0.203451
-0.2642
-0.288729
-0.287618
-0.273441
-0.250176
-0.219742
-0.18313
-0.140491
-0.0915794
-0.0362194
0.025282
0.0917207
0.160541
0.227362
0.285788
0.328185
0.345461
0.319836
0.240021
-0.314055
-0.380168
-0.39921
-0.387062
-0.360962
-0.326476
-0.285954
-0.240262
-0.189057
-0.131392
-0.066274
0.00685798
0.0876453
0.174194
0.262317
0.344927
0.412458
0.451981
0.437677
0.350268
-0.463547
-0.532425
-0.538108
-0.506324
-0.461281
-0.410443
-0.356378
-0.29948
-0.238548
-0.17159
-0.0964638
-0.011368
0.0846596
0.191021
0.304514
0.41818
0.520997
0.59565
0.605298
0.516768
-0.672228
-0.734331
-0.710551
-0.64471
-0.570326
-0.496299
-0.424598
-0.354372
-0.282928
-0.206748
-0.122153
-0.0256973
0.0854086
0.212642
0.354962
0.507101
0.658157
0.787095
0.843707
0.77189
-0.978995
-1.00599
-0.920712
-0.797748
-0.679699
-0.57437
-0.481078
-0.396195
-0.314505
-0.230313
-0.137992
-0.032104
0.0924436
0.240026
0.41327
0.61114
0.826248
1.03712
1.18161
1.1701
-1.45849
-1.37516
-1.1694
-0.955944
-0.776423
-0.631652
-0.514435
-0.415627
-0.325915
-0.236686
-0.14001
-0.0282454
0.106316
0.271702
0.475989
0.725985
1.02334
1.35337
1.65474
1.80227
-2.28479
-1.8754
-1.43903
-1.09444
-0.837623
-0.649968
-0.511797
-0.404389
-0.312481
-0.224014
-0.128795
-0.0171776
0.121034
0.297917
0.528763
0.832711
1.2283
1.72341
2.30825
2.86429
-3.93102
-2.52012
-1.61693
-1.11236
-0.793037
-0.584344
-0.446441
-0.348374
-0.268856
-0.193474
-0.111147
-0.0116721
0.116102
0.286835
0.522454
0.857055
1.33738
2.03801
3.16933
4.84534
-6.81425
-3.14872
-1.48031
-0.861078
-0.560131
-0.393115
-0.299399
-0.241103
-0.195782
-0.150413
-0.0959524
-0.0245049
0.0730365
0.209336
0.406296
0.705694
1.18732
2.05512
4.01646
7.97791
)
;

boundaryField
{
    movingWall
    {
        type            zeroGradient;
    }
    fixedWalls
    {
        type            zeroGradient;
    }
    frontAndBack
    {
        type            empty;
    }
}


// ************************************************************************* //
