/*--------------------------------*- C++ -*----------------------------------*\
  =========                 |
  \\      /  F ield         | OpenFOAM: The Open Source CFD Toolbox
   \\    /   O peration     | Website:  https://openfoam.org
    \\  /    A nd           | Version:  8
     \\/     M anipulation  |
\*---------------------------------------------------------------------------*/
FoamFile
{
    version     2.0;
    format      ascii;
    class       surfaceScalarField;
    location    "0.2";
    object      phi;
}
// * * * * * * * * * * * * * * * * * * * * * * * * * * * * * * * * * * * * * //

dimensions      [0 3 -1 0 0 0 0];

internalField   nonuniform List<scalar> 
760
(
2.22119e-08
-2.2255e-08
-3.69229e-08
5.91332e-08
-1.84278e-07
1.47355e-07
-3.93217e-07
2.08939e-07
-6.32469e-07
2.39252e-07
-8.7283e-07
2.40361e-07
-1.08925e-06
2.16418e-07
-1.26147e-06
1.72221e-07
-1.37411e-06
1.12645e-07
-1.41681e-06
4.26953e-08
-1.38459e-06
-3.22127e-08
-1.2786e-06
-1.05995e-07
-1.10678e-06
-1.71817e-07
-8.84494e-07
-2.22287e-07
-6.34509e-07
-2.49985e-07
-3.8609e-07
-2.48419e-07
-1.72599e-07
-2.1349e-07
-2.71851e-08
-1.45414e-07
2.59251e-08
-5.31103e-08
2.59249e-08
-5.60343e-08
3.37811e-08
-2.91355e-07
2.94451e-07
-6.97073e-07
5.53072e-07
-1.22379e-06
7.35654e-07
-1.80906e-06
8.2452e-07
-2.3901e-06
8.21403e-07
-2.91029e-06
7.36608e-07
-3.32239e-06
5.84325e-07
-3.59017e-06
3.80429e-07
-3.68951e-06
1.4204e-07
-3.6096e-06
-1.12125e-07
-3.35425e-06
-3.61343e-07
-2.94315e-06
-5.82924e-07
-2.41237e-06
-7.53062e-07
-1.8136e-06
-8.48752e-07
-1.21101e-06
-8.51009e-07
-6.74952e-07
-7.49553e-07
-2.71626e-07
-5.48741e-07
-4.72906e-08
-2.77447e-07
-2.13658e-08
-1.49477e-07
1.83255e-07
-5.74915e-07
7.1989e-07
-1.22655e-06
1.20471e-06
-2.02985e-06
1.53895e-06
-2.89945e-06
1.69412e-06
-3.75054e-06
1.67249e-06
-4.5062e-06
1.49227e-06
-5.10178e-06
1.1799e-06
-5.48749e-06
7.66148e-07
-5.63028e-06
2.84823e-07
-5.51545e-06
-2.26949e-07
-5.14846e-06
-7.28333e-07
-4.5563e-06
-1.17509e-06
-3.78803e-06
-1.52133e-06
-2.91355e-06
-1.72324e-06
-2.01937e-06
-1.74519e-06
-1.20068e-06
-1.56824e-06
-5.49153e-07
-1.20027e-06
-1.36925e-07
-6.89676e-07
-1.5829e-07
-2.34729e-07
4.17984e-07
-8.44732e-07
1.32989e-06
-1.73291e-06
2.09288e-06
-2.7935e-06
2.59954e-06
-3.91837e-06
2.819e-06
-5.00484e-06
2.75896e-06
-5.96155e-06
2.44898e-06
-6.71234e-06
1.93069e-06
-7.19867e-06
1.25248e-06
-7.38147e-06
4.67625e-07
-7.24294e-06
-3.65474e-07
-6.78849e-06
-1.18278e-06
-6.04852e-06
-1.91506e-06
-5.07947e-06
-2.49038e-06
-3.96301e-06
-2.83969e-06
-2.80236e-06
-2.90584e-06
-1.71448e-06
-2.65612e-06
-8.1819e-07
-2.09656e-06
-2.196e-07
-1.28827e-06
-3.7789e-07
-3.12225e-07
7.3021e-07
-1.09862e-06
2.11629e-06
-2.21504e-06
3.20931e-06
-3.52144e-06
3.90594e-06
-4.88581e-06
4.18337e-06
-6.18911e-06
4.06226e-06
-7.32878e-06
3.58865e-06
-8.22086e-06
2.82277e-06
-8.80121e-06
1.83283e-06
-9.02659e-06
6.93011e-07
-8.87611e-06
-5.15957e-07
-8.35322e-06
-1.70567e-06
-7.4882e-06
-2.78008e-06
-6.34033e-06
-3.63826e-06
-4.99879e-06
-4.18123e-06
-3.58072e-06
-4.32391e-06
-2.22511e-06
-4.01173e-06
-1.08183e-06
-3.23983e-06
-2.97219e-07
-2.07288e-06
-6.75109e-07
-3.85544e-07
1.11575e-06
-1.34286e-06
3.07361e-06
-2.6816e-06
4.54804e-06
-4.22582e-06
5.45016e-06
-5.81893e-06
5.77649e-06
-7.32659e-06
5.56991e-06
-8.63748e-06
4.89954e-06
-9.66285e-06
3.84814e-06
-1.03355e-05
2.50553e-06
-1.06096e-05
9.67054e-07
-1.04607e-05
-6.64823e-07
-9.88843e-06
-2.27797e-06
-8.91923e-06
-3.74928e-06
-7.61082e-06
-4.94666e-06
-6.05575e-06
-5.73631e-06
-4.38277e-06
-5.99689e-06
-2.75366e-06
-5.64084e-06
-1.35371e-06
-4.63978e-06
-3.7584e-07
-3.05075e-06
-1.05095e-06
-4.58215e-07
1.57397e-06
-1.5849e-06
4.20029e-06
-3.14211e-06
6.10525e-06
-4.91645e-06
7.2245e-06
-6.72661e-06
7.58664e-06
-8.42462e-06
7.26793e-06
-9.89346e-06
6.36837e-06
-1.1043e-05
4.9977e-06
-1.18062e-05
3.26868e-06
-1.21359e-05
1.29682e-06
-1.20047e-05
-7.96068e-07
-1.14058e-05
-2.87682e-06
-1.03582e-05
-4.79696e-06
-8.91242e-06
-6.39241e-06
-7.15905e-06
-7.48967e-06
-5.23458e-06
-7.92135e-06
-3.32318e-06
-7.55224e-06
-1.64978e-06
-6.31318e-06
-4.6203e-07
-4.2385e-06
-1.51298e-06
-5.33346e-07
2.10731e-06
-1.83145e-06
5.49839e-06
-3.60391e-06
7.87772e-06
-5.59727e-06
9.21786e-06
-7.60598e-06
9.59536e-06
-9.4716e-06
9.13355e-06
-1.1076e-05
7.97275e-06
-1.23327e-05
6.25437e-06
-1.31788e-05
4.11482e-06
-1.35693e-05
1.68729e-06
-1.34737e-05
-8.91581e-07
-1.28777e-05
-3.47283e-06
-1.17877e-05
-5.88699e-06
-1.02406e-05
-7.93948e-06
-8.31682e-06
-9.41349e-06
-6.15342e-06
-1.00848e-05
-3.95373e-06
-9.75194e-06
-1.98559e-06
-8.28132e-06
-5.62283e-07
-5.66181e-06
-2.07526e-06
-6.13956e-07
2.72127e-06
-2.08861e-06
6.97305e-06
-4.07142e-06
9.86053e-06
-6.26464e-06
1.14111e-05
-8.44e-06
1.17707e-05
-1.04339e-05
1.11274e-05
-1.21342e-05
9.67308e-06
-1.34655e-05
7.58566e-06
-1.43755e-05
5.02487e-06
-1.48255e-05
2.13726e-06
-1.47844e-05
-9.32668e-07
-1.42287e-05
-4.02858e-06
-1.31476e-05
-6.96806e-06
-1.15558e-05
-9.5313e-06
-9.51184e-06
-1.14574e-05
-7.1415e-06
-1.24551e-05
-4.65881e-06
-1.22346e-05
-2.37521e-06
-1.05649e-05
-6.83149e-07
-7.35387e-06
-2.75841e-06
-7.0403e-07
3.4253e-06
-2.36351e-06
8.63253e-06
-4.54715e-06
1.20442e-05
-6.90683e-06
1.37708e-05
-9.19504e-06
1.40589e-05
-1.12519e-05
1.31843e-05
-1.29822e-05
1.14034e-05
-1.43319e-05
8.9353e-06
-1.52681e-05
5.96109e-06
-1.5765e-05
2.63415e-06
-1.57946e-05
-9.03068e-07
-1.53244e-05
-4.49877e-06
-1.43223e-05
-7.97019e-06
-1.27705e-05
-1.10831e-05
-1.06907e-05
-1.35372e-05
-8.17843e-06
-1.49673e-05
-5.44198e-06
-1.49711e-05
-2.83098e-06
-1.31759e-05
-8.31951e-07
-9.3529e-06
-3.59036e-06
-8.10401e-07
4.2357e-06
-2.66717e-06
1.04893e-05
-5.03313e-06
1.44101e-05
-7.50269e-06
1.62403e-05
-9.81687e-06
1.63731e-05
-1.18342e-05
1.52016e-05
-1.34918e-05
1.3061e-05
-1.47709e-05
1.02144e-05
-1.56695e-05
6.8597e-06
-1.61831e-05
3.14777e-06
-1.62926e-05
-7.93539e-07
-1.5959e-05
-4.8324e-06
-1.5126e-05
-8.80325e-06
-1.37339e-05
-1.24751e-05
-1.1749e-05
-1.55222e-05
-9.21015e-06
-1.75062e-05
-6.29143e-06
-1.78898e-05
-3.36327e-06
-1.61041e-05
-1.01809e-06
-1.16981e-05
-4.60845e-06
-9.45885e-07
5.18158e-06
-3.01814e-06
1.25616e-05
-5.53118e-06
1.69232e-05
-8.01685e-06
1.8726e-05
-1.02217e-05
1.8578e-05
-1.20461e-05
1.70259e-05
-1.34811e-05
1.44961e-05
-1.45604e-05
1.12937e-05
-1.53252e-05
7.62447e-06
-1.5802e-05
3.62457e-06
-1.5988e-05
-6.07571e-07
-1.58426e-05
-4.97779e-06
-1.52865e-05
-9.35931e-06
-1.42118e-05
-1.35499e-05
-1.25105e-05
-1.72234e-05
-1.01317e-05
-1.9885e-05
-7.17039e-06
-2.08511e-05
-3.97911e-06
-1.92954e-05
-1.25521e-06
-1.4422e-05
-5.86367e-06
-1.13436e-06
6.31595e-06
-3.44583e-06
1.4873e-05
-6.0375e-06
1.95148e-05
-8.38529e-06
2.10738e-05
-1.02765e-05
2.04692e-05
-1.16895e-05
1.84389e-05
-1.26973e-05
1.55039e-05
-1.34036e-05
1.2e-05
-1.39041e-05
8.12503e-06
-1.42644e-05
3.98482e-06
-1.45051e-05
-3.66844e-07
-1.45923e-05
-4.89058e-06
-1.44305e-05
-9.52107e-06
-1.38646e-05
-1.41158e-05
-1.27e-05
-1.8388e-05
-1.07599e-05
-2.18251e-05
-7.99847e-06
-2.36125e-05
-4.67737e-06
-2.26164e-05
-1.56454e-06
-1.75348e-05
-7.42821e-06
-1.41841e-06
7.73436e-06
-3.98854e-06
1.74431e-05
-6.52141e-06
2.20477e-05
-8.47882e-06
2.30312e-05
-9.75656e-06
2.17469e-05
-1.0464e-05
1.91464e-05
-1.07862e-05
1.58261e-05
-1.09104e-05
1.21241e-05
-1.09906e-05
8.20531e-06
-1.11331e-05
4.12723e-06
-1.13863e-05
-1.1357e-07
-1.17325e-05
-4.54436e-06
-1.20746e-05
-9.17897e-06
-1.22249e-05
-1.39656e-05
-1.19057e-05
-1.87072e-05
-1.0789e-05
-2.29418e-05
-8.6148e-06
-2.57867e-05
-5.43366e-06
-2.57976e-05
-1.97859e-06
-2.09899e-05
-9.4068e-06
-1.86655e-06
9.60091e-06
-4.67028e-06
2.02469e-05
-6.86282e-06
2.42402e-05
-8.01968e-06
2.4188e-05
-8.26387e-06
2.19911e-05
-7.90036e-06
1.87829e-05
-7.24792e-06
1.51737e-05
-6.57416e-06
1.14503e-05
-6.07964e-06
7.71079e-06
-5.89987e-06
3.94746e-06
-6.10807e-06
9.46384e-08
-6.7105e-06
-3.94194e-06
-7.63045e-06
-8.25901e-06
-8.68105e-06
-1.2915e-05
-9.53526e-06
-1.7853e-05
-9.72115e-06
-2.27559e-05
-8.70393e-06
-2.6804e-05
-6.15536e-06
-2.83462e-05
-2.53801e-06
-2.46072e-05
-1.19448e-05
-2.55902e-06
1.21599e-05
-5.40394e-06
2.30918e-05
-6.68996e-06
2.55263e-05
-6.40795e-06
2.3906e-05
-5.08086e-06
2.0664e-05
-3.25811e-06
1.69601e-05
-1.3775e-06
1.32931e-05
2.50513e-07
9.82231e-06
1.4178e-06
6.54351e-06
1.98895e-06
3.37631e-06
1.88187e-06
2.01718e-07
1.0638e-06
-3.12387e-06
-4.34081e-07
-6.76114e-06
-2.47784e-06
-1.08712e-05
-4.76661e-06
-1.55642e-05
-6.75832e-06
-2.07642e-05
-7.64898e-06
-2.59133e-05
-6.55642e-06
-2.94387e-05
-3.25107e-06
-2.79126e-05
-1.51959e-05
-3.48366e-06
1.56436e-05
-5.68364e-06
2.52918e-05
-4.99963e-06
2.48422e-05
-2.39588e-06
2.13023e-05
1.05263e-06
1.72155e-05
4.5986e-06
1.34142e-05
7.78351e-06
1.01082e-05
1.03461e-05
7.25971e-06
1.21405e-05
4.74912e-06
1.30788e-05
2.43804e-06
1.30976e-05
1.82909e-07
1.21452e-05
-2.17152e-06
1.01886e-05
-4.80446e-06
7.24973e-06
-7.93239e-06
3.48872e-06
-1.18032e-05
-6.52323e-07
-1.66231e-05
-4.26227e-06
-2.23034e-05
-5.85957e-06
-2.78414e-05
-3.94362e-06
-2.98285e-05
-1.91395e-05
-4.15636e-06
1.97999e-05
-3.74334e-06
2.48788e-05
6.41589e-07
2.04573e-05
6.44088e-06
1.5503e-05
1.22028e-05
1.14536e-05
1.72801e-05
8.33693e-06
2.14209e-05
5.96731e-06
2.45556e-05
4.12505e-06
2.66822e-05
2.62248e-06
2.78071e-05
1.31318e-06
2.79139e-05
7.6046e-08
2.69498e-05
-1.20739e-06
2.48193e-05
-2.67397e-06
2.13993e-05
-4.51235e-06
1.65951e-05
-6.99903e-06
1.04929e-05
-1.05209e-05
3.68705e-06
-1.54975e-05
-2.1476e-06
-2.20068e-05
-3.85884e-06
-2.81173e-05
-2.29983e-05
-1.54359e-06
2.13435e-05
5.89968e-06
1.74355e-05
1.5598e-05
1.0759e-05
2.42787e-05
6.82227e-06
3.1278e-05
4.45432e-06
3.6667e-05
2.9479e-06
4.0674e-05
1.96026e-06
4.35194e-05
1.27972e-06
4.53682e-05
7.73677e-07
4.63211e-05
3.60262e-07
4.64126e-05
-1.55019e-08
4.5608e-05
-4.02698e-07
4.37886e-05
-8.54638e-07
4.07327e-05
-1.45644e-06
3.60924e-05
-2.35875e-06
2.94172e-05
-3.84569e-06
2.03664e-05
-6.44676e-06
9.45849e-06
-1.10988e-05
1.30995e-07
-1.87898e-05
-2.28673e-05
2.13435e-05
3.8779e-05
4.9538e-05
5.63603e-05
6.08146e-05
6.37625e-05
6.57228e-05
6.70025e-05
6.77762e-05
6.81364e-05
6.81209e-05
6.77182e-05
6.68636e-05
6.54071e-05
6.30484e-05
5.92027e-05
5.2756e-05
4.16571e-05
2.28673e-05
)
;

boundaryField
{
    movingWall
    {
        type            calculated;
        value           uniform 0;
    }
    fixedWalls
    {
        type            calculated;
        value           uniform 0;
    }
    frontAndBack
    {
        type            empty;
        value           nonuniform List<scalar> 0();
    }
}


// ************************************************************************* //
