/*--------------------------------*- C++ -*----------------------------------*\
  =========                 |
  \\      /  F ield         | OpenFOAM: The Open Source CFD Toolbox
   \\    /   O peration     | Website:  https://openfoam.org
    \\  /    A nd           | Version:  8
     \\/     M anipulation  |
\*---------------------------------------------------------------------------*/
FoamFile
{
    version     2.0;
    format      ascii;
    class       volVectorField;
    location    "0.2";
    object      U;
}
// * * * * * * * * * * * * * * * * * * * * * * * * * * * * * * * * * * * * * //

dimensions      [0 1 -1 0 0 0 0];

internalField   nonuniform List<vector> 
400
(
(0.000399794 -0.000395711 0)
(0.000205038 0.000185953 0)
(-0.00191464 0.000904716 0)
(-0.00559163 0.00140816 0)
(-0.0101964 0.00165943 0)
(-0.0151071 0.00168562 0)
(-0.019773 0.00152613 0)
(-0.0237373 0.00122049 0)
(-0.026642 0.000804936 0)
(-0.0282281 0.00031436 0)
(-0.02834 -0.000214105 0)
(-0.0269367 -0.000737967 0)
(-0.024107 -0.00120786 0)
(-0.0200835 -0.00156829 0)
(-0.0152505 -0.00176101 0)
(-0.0101367 -0.00173174 0)
(-0.00538396 -0.00144152 0)
(-0.00168198 -0.000883322 0)
(0.000346427 -0.000131587 0)
(0.000436526 0.000426673 0)
(-0.000137429 -0.000248331 0)
(-0.00262266 0.00266179 0)
(-0.00917046 0.00579048 0)
(-0.0187909 0.00802121 0)
(-0.030212 0.00913101 0)
(-0.0421578 0.00916057 0)
(-0.0534172 0.00824651 0)
(-0.0629386 0.00656141 0)
(-0.0698804 0.00428893 0)
(-0.0736337 0.00162193 0)
(-0.0738436 -0.00122997 0)
(-0.0704344 -0.00403282 0)
(-0.0636373 -0.00652688 0)
(-0.0540107 -0.008435 0)
(-0.0424416 -0.00948398 0)
(-0.0301113 -0.00944173 0)
(-0.0183982 -0.00817351 0)
(-0.00870884 -0.00571775 0)
(-0.0023189 -0.00244113 0)
(-4.82127e-05 0.000397716 0)
(-0.000866409 0.00180176 0)
(-0.00600095 0.00924269 0)
(-0.0170228 0.0163597 0)
(-0.0320312 0.0213711 0)
(-0.0491882 0.023783 0)
(-0.0667902 0.0236184 0)
(-0.0832048 0.021147 0)
(-0.0969968 0.0167589 0)
(-0.107011 0.0109016 0)
(-0.112411 0.00406426 0)
(-0.112712 -0.00321698 0)
(-0.107814 -0.0103503 0)
(-0.0980372 -0.0166919 0)
(-0.0841432 -0.0215714 0)
(-0.0673348 -0.0243469 0)
(-0.0492065 -0.0244967 0)
(-0.0316109 -0.0217483 0)
(-0.0164433 -0.0162403 0)
(-0.00558294 -0.00876613 0)
(-0.000733737 -0.00143522 0)
(-0.00151256 0.00566752 0)
(-0.00918099 0.0196565 0)
(-0.0245604 0.0318601 0)
(-0.0446754 0.0401634 0)
(-0.0670668 0.0439245 0)
(-0.0896583 0.0432107 0)
(-0.110505 0.038477 0)
(-0.127913 0.030388 0)
(-0.140524 0.0197218 0)
(-0.147353 0.00733889 0)
(-0.147824 -0.00581597 0)
(-0.141805 -0.0187052 0)
(-0.129647 -0.0302076 0)
(-0.112217 -0.0391629 0)
(-0.0909075 -0.044465 0)
(-0.0675976 -0.0452145 0)
(-0.0445167 -0.0409273 0)
(-0.0240245 -0.0317788 0)
(-0.00870225 -0.0189026 0)
(-0.00134172 -0.00501325 0)
(-0.00207793 0.0111558 0)
(-0.0121263 0.033655 0)
(-0.0317137 0.0519496 0)
(-0.0567453 0.0638916 0)
(-0.0840947 0.0688921 0)
(-0.111318 0.0671932 0)
(-0.136212 0.0595212 0)
(-0.156896 0.0468762 0)
(-0.171884 0.0304135 0)
(-0.180097 0.0114031 0)
(-0.180887 -0.00876565 0)
(-0.174068 -0.0285704 0)
(-0.159968 -0.0463642 0)
(-0.139472 -0.0604322 0)
(-0.11407 -0.0691182 0)
(-0.0858477 -0.071036 0)
(-0.0573797 -0.06536 0)
(-0.0315316 -0.0521536 0)
(-0.0117008 -0.0327199 0)
(-0.00188484 -0.0101814 0)
(-0.00260169 0.0181421 0)
(-0.014937 0.0511086 0)
(-0.0386256 0.0765246 0)
(-0.0684398 0.0924338 0)
(-0.100558 0.0985173 0)
(-0.132171 0.0953613 0)
(-0.160853 0.0840816 0)
(-0.184602 0.0660872 0)
(-0.20186 0.0429497 0)
(-0.211497 0.0163652 0)
(-0.212806 -0.0118279 0)
(-0.205528 -0.0396175 0)
(-0.189905 -0.06481 0)
(-0.166759 -0.0850842 0)
(-0.137581 -0.0981379 0)
(-0.104593 -0.101952 0)
(-0.0706939 -0.0951673 0)
(-0.0393077 -0.0775215 0)
(-0.0147711 -0.0502892 0)
(-0.00242235 -0.0168914 0)
(-0.00312088 0.0265779 0)
(-0.0177278 0.0719516 0)
(-0.0454729 0.105505 0)
(-0.0799591 0.125667 0)
(-0.116647 0.132623 0)
(-0.152379 0.127505 0)
(-0.184561 0.111962 0)
(-0.211133 0.0878967 0)
(-0.230537 0.057328 0)
(-0.241645 0.0223722 0)
(-0.24371 -0.014712 0)
(-0.236375 -0.0514538 0)
(-0.219739 -0.0851246 0)
(-0.194459 -0.112763 0)
(-0.161914 -0.13132 0)
(-0.12436 -0.13796 0)
(-0.0849695 -0.130536 0)
(-0.0477559 -0.108167 0)
(-0.0181393 -0.0718523 0)
(-0.00301738 -0.025227 0)
(-0.00366783 0.0364817 0)
(-0.0206048 0.096191 0)
(-0.0524123 0.138827 0)
(-0.0914335 0.163419 0)
(-0.132387 0.170933 0)
(-0.171805 0.163288 0)
(-0.20701 0.142839 0)
(-0.235985 0.112073 0)
(-0.257273 0.0734785 0)
(-0.269817 0.0295589 0)
(-0.272869 -0.0170741 0)
(-0.26597 -0.0635676 0)
(-0.249003 -0.106714 0)
(-0.222348 -0.142913 0)
(-0.187115 -0.168277 0)
(-0.145429 -0.178942 0)
(-0.100613 -0.171645 0)
(-0.0572599 -0.144489 0)
(-0.0220342 -0.0978374 0)
(-0.00373331 -0.0354048 0)
(-0.00427535 0.047932 0)
(-0.0236728 0.123901 0)
(-0.0595765 0.176423 0)
(-0.102901 0.205413 0)
(-0.14759 0.212975 0)
(-0.189951 0.202127 0)
(-0.227351 0.176131 0)
(-0.257975 0.138155 0)
(-0.280602 0.0911645 0)
(-0.294363 0.0379829 0)
(-0.298576 -0.0185383 0)
(-0.292685 -0.0752974 0)
(-0.276307 -0.128727 0)
(-0.249406 -0.174648 0)
(-0.212613 -0.208278 0)
(-0.167673 -0.22451 0)
(-0.11783 -0.218551 0)
(-0.0681423 -0.186938 0)
(-0.0266845 -0.128845 0)
(-0.00463878 -0.0477721 0)
(-0.00498973 0.061073 0)
(-0.0270682 0.155217 0)
(-0.0671048 0.218166 0)
(-0.114312 0.251156 0)
(-0.161834 0.25794 0)
(-0.205894 0.243026 0)
(-0.244125 0.210827 0)
(-0.275127 0.165296 0)
(-0.298116 0.109851 0)
(-0.312564 0.0475313 0)
(-0.317962 -0.0187401 0)
(-0.313705 -0.0858147 0)
(-0.299102 -0.149968 0)
(-0.273563 -0.206593 0)
(-0.236987 -0.250042 0)
(-0.190378 -0.273772 0)
(-0.13651 -0.270987 0)
(-0.0806344 -0.235895 0)
(-0.0323352 -0.165609 0)
(-0.0058202 -0.0628137 0)
(-0.00589426 0.0761507 0)
(-0.0310151 0.190344 0)
(-0.0751945 0.263803 0)
(-0.125535 0.299801 0)
(-0.174396 0.30448 0)
(-0.218185 0.284362 0)
(-0.25512 0.245292 0)
(-0.284524 0.192085 0)
(-0.306298 0.128557 0)
(-0.320458 0.0578049 0)
(-0.326812 -0.0174014 0)
(-0.324789 -0.094143 0)
(-0.313399 -0.16884 0)
(-0.291383 -0.236736 0)
(-0.257636 -0.291484 0)
(-0.211961 -0.325021 0)
(-0.156062 -0.328053 0)
(-0.0948294 -0.291461 0)
(-0.0392758 -0.208937 0)
(-0.00740398 -0.0811791 0)
(-0.00715112 0.0935982 0)
(-0.035913 0.229593 0)
(-0.084152 0.312848 0)
(-0.136309 0.349926 0)
(-0.184116 0.350456 0)
(-0.224634 0.323643 0)
(-0.257147 0.277046 0)
(-0.282089 0.216371 0)
(-0.300342 0.145706 0)
(-0.312676 0.0679917 0)
(-0.319384 -0.0144348 0)
(-0.320059 -0.0992238 0)
(-0.313484 -0.183339 0)
(-0.297702 -0.262309 0)
(-0.270369 -0.32946 0)
(-0.229575 -0.375347 0)
(-0.175125 -0.387785 0)
(-0.11058 -0.353129 0)
(-0.0478792 -0.259608 0)
(-0.00959557 -0.103747 0)
(-0.00907589 0.114209 0)
(-0.0424565 0.273412 0)
(-0.094385 0.364373 0)
(-0.146038 0.399185 0)
(-0.189026 0.392581 0)
(-0.221886 0.357216 0)
(-0.245639 0.302568 0)
(-0.262274 0.235129 0)
(-0.273927 0.159029 0)
(-0.282299 0.0767668 0)
(-0.28831 -0.0100613 0)
(-0.291871 -0.100042 0)
(-0.291703 -0.191146 0)
(-0.285257 -0.279766 0)
(-0.268884 -0.359553 0)
(-0.238517 -0.420187 0)
(-0.191069 -0.446547 0)
(-0.127257 -0.419239 0)
(-0.0586343 -0.318177 0)
(-0.0127456 -0.131754 0)
(-0.0122609 0.139443 0)
(-0.0517584 0.322343 0)
(-0.106177 0.41654 0)
(-0.153168 0.443722 0)
(-0.185519 0.425932 0)
(-0.204583 0.379981 0)
(-0.213952 0.317187 0)
(-0.217573 0.244468 0)
(-0.218967 0.165595 0)
(-0.220793 0.0822869 0)
(-0.224642 -0.00490148 0)
(-0.230872 -0.0958124 0)
(-0.238393 -0.189862 0)
(-0.244393 -0.284968 0)
(-0.244168 -0.376031 0)
(-0.231373 -0.452913 0)
(-0.199107 -0.498226 0)
(-0.143185 -0.486083 0)
(-0.0720913 -0.384528 0)
(-0.0174425 -0.166992 0)
(-0.0177206 0.171875 0)
(-0.065284 0.376639 0)
(-0.118794 0.465629 0)
(-0.153626 0.477246 0)
(-0.166604 0.44342 0)
(-0.163827 0.38527 0)
(-0.15224 0.315263 0)
(-0.137845 0.239949 0)
(-0.125341 0.162137 0)
(-0.118075 0.0823932 0)
(-0.118135 2.74248e-05 0)
(-0.126362 -0.0862138 0)
(-0.14215 -0.177456 0)
(-0.163003 -0.273715 0)
(-0.18391 -0.372232 0)
(-0.196819 -0.464724 0)
(-0.190712 -0.533388 0)
(-0.15431 -0.546496 0)
(-0.088404 -0.456861 0)
(-0.0245399 -0.212001 0)
(-0.0267859 0.21589 0)
(-0.0838037 0.434971 0)
(-0.127705 0.504031 0)
(-0.137234 0.489682 0)
(-0.118596 0.435413 0)
(-0.0846808 0.365232 0)
(-0.0458705 0.290974 0)
(-0.0095554 0.217481 0)
(0.0192217 0.145835 0)
(0.0371387 0.0751552 0)
(0.0420794 0.00351177 0)
(0.0328772 -0.0716102 0)
(0.00940149 -0.152939 0)
(-0.0269287 -0.242792 0)
(-0.0721203 -0.341671 0)
(-0.118083 -0.445243 0)
(-0.150909 -0.53865 0)
(-0.151173 -0.587828 0)
(-0.105498 -0.529661 0)
(-0.0346781 -0.270331 0)
(-0.0396406 0.279196 0)
(-0.103049 0.490799 0)
(-0.117153 0.515921 0)
(-0.0802357 0.465006 0)
(-0.0155483 0.389718 0)
(0.0572042 0.312037 0)
(0.126168 0.239945 0)
(0.18459 0.174894 0)
(0.228716 0.115613 0)
(0.256408 0.0597814 0)
(0.266265 0.00459387 0)
(0.257156 -0.0531536 0)
(0.228151 -0.117132 0)
(0.178887 -0.191447 0)
(0.110677 -0.28 0)
(0.0287684 -0.384142 0)
(-0.0539466 -0.49656 0)
(-0.112722 -0.588944 0)
(-0.113869 -0.589663 0)
(-0.0459205 -0.347283 0)
(-0.0478538 0.370115 0)
(-0.0996073 0.52171 0)
(-0.0427476 0.470733 0)
(0.0681591 0.380785 0)
(0.188315 0.294514 0)
(0.298569 0.22172 0)
(0.391464 0.162712 0)
(0.464419 0.114613 0)
(0.517051 0.0740174 0)
(0.549601 0.0378137 0)
(0.562079 0.00314436 0)
(0.553842 -0.0329099 0)
(0.523396 -0.0737664 0)
(0.468421 -0.12386 0)
(0.386355 -0.18906 0)
(0.276292 -0.276146 0)
(0.14293 -0.389097 0)
(0.00516441 -0.51789 0)
(-0.0837379 -0.605176 0)
(-0.0447682 -0.442679 0)
(0.0083217 0.442683 0)
(0.0222721 0.463416 0)
(0.206922 0.333666 0)
(0.403698 0.230064 0)
(0.56279 0.158477 0)
(0.685839 0.109155 0)
(0.778906 0.0747951 0)
(0.846725 0.0499844 0)
(0.893149 0.0309284 0)
(0.920886 0.0150474 0)
(0.931321 0.000440787 0)
(0.924488 -0.0145888 0)
(0.898914 -0.0320386 0)
(0.851261 -0.0548162 0)
(0.775917 -0.0877331 0)
(0.664859 -0.138867 0)
(0.507172 -0.220621 0)
(0.294362 -0.347285 0)
(0.0768699 -0.505693 0)
(0.0348123 -0.488864 0)
(0.475192 0.232066 0)
(0.625022 0.203367 0)
(0.878887 0.122859 0)
(1.06616 0.0718205 0)
(1.17904 0.0427743 0)
(1.25051 0.0259113 0)
(1.29809 0.0158823 0)
(1.32969 0.00963937 0)
(1.34975 0.00542703 0)
(1.36084 0.00224905 0)
(1.36422 -0.000501035 0)
(1.36016 -0.00327967 0)
(1.34794 -0.00661535 0)
(1.32551 -0.0113437 0)
(1.28869 -0.0190931 0)
(1.22926 -0.033228 0)
(1.12865 -0.0606137 0)
(0.946274 -0.11411 0)
(0.674807 -0.204188 0)
(0.498739 -0.240608 0)
)
;

boundaryField
{
    movingWall
    {
        type            fixedValue;
        value           uniform (1.6 0 0);
    }
    fixedWalls
    {
        type            noSlip;
    }
    frontAndBack
    {
        type            empty;
    }
}


// ************************************************************************* //
