/*--------------------------------*- C++ -*----------------------------------*\
  =========                 |
  \\      /  F ield         | OpenFOAM: The Open Source CFD Toolbox
   \\    /   O peration     | Website:  https://openfoam.org
    \\  /    A nd           | Version:  8
     \\/     M anipulation  |
\*---------------------------------------------------------------------------*/
FoamFile
{
    version     2.0;
    format      ascii;
    class       volScalarField;
    location    "0.5";
    object      p;
}
// * * * * * * * * * * * * * * * * * * * * * * * * * * * * * * * * * * * * * //

dimensions      [0 2 -2 0 0 0 0];

internalField   nonuniform List<scalar> 
400
(
-1.37932e-06
-0.0105017
-0.0232236
-0.0328698
-0.0364253
-0.0325731
-0.0212043
-0.00304482
0.0205909
0.0479411
0.0768963
0.105108
0.130146
0.149721
0.161986
0.165894
0.161605
0.150887
0.137436
0.126993
0.0104075
-0.000415583
-0.0103621
-0.0169503
-0.018797
-0.0149931
-0.00540112
0.00947646
0.0286637
0.0508058
0.0742459
0.0971225
0.11751
0.13361
0.143996
0.147886
0.145442
0.13793
0.127352
0.116674
0.0238719
0.00891117
-0.00179761
-0.00779942
-0.00927334
-0.0057765
0.00270079
0.0156971
0.0324037
0.0517058
0.0722176
0.0923508
0.110429
0.124854
0.134311
0.138
0.135914
0.128845
0.117322
0.102468
0.0357457
0.0151803
0.00195671
-0.0048362
-0.00668956
-0.00357835
0.0043284
0.0165179
0.0322422
0.0505101
0.0700754
0.089468
0.10708
0.121306
0.130731
0.134358
0.131907
0.123763
0.109298
0.0885547
0.0428609
0.0165007
0.000309103
-0.00766966
-0.0100545
-0.00717578
0.000626981
0.0127689
0.0285238
0.0469725
0.0669435
0.0870052
0.105519
0.120758
0.131083
0.135177
0.132417
0.122804
0.104729
0.0775353
0.0428425
0.0107608
-0.00846431
-0.0176527
-0.0204314
-0.017439
-0.00916731
0.00372563
0.0205205
0.040344
0.0620627
0.0842321
0.105114
0.122769
0.135218
0.140707
0.138175
0.127197
0.105241
0.0711541
0.0336496
-0.00407599
-0.0262191
-0.0363957
-0.0392045
-0.0355765
-0.026146
-0.011637
0.00724121
0.0296605
0.0545176
0.0803355
0.105235
0.126992
0.143178
0.151458
0.150184
0.138389
0.112502
0.0709202
0.0132506
-0.0300983
-0.0549054
-0.0656168
-0.0678635
-0.0628975
-0.0515009
-0.0344534
-0.012432
0.0138087
0.0432248
0.074327
0.105093
0.132967
0.154971
0.168015
0.169649
0.158121
0.128509
0.0786283
-0.0206056
-0.0696402
-0.0967075
-0.107227
-0.108043
-0.100812
-0.0864927
-0.0659091
-0.0396655
-0.00838183
0.0270294
0.0651365
0.103823
0.140203
0.170662
0.191165
0.198158
0.188712
0.15597
0.0968262
-0.0705822
-0.125457
-0.154132
-0.163316
-0.161416
-0.150661
-0.132239
-0.107008
-0.0754378
-0.037915
0.00489987
0.0517645
0.100588
0.148227
0.190401
0.221939
0.237807
0.233313
0.198721
0.129321
-0.140024
-0.200968
-0.230108
-0.236078
-0.229494
-0.21342
-0.189362
-0.158191
-0.120149
-0.0752512
-0.0237282
0.0335704
0.0947936
0.156725
0.214498
0.261678
0.291341
0.296227
0.262262
0.181864
-0.233486
-0.300675
-0.328123
-0.327689
-0.313305
-0.289267
-0.25749
-0.218803
-0.173083
-0.119776
-0.0584495
0.010723
0.086457
0.165803
0.243578
0.312137
0.362317
0.383303
0.354527
0.263223
-0.357867
-0.430899
-0.452392
-0.440042
-0.412896
-0.376971
-0.334609
-0.28645
-0.231771
-0.169188
-0.0973002
-0.0152556
0.0766742
0.17634
0.278802
0.375602
0.455267
0.5024
0.487009
0.387068
-0.524945
-0.601067
-0.607958
-0.574203
-0.526548
-0.473074
-0.416314
-0.356338
-0.291425
-0.218989
-0.136304
-0.0410711
0.0679784
0.19023
0.321929
0.454789
0.575611
0.663794
0.676475
0.575578
-0.756877
-0.825763
-0.800271
-0.729118
-0.64941
-0.570767
-0.495009
-0.420787
-0.344696
-0.262427
-0.169511
-0.0617739
0.0641595
0.21009
0.374803
0.55203
0.728735
0.879913
0.947194
0.866201
-1.09653
-1.12713
-1.03371
-0.899496
-0.771766
-0.658839
-0.559549
-0.469447
-0.382313
-0.291406
-0.190074
-0.0719055
0.069098
0.238058
0.438007
0.667626
0.918008
1.16358
1.33221
1.32151
-1.62694
-1.53605
-1.30897
-1.07448
-0.878828
-0.722405
-0.596787
-0.491406
-0.395493
-0.299057
-0.192882
-0.0680921
0.0842622
0.273448
0.508721
0.797791
1.14224
1.52423
1.87256
2.04506
-2.54272
-2.08998
-1.60642
-1.2263
-0.944946
-0.740994
-0.592159
-0.477252
-0.378881
-0.283222
-0.178538
-0.0537006
0.103031
0.305506
0.571169
0.921787
1.37832
1.9488
2.62047
3.25911
-4.37498
-2.80346
-1.79946
-1.2418
-0.891281
-0.664056
-0.515627
-0.411222
-0.326714
-0.245643
-0.155283
-0.0438046
0.101563
0.297618
0.569327
0.955463
1.50935
2.31496
3.60785
5.51509
-7.60434
-3.49866
-1.63768
-0.954005
-0.625026
-0.444649
-0.345882
-0.286286
-0.240346
-0.193096
-0.134019
-0.053967
0.0577338
0.215632
0.444635
0.792189
1.34956
2.34777
4.57974
9.06012
)
;

boundaryField
{
    movingWall
    {
        type            zeroGradient;
    }
    fixedWalls
    {
        type            zeroGradient;
    }
    frontAndBack
    {
        type            empty;
    }
}


// ************************************************************************* //
