/*--------------------------------*- C++ -*----------------------------------*\
  =========                 |
  \\      /  F ield         | OpenFOAM: The Open Source CFD Toolbox
   \\    /   O peration     | Website:  https://openfoam.org
    \\  /    A nd           | Version:  8
     \\/     M anipulation  |
\*---------------------------------------------------------------------------*/
FoamFile
{
    version     2.0;
    format      ascii;
    class       volVectorField;
    location    "0.5";
    object      U;
}
// * * * * * * * * * * * * * * * * * * * * * * * * * * * * * * * * * * * * * //

dimensions      [0 1 -1 0 0 0 0];

internalField   nonuniform List<vector> 
400
(
(0.000448331 -0.00044365 0)
(0.000224346 0.000211808 0)
(-0.0021652 0.0010186 0)
(-0.00630025 0.00158199 0)
(-0.0114727 0.00186277 0)
(-0.0169871 0.00189255 0)
(-0.0222293 0.00171559 0)
(-0.0266895 0.00137534 0)
(-0.0299661 0.000911155 0)
(-0.0317649 0.000360941 0)
(-0.0319061 -0.000234281 0)
(-0.0303379 -0.000826613 0)
(-0.0271557 -0.00135955 0)
(-0.0226201 -0.00176906 0)
(-0.0171661 -0.00198797 0)
(-0.0113948 -0.00195415 0)
(-0.00603573 -0.00162392 0)
(-0.0018699 -0.000991144 0)
(0.000403076 -0.0001427 0)
(0.000494587 0.000483095 0)
(-0.000159404 -0.000271426 0)
(-0.00296755 0.00300648 0)
(-0.0103441 0.00651839 0)
(-0.0211655 0.009016 0)
(-0.0340013 0.010257 0)
(-0.0474241 0.0102915 0)
(-0.0600809 0.009273 0)
(-0.0707958 0.00739148 0)
(-0.0786232 0.00484774 0)
(-0.0828736 0.00185336 0)
(-0.0831382 -0.00135878 0)
(-0.0793214 -0.00452497 0)
(-0.0716754 -0.00734887 0)
(-0.0608262 -0.0095122 0)
(-0.047777 -0.0107009 0)
(-0.0338681 -0.0106495 0)
(-0.0206638 -0.00920742 0)
(-0.00975701 -0.00642463 0)
(-0.00258202 -0.00272573 0)
(-4.63151e-05 0.000461389 0)
(-0.000982766 0.00204775 0)
(-0.00677782 0.0104268 0)
(-0.0191915 0.018415 0)
(-0.0360733 0.0240267 0)
(-0.0553579 0.0267243 0)
(-0.0751404 0.0265424 0)
(-0.0935966 0.0237835 0)
(-0.109121 0.0188773 0)
(-0.120414 0.0123147 0)
(-0.126529 0.00463451 0)
(-0.126908 -0.0035663 0)
(-0.121426 -0.0116206 0)
(-0.11043 -0.0187953 0)
(-0.0947758 -0.0243221 0)
(-0.0758205 -0.0274645 0)
(-0.0553726 -0.0276258 0)
(-0.0355344 -0.0245011 0)
(-0.0184536 -0.0182599 0)
(-0.00624685 -0.00982022 0)
(-0.000814461 -0.0015823 0)
(-0.00171282 0.00641585 0)
(-0.0103626 0.0221639 0)
(-0.0276765 0.0358584 0)
(-0.050295 0.0451554 0)
(-0.0754584 0.0493619 0)
(-0.100847 0.0485672 0)
(-0.12429 0.04328 0)
(-0.14389 0.0342324 0)
(-0.158121 0.0222786 0)
(-0.165866 0.00836766 0)
(-0.16646 -0.00644788 0)
(-0.159737 -0.0209988 0)
(-0.146077 -0.0340093 0)
(-0.126446 -0.0441509 0)
(-0.102417 -0.0501547 0)
(-0.0761198 -0.0509917 0)
(-0.0500856 -0.0461168 0)
(-0.0269924 -0.0357487 0)
(-0.00975401 -0.0212038 0)
(-0.001496 -0.00558497 0)
(-0.00235089 0.0126131 0)
(-0.0136761 0.0379319 0)
(-0.0357101 0.0584544 0)
(-0.0638382 0.0718228 0)
(-0.094558 0.0774168 0)
(-0.125144 0.075526 0)
(-0.15314 0.0669606 0)
(-0.176442 0.0528206 0)
(-0.193377 0.0343734 0)
(-0.202719 0.0130196 0)
(-0.203716 -0.00969338 0)
(-0.196134 -0.032051 0)
(-0.180319 -0.0521802 0)
(-0.157255 -0.0681177 0)
(-0.128615 -0.0779625 0)
(-0.0967653 -0.0801261 0)
(-0.0646315 -0.0736735 0)
(-0.0354729 -0.0587026 0)
(-0.0131342 -0.0367392 0)
(-0.00210573 -0.0113755 0)
(-0.00293963 0.0204946 0)
(-0.0168246 0.0575722 0)
(-0.0434396 0.0860703 0)
(-0.0769066 0.103876 0)
(-0.112954 0.110688 0)
(-0.148457 0.107185 0)
(-0.180717 0.094607 0)
(-0.207492 0.0745006 0)
(-0.227028 0.0485877 0)
(-0.238037 0.018736 0)
(-0.239691 -0.0130096 0)
(-0.231664 -0.0443843 0)
(-0.214193 -0.0728943 0)
(-0.188179 -0.0958812 0)
(-0.155292 -0.1107 0)
(-0.118049 -0.11503 0)
(-0.0797495 -0.107326 0)
(-0.0442956 -0.0873189 0)
(-0.0166108 -0.0565224 0)
(-0.00271171 -0.0189054 0)
(-0.003519 0.0299969 0)
(-0.01993 0.0809914 0)
(-0.0510492 0.118593 0)
(-0.0897047 0.141157 0)
(-0.130838 0.148965 0)
(-0.170946 0.143305 0)
(-0.207146 0.126005 0)
(-0.237135 0.0991488 0)
(-0.259157 0.0649426 0)
(-0.271913 0.0257113 0)
(-0.274523 -0.0160376 0)
(-0.266537 -0.0575261 0)
(-0.248015 -0.0956529 0)
(-0.219659 -0.127025 0)
(-0.183001 -0.148133 0)
(-0.140589 -0.155714 0)
(-0.0960366 -0.147308 0)
(-0.0539313 -0.121946 0)
(-0.0204467 -0.0808495 0)
(-0.0033869 -0.0282786 0)
(-0.00412344 0.0411277 0)
(-0.0231041 0.10817 0)
(-0.0587009 0.155921 0)
(-0.102361 0.183448 0)
(-0.148217 0.19192 0)
(-0.192436 0.183504 0)
(-0.232044 0.1608 0)
(-0.264791 0.126523 0)
(-0.289023 0.0833855 0)
(-0.303515 0.0341287 0)
(-0.307374 -0.0183556 0)
(-0.300018 -0.070865 0)
(-0.28125 -0.119755 0)
(-0.251439 -0.160899 0)
(-0.211796 -0.189816 0)
(-0.164711 -0.20205 0)
(-0.11397 -0.193845 0)
(-0.0648289 -0.163068 0)
(-0.0249088 -0.110234 0)
(-0.00420504 -0.0397536 0)
(-0.00478784 0.053958 0)
(-0.0264576 0.13916 0)
(-0.0665318 0.197943 0)
(-0.114904 0.230411 0)
(-0.164871 0.239013 0)
(-0.21236 0.227128 0)
(-0.254455 0.198346 0)
(-0.289124 0.156121 0)
(-0.314972 0.103673 0)
(-0.330973 0.0440801 0)
(-0.336298 -0.0195094 0)
(-0.330244 -0.0836217 0)
(-0.312298 -0.144207 0)
(-0.282339 -0.196473 0)
(-0.241017 -0.234906 0)
(-0.190271 -0.253599 0)
(-0.133787 -0.247024 0)
(-0.0773654 -0.21123 0)
(-0.0302647 -0.145394 0)
(-0.00524635 -0.0537417 0)
(-0.00556215 0.0686288 0)
(-0.0301377 0.174073 0)
(-0.0746922 0.244482 0)
(-0.127277 0.281471 0)
(-0.180332 0.289322 0)
(-0.229699 0.273057 0)
(-0.272758 0.23752 0)
(-0.307931 0.187005 0)
(-0.3343 0.125216 0)
(-0.351217 0.0554531 0)
(-0.358038 -0.0190708 0)
(-0.353997 -0.0948394 0)
(-0.338226 -0.16763 0)
(-0.309963 -0.232163 0)
(-0.269005 -0.281923 0)
(-0.216426 -0.309338 0)
(-0.155354 -0.306546 0)
(-0.0918059 -0.266896 0)
(-0.0367987 -0.187199 0)
(-0.00661156 -0.0708147 0)
(-0.00653804 0.0853918 0)
(-0.0343935 0.213103 0)
(-0.0834082 0.295225 0)
(-0.139354 0.335663 0)
(-0.193828 0.34134 0)
(-0.242879 0.319483 0)
(-0.284527 0.276491 0)
(-0.317986 0.21759 0)
(-0.343094 0.146906 0)
(-0.359802 0.0677872 0)
(-0.367827 -0.0167368 0)
(-0.366445 -0.103419 0)
(-0.354455 -0.188209 0)
(-0.330336 -0.265665 0)
(-0.292728 -0.328471 0)
(-0.241311 -0.367298 0)
(-0.177955 -0.37138 0)
(-0.108243 -0.330196 0)
(-0.0448428 -0.236602 0)
(-0.00844708 -0.091735 0)
(-0.00789621 0.104708 0)
(-0.0396767 0.256566 0)
(-0.0930474 0.349613 0)
(-0.150897 0.391401 0)
(-0.204144 0.392689 0)
(-0.249551 0.363628 0)
(-0.286299 0.312484 0)
(-0.314819 0.245448 0)
(-0.33603 0.166937 0)
(-0.350733 0.0801192 0)
(-0.3592 -0.012463 0)
(-0.360916 -0.108211 0)
(-0.354448 -0.203703 0)
(-0.337498 -0.29384 0)
(-0.307306 -0.370951 0)
(-0.261573 -0.424123 0)
(-0.199958 -0.439249 0)
(-0.126467 -0.40054 0)
(-0.0548145 -0.294513 0)
(-0.0109887 -0.117527 0)
(-0.00999054 0.127445 0)
(-0.0467803 0.304953 0)
(-0.104123 0.406626 0)
(-0.161347 0.446106 0)
(-0.209228 0.439734 0)
(-0.246134 0.401431 0)
(-0.273134 0.341549 0)
(-0.292367 0.267144 0)
(-0.306146 0.182683 0)
(-0.316325 0.0908585 0)
(-0.323909 -0.00661039 0)
(-0.328783 -0.108178 0)
(-0.329492 -0.211576 0)
(-0.323115 -0.312717 0)
(-0.305437 -0.404339 0)
(-0.271705 -0.47457 0)
(-0.218228 -0.505932 0)
(-0.145677 -0.475977 0)
(-0.0672457 -0.361552 0)
(-0.0146349 -0.149619 0)
(-0.013488 0.155223 0)
(-0.0569862 0.3589 0)
(-0.117063 0.464289 0)
(-0.169147 0.49556 0)
(-0.205276 0.477052 0)
(-0.226874 0.427218 0)
(-0.237823 0.358433 0)
(-0.242421 0.278239 0)
(-0.244536 0.190734 0)
(-0.247122 0.0977758 0)
(-0.251979 -5.51649e-05 0)
(-0.259556 -0.102614 0)
(-0.268677 -0.209275 0)
(-0.276199 -0.31772 0)
(-0.276777 -0.422178 0)
(-0.263104 -0.511063 0)
(-0.227125 -0.564364 0)
(-0.163815 -0.552155 0)
(-0.0827039 -0.437517 0)
(-0.0200474 -0.190053 0)
(-0.0195371 0.190942 0)
(-0.0720106 0.418796 0)
(-0.131231 0.518607 0)
(-0.170014 0.532888 0)
(-0.184758 0.496811 0)
(-0.182083 0.433549 0)
(-0.169568 0.356763 0)
(-0.153804 0.273636 0)
(-0.140005 0.187255 0)
(-0.13194 0.0982438 0)
(-0.132026 0.00583279 0)
(-0.141311 -0.0913942 0)
(-0.159241 -0.194743 0)
(-0.183118 -0.304304 0)
(-0.207353 -0.417048 0)
(-0.222797 -0.523632 0)
(-0.216752 -0.603705 0)
(-0.176055 -0.620723 0)
(-0.101241 -0.520189 0)
(-0.02817 -0.241681 0)
(-0.0296683 0.239576 0)
(-0.0928751 0.483379 0)
(-0.141852 0.56134 0)
(-0.152873 0.547023 0)
(-0.13261 0.488316 0)
(-0.0951934 0.4116 0)
(-0.0520439 0.3299 0)
(-0.0113563 0.248584 0)
(0.0212062 0.168891 0)
(0.0418417 0.0898914 0)
(0.0480561 0.00947123 0)
(0.0383876 -0.07517 0)
(0.012514 -0.167129 0)
(-0.0281562 -0.269115 0)
(-0.0792946 -0.381863 0)
(-0.131855 -0.500662 0)
(-0.170008 -0.608738 0)
(-0.171401 -0.667082 0)
(-0.120274 -0.603011 0)
(-0.0396549 -0.308418 0)
(-0.0442026 0.309924 0)
(-0.115098 0.545707 0)
(-0.13162 0.575097 0)
(-0.0913044 0.520158 0)
(-0.0197234 0.43786 0)
(0.0613236 0.352428 0)
(0.138664 0.272727 0)
(0.204701 0.200449 0)
(0.255122 0.134274 0)
(0.287399 0.0717029 0)
(0.299814 0.00966926 0)
(0.290949 -0.0553762 0)
(0.259588 -0.127563 0)
(0.205122 -0.211594 0)
(0.12879 -0.312067 0)
(0.0362692 -0.430818 0)
(-0.0579972 -0.559887 0)
(-0.125902 -0.667169 0)
(-0.128712 -0.670539 0)
(-0.0521366 -0.39601 0)
(-0.0539759 0.411807 0)
(-0.11283 0.581191 0)
(-0.0507869 0.525736 0)
(0.0721207 0.426937 0)
(0.206108 0.331817 0)
(0.329757 0.2512 0)
(0.434614 0.185543 0)
(0.517617 0.131777 0)
(0.578156 0.0862159 0)
(0.616352 0.0454652 0)
(0.632097 0.00639183 0)
(0.624574 -0.0342338 0)
(0.592014 -0.0802262 0)
(0.531681 -0.136605 0)
(0.440491 -0.210114 0)
(0.317127 -0.30871 0)
(0.166551 -0.437379 0)
(0.0098069 -0.585131 0)
(-0.092703 -0.686499 0)
(-0.0500474 -0.503516 0)
(0.00767218 0.494971 0)
(0.0216501 0.518122 0)
(0.22709 0.373802 0)
(0.446962 0.25887 0)
(0.625558 0.179297 0)
(0.764438 0.124217 0)
(0.87014 0.0856498 0)
(0.947751 0.0576758 0)
(1.00143 0.0361152 0)
(1.03412 0.0181145 0)
(1.04733 0.0015692 0)
(1.04108 -0.0153956 0)
(1.01373 -0.0350017 0)
(0.961538 -0.0604962 0)
(0.878136 -0.0973067 0)
(0.754334 -0.154672 0)
(0.577519 -0.246984 0)
(0.337493 -0.390913 0)
(0.0906681 -0.571398 0)
(0.0412016 -0.553291 0)
(0.533055 0.260446 0)
(0.699832 0.228508 0)
(0.983898 0.138576 0)
(1.19447 0.0814564 0)
(1.32208 0.048807 0)
(1.4033 0.029734 0)
(1.45768 0.0183211 0)
(1.49403 0.0111822 0)
(1.51729 0.00635029 0)
(1.53036 0.00270243 0)
(1.53467 -0.000445391 0)
(1.53055 -0.00359626 0)
(1.51722 -0.00734059 0)
(1.49246 -0.0125974 0)
(1.4516 -0.0211676 0)
(1.38549 -0.0368206 0)
(1.27328 -0.0673594 0)
(1.0689 -0.127522 0)
(0.762694 -0.229488 0)
(0.562833 -0.271201 0)
)
;

boundaryField
{
    movingWall
    {
        type            fixedValue;
        value           uniform (1.8 0 0);
    }
    fixedWalls
    {
        type            noSlip;
    }
    frontAndBack
    {
        type            empty;
    }
}


// ************************************************************************* //
