/*--------------------------------*- C++ -*----------------------------------*\
  =========                 |
  \\      /  F ield         | OpenFOAM: The Open Source CFD Toolbox
   \\    /   O peration     | Website:  https://openfoam.org
    \\  /    A nd           | Version:  8
     \\/     M anipulation  |
\*---------------------------------------------------------------------------*/
FoamFile
{
    version     2.0;
    format      ascii;
    class       volVectorField;
    location    "0.2";
    object      U;
}
// * * * * * * * * * * * * * * * * * * * * * * * * * * * * * * * * * * * * * //

dimensions      [0 1 -1 0 0 0 0];

internalField   nonuniform List<vector> 
400
(
(0.00109602 -0.00109642 0)
(0.000385859 0.000603692 0)
(-0.00581118 0.00260009 0)
(-0.0162606 0.00394665 0)
(-0.0291696 0.00461242 0)
(-0.0429103 0.00471196 0)
(-0.0560931 0.00435246 0)
(-0.0675401 0.00360926 0)
(-0.0762431 0.00253352 0)
(-0.0813537 0.00117719 0)
(-0.0822308 -0.000379592 0)
(-0.0785403 -0.0020089 0)
(-0.0703794 -0.00352881 0)
(-0.0583876 -0.00471587 0)
(-0.0437998 -0.00533641 0)
(-0.028398 -0.00519462 0)
(-0.0143264 -0.00419122 0)
(-0.00375744 -0.00238516 0)
(0.00159693 -0.000127723 0)
(0.00140135 0.00135653 0)
(-0.000545621 -0.000486739 0)
(-0.00805159 0.00797016 0)
(-0.0271185 0.0166682 0)
(-0.0546015 0.0226783 0)
(-0.0868967 0.0256469 0)
(-0.120635 0.0258329 0)
(-0.152679 0.0236017 0)
(-0.180239 0.0192915 0)
(-0.200915 0.0132138 0)
(-0.212755 0.00572929 0)
(-0.214378 -0.00266091 0)
(-0.205171 -0.0112516 0)
(-0.185516 -0.0191271 0)
(-0.15697 -0.0252297 0)
(-0.122323 -0.0285091 0)
(-0.0854473 -0.0281426 0)
(-0.0508581 -0.0237979 0)
(-0.0229841 -0.0158972 0)
(-0.00540719 -0.00601045 0)
(0.00021587 0.00176913 0)
(-0.0027488 0.00580597 0)
(-0.0180847 0.027363 0)
(-0.0501408 0.0471389 0)
(-0.0930801 0.0606717 0)
(-0.141739 0.067143 0)
(-0.191638 0.0669047 0)
(-0.238527 0.0606598 0)
(-0.278563 0.0491819 0)
(-0.308435 0.0332914 0)
(-0.325469 0.0139825 0)
(-0.327801 -0.00741344 0)
(-0.314631 -0.0291191 0)
(-0.286491 -0.0489194 0)
(-0.245465 -0.0643281 0)
(-0.195267 -0.0729295 0)
(-0.141066 -0.0728751 0)
(-0.0889254 -0.0634752 0)
(-0.0448962 -0.0457634 0)
(-0.0144218 -0.023093 0)
(-0.00160709 -0.0026407 0)
(-0.00471846 0.0175331 0)
(-0.0275039 0.0579544 0)
(-0.0720691 0.0917866 0)
(-0.129471 0.114179 0)
(-0.192899 0.124273 0)
(-0.256968 0.122695 0)
(-0.316659 0.110594 0)
(-0.367439 0.0892845 0)
(-0.405402 0.0602272 0)
(-0.427371 0.0252153 0)
(-0.431088 -0.0133873 0)
(-0.415487 -0.0524885 0)
(-0.381009 -0.0882853 0)
(-0.329889 -0.116529 0)
(-0.266318 -0.133069 0)
(-0.19635 -0.134668 0)
(-0.127362 -0.119979 0)
(-0.0670819 -0.0904625 0)
(-0.0232805 -0.0511412 0)
(-0.00324657 -0.0118684 0)
(-0.00642471 0.0340859 0)
(-0.0360358 0.0988439 0)
(-0.0923251 0.149361 0)
(-0.163242 0.18148 0)
(-0.240309 0.194949 0)
(-0.317339 0.191019 0)
(-0.388746 0.171466 0)
(-0.44955 0.138241 0)
(-0.495455 0.0935006 0)
(-0.5229 0.0398761 0)
(-0.529224 -0.0191929 0)
(-0.512942 -0.0792275 0)
(-0.474113 -0.134702 0)
(-0.414734 -0.179361 0)
(-0.339081 -0.206944 0)
(-0.253823 -0.212319 0)
(-0.167619 -0.192918 0)
(-0.0901757 -0.150115 0)
(-0.0321911 -0.0902353 0)
(-0.00475092 -0.0256167 0)
(-0.00792803 0.0549497 0)
(-0.0437449 0.149266 0)
(-0.11085 0.219065 0)
(-0.19427 0.261753 0)
(-0.28394 0.278355 0)
(-0.372971 0.271178 0)
(-0.45538 0.242864 0)
(-0.525929 0.196094 0)
(-0.580095 0.133721 0)
(-0.614016 0.0591562 0)
(-0.624588 -0.023171 0)
(-0.60973 -0.107456 0)
(-0.568797 -0.186418 0)
(-0.503126 -0.251587 0)
(-0.416637 -0.294138 0)
(-0.316291 -0.306332 0)
(-0.211986 -0.2835 0)
(-0.115758 -0.226102 0)
(-0.0419701 -0.141277 0)
(-0.00634245 -0.0439969 0)
(-0.00927377 0.0796925 0)
(-0.0507076 0.208399 0)
(-0.127639 0.299928 0)
(-0.2224 0.35399 0)
(-0.32347 0.373545 0)
(-0.4234 0.362428 0)
(-0.51599 0.324412 0)
(-0.595947 0.263002 0)
(-0.658697 0.181697 0)
(-0.700185 0.0845331 0)
(-0.716866 -0.0232815 0)
(-0.705911 -0.134823 0)
(-0.665659 -0.241157 0)
(-0.596314 -0.331473 0)
(-0.500874 -0.393894 0)
(-0.386076 -0.417165 0)
(-0.262807 -0.393267 0)
(-0.145675 -0.320482 0)
(-0.0536075 -0.205985 0)
(-0.00827895 -0.0676566 0)
(-0.0104887 0.107929 0)
(-0.0569678 0.275377 0)
(-0.14264 0.390795 0)
(-0.247319 0.456877 0)
(-0.358184 0.479195 0)
(-0.467401 0.463618 0)
(-0.568789 0.415346 0)
(-0.657253 0.338797 0)
(-0.728409 0.238024 0)
(-0.778201 0.117456 0)
(-0.802741 -0.0172615 0)
(-0.798406 -0.158458 0)
(-0.762268 -0.295838 0)
(-0.692906 -0.416298 0)
(-0.591675 -0.504503 0)
(-0.464265 -0.544649 0)
(-0.321899 -0.523714 0)
(-0.181697 -0.435879 0)
(-0.0681508 -0.286961 0)
(-0.0108413 -0.0978241 0)
(-0.0115997 0.139297 0)
(-0.062582 0.349301 0)
(-0.155803 0.490302 0)
(-0.268617 0.568686 0)
(-0.387031 0.593381 0)
(-0.503058 0.572866 0)
(-0.610836 0.5141 0)
(-0.705807 0.422515 0)
(-0.78412 0.302611 0)
(-0.84204 0.15891 0)
(-0.875586 -0.00295486 0)
(-0.880475 -0.175119 0)
(-0.852412 -0.346472 0)
(-0.78793 -0.501967 0)
(-0.685911 -0.622669 0)
(-0.54981 -0.687243 0)
(-0.389936 -0.675638 0)
(-0.225251 -0.575118 0)
(-0.086671 -0.387613 0)
(-0.0143531 -0.136329 0)
(-0.0126752 0.173493 0)
(-0.0677452 0.429273 0)
(-0.167276 0.596843 0)
(-0.285996 0.687109 0)
(-0.408835 0.71328 0)
(-0.527954 0.687137 0)
(-0.638214 0.617796 0)
(-0.73604 0.511827 0)
(-0.818574 0.374072 0)
(-0.882869 0.208821 0)
(-0.925309 0.0211695 0)
(-0.941316 -0.181543 0)
(-0.92541 -0.388237 0)
(-0.871864 -0.582704 0)
(-0.776293 -0.74278 0)
(-0.638424 -0.84099 0)
(-0.46565 -0.848061 0)
(-0.277067 -0.740477 0)
(-0.110259 -0.511899 0)
(-0.0192253 -0.185639 0)
(-0.0138973 0.210394 0)
(-0.0730027 0.514551 0)
(-0.177706 0.708576 0)
(-0.299583 0.809088 0)
(-0.422571 0.834851 0)
(-0.539424 0.801816 0)
(-0.646285 0.721726 0)
(-0.741126 0.602446 0)
(-0.822661 0.449069 0)
(-0.88933 0.265353 0)
(-0.938527 0.0553082 0)
(-0.966039 -0.175076 0)
(-0.965743 -0.41587 0)
(-0.929854 -0.651027 0)
(-0.850219 -0.856306 0)
(-0.721268 -0.998318 0)
(-0.54473 -1.03674 0)
(-0.336639 -0.932465 0)
(-0.140004 -0.663854 0)
(-0.0260264 -0.248939 0)
(-0.015686 0.250366 0)
(-0.0795688 0.604862 0)
(-0.188626 0.823484 0)
(-0.310248 0.930622 0)
(-0.427571 0.952468 0)
(-0.534702 0.910261 0)
(-0.629853 0.818872 0)
(-0.713253 0.687603 0)
(-0.785834 0.521724 0)
(-0.848096 0.32421 0)
(-0.899208 0.0975112 0)
(-0.936215 -0.154545 0)
(-0.95332 -0.424471 0)
(-0.941471 -0.698205 0)
(-0.888901 -0.951575 0)
(-0.783564 -1.14692 0)
(-0.618355 -1.2323 0)
(-0.401311 -1.14797 0)
(-0.17688 -0.846727 0)
(-0.0355868 -0.330276 0)
(-0.0189178 0.294839 0)
(-0.0897872 0.70088 0)
(-0.202821 0.93936 0)
(-0.319654 1.04639 0)
(-0.423284 1.05844 0)
(-0.510523 1.00334 0)
(-0.58281 0.899514 0)
(-0.643471 0.757713 0)
(-0.696303 0.583259 0)
(-0.744464 0.378154 0)
(-0.78962 0.14297 0)
(-0.831048 -0.12125 0)
(-0.864563 -0.410675 0)
(-0.88133 -0.715345 0)
(-0.867148 -1.01428 0)
(-0.803401 -1.26909 0)
(-0.671393 -1.41817 0)
(-0.46478 -1.37759 0)
(-0.221382 -1.06141 0)
(-0.049125 -0.434765 0)
(-0.0253043 0.347326 0)
(-0.107725 0.804735 0)
(-0.224351 1.05339 0)
(-0.329423 1.14891 0)
(-0.407762 1.14216 0)
(-0.461326 1.06886 0)
(-0.496406 0.950981 0)
(-0.520338 0.800377 0)
(-0.540264 0.622114 0)
(-0.562324 0.41704 0)
(-0.591081 0.183756 0)
(-0.628795 -0.0797266 0)
(-0.674213 -0.374014 0)
(-0.720727 -0.695158 0)
(-0.754143 -1.02905 0)
(-0.751087 -1.34216 0)
(-0.680332 -1.56899 0)
(-0.514707 -1.60215 0)
(-0.272495 -1.30357 0)
(-0.0682844 -0.56864 0)
(-0.0379465 0.415099 0)
(-0.139603 0.920091 0)
(-0.257177 1.16063 0)
(-0.337761 1.22666 0)
(-0.373083 1.18876 0)
(-0.374331 1.09093 0)
(-0.354636 0.957722 0)
(-0.326035 0.801017 0)
(-0.299028 0.624906 0)
(-0.282457 0.428828 0)
(-0.283541 0.209522 0)
(-0.307628 -0.0377389 0)
(-0.357241 -0.317957 0)
(-0.43003 -0.63417 0)
(-0.515308 -0.98241 0)
(-0.589287 -1.34087 0)
(-0.610983 -1.65045 0)
(-0.528787 -1.789 0)
(-0.324835 -1.55875 0)
(-0.0945492 -0.738615 0)
(-0.0616073 0.511932 0)
(-0.192381 1.05035 0)
(-0.299001 1.24973 0)
(-0.329532 1.26037 0)
(-0.294075 1.17696 0)
(-0.218672 1.04954 0)
(-0.124705 0.902237 0)
(-0.028546 0.744714 0)
(0.0570207 0.578799 0)
(0.121732 0.402108 0)
(0.156929 0.209809 0)
(0.155078 -0.00471947 0)
(0.1101 -0.24974 0)
(0.0188884 -0.534526 0)
(-0.115006 -0.866557 0)
(-0.274062 -1.24194 0)
(-0.415851 -1.62187 0)
(-0.468264 -1.88933 0)
(-0.36166 -1.79593 0)
(-0.126321 -0.951082 0)
(-0.10032 0.66364 0)
(-0.264362 1.19042 0)
(-0.32054 1.29044 0)
(-0.25072 1.21419 0)
(-0.104215 1.07529 0)
(0.074686 0.920526 0)
(0.258589 0.767361 0)
(0.429974 0.619734 0)
(0.576841 0.475583 0)
(0.690179 0.330336 0)
(0.76218 0.17811 0)
(0.785077 0.0117072 0)
(0.750803 -0.178195 0)
(0.651303 -0.404203 0)
(0.480892 -0.682853 0)
(0.243634 -1.03017 0)
(-0.0309805 -1.44133 0)
(-0.268159 -1.83672 0)
(-0.341191 -1.95764 0)
(-0.149695 -1.21101 0)
(-0.140746 0.907997 0)
(-0.306697 1.29758 0)
(-0.205711 1.20627 0)
(0.048214 1.02342 0)
(0.346769 0.84171 0)
(0.641063 0.68114 0)
(0.909918 0.543832 0)
(1.14265 0.42512 0)
(1.33342 0.318518 0)
(1.47825 0.217741 0)
(1.57299 0.116882 0)
(1.61209 0.00977744 0)
(1.58798 -0.111146 0)
(1.49006 -0.257352 0)
(1.30463 -0.447454 0)
(1.01834 -0.710547 0)
(0.630222 -1.08005 0)
(0.179612 -1.55022 0)
(-0.170578 -1.93319 0)
(-0.111637 -1.48564 0)
(-0.0347599 1.1658 0)
(-0.0501693 1.21169 0)
(0.399248 0.890106 0)
(0.904356 0.64763 0)
(1.33681 0.478863 0)
(1.69496 0.356777 0)
(1.98871 0.266596 0)
(2.22451 0.197521 0)
(2.40739 0.14129 0)
(2.54072 0.0919916 0)
(2.62546 0.0452746 0)
(2.65992 -0.00257645 0)
(2.63921 -0.0556464 0)
(2.55384 -0.120311 0)
(2.38765 -0.208518 0)
(2.11445 -0.345217 0)
(1.69404 -0.58028 0)
(1.07744 -0.984228 0)
(0.384893 -1.52469 0)
(0.183206 -1.52594 0)
(1.31177 0.644449 0)
(1.68053 0.570613 0)
(2.3496 0.360788 0)
(2.87366 0.226053 0)
(3.21243 0.146007 0)
(3.44294 0.0961632 0)
(3.60924 0.0642213 0)
(3.73037 0.0429621 0)
(3.8167 0.0277701 0)
(3.87437 0.015805 0)
(3.90642 0.00531855 0)
(3.91349 -0.00487564 0)
(3.89402 -0.0159263 0)
(3.84372 -0.0293958 0)
(3.75335 -0.0484409 0)
(3.60311 -0.0808061 0)
(3.3467 -0.146702 0)
(2.86114 -0.292292 0)
(2.06709 -0.568991 0)
(1.5018 -0.706019 0)
)
;

boundaryField
{
    movingWall
    {
        type            fixedValue;
        value           uniform (4.6 0 0);
    }
    fixedWalls
    {
        type            noSlip;
    }
    frontAndBack
    {
        type            empty;
    }
}


// ************************************************************************* //
