/*--------------------------------*- C++ -*----------------------------------*\
  =========                 |
  \\      /  F ield         | OpenFOAM: The Open Source CFD Toolbox
   \\    /   O peration     | Website:  https://openfoam.org
    \\  /    A nd           | Version:  8
     \\/     M anipulation  |
\*---------------------------------------------------------------------------*/
FoamFile
{
    version     2.0;
    format      ascii;
    class       volVectorField;
    location    "0.1";
    object      U;
}
// * * * * * * * * * * * * * * * * * * * * * * * * * * * * * * * * * * * * * //

dimensions      [0 1 -1 0 0 0 0];

internalField   nonuniform List<vector> 
400
(
(0.000533393 -0.000528054 0)
(0.000249015 0.000265391 0)
(-0.00263714 0.0012315 0)
(-0.00760378 0.00189985 0)
(-0.0137989 0.00223094 0)
(-0.0203974 0.00226634 0)
(-0.0266765 0.00205908 0)
(-0.0320347 0.00165882 0)
(-0.0359931 0.00110925 0)
(-0.0381934 0.000452564 0)
(-0.0384075 -0.000263979 0)
(-0.0365585 -0.000982911 0)
(-0.0327488 -0.00163429 0)
(-0.0272858 -0.00213754 0)
(-0.0206962 -0.00240786 0)
(-0.0137152 -0.00236764 0)
(-0.00723665 -0.00196397 0)
(-0.00221378 -0.00119253 0)
(0.000509507 -0.000163931 0)
(0.000602273 0.000587222 0)
(-0.000201083 -0.000306492 0)
(-0.00359971 0.00364296 0)
(-0.0124777 0.00784421 0)
(-0.0254637 0.010812 0)
(-0.0408399 0.0122808 0)
(-0.0569119 0.0123238 0)
(-0.0720815 0.0111251 0)
(-0.084956 0.0089028 0)
(-0.094406 0.0058834 0)
(-0.099593 0.00230707 0)
(-0.100003 -0.00155514 0)
(-0.0954939 -0.00538699 0)
(-0.0863435 -0.00882431 0)
(-0.0732925 -0.0114699 0)
(-0.0575519 -0.0129295 0)
(-0.0407548 -0.0128718 0)
(-0.024813 -0.0111136 0)
(-0.0116691 -0.00772677 0)
(-0.0030558 -0.0032457 0)
(-3.99163e-05 0.000582235 0)
(-0.00119427 0.00250127 0)
(-0.00818692 0.0125823 0)
(-0.0231142 0.0221335 0)
(-0.043369 0.0288065 0)
(-0.066477 0.0320047 0)
(-0.0901788 0.0317952 0)
(-0.112316 0.0285401 0)
(-0.130985 0.0227334 0)
(-0.144631 0.0149328 0)
(-0.152102 0.00575467 0)
(-0.152696 -0.00410302 0)
(-0.146224 -0.0138407 0)
(-0.133072 -0.0225601 0)
(-0.114248 -0.029306 0)
(-0.0913869 -0.0331564 0)
(-0.0666912 -0.033366 0)
(-0.0427305 -0.0295613 0)
(-0.0221292 -0.0219692 0)
(-0.00745118 -0.011744 0)
(-0.000957445 -0.00183943 0)
(-0.00207878 0.00778104 0)
(-0.0125128 0.0267138 0)
(-0.0333317 0.043082 0)
(-0.0604746 0.0541411 0)
(-0.0906422 0.0591342 0)
(-0.121087 0.0582066 0)
(-0.14924 0.051964 0)
(-0.172851 0.0412478 0)
(-0.190088 0.0270303 0)
(-0.199589 0.0104002 0)
(-0.200513 -0.00741077 0)
(-0.192608 -0.0250015 0)
(-0.176284 -0.0408112 0)
(-0.152677 -0.0531899 0)
(-0.123674 -0.0605486 0)
(-0.0918717 -0.0615985 0)
(-0.0603706 -0.055667 0)
(-0.0324569 -0.0430496 0)
(-0.0116759 -0.0254131 0)
(-0.0017727 -0.00661033 0)
(-0.00285426 0.0152728 0)
(-0.0165183 0.0457004 0)
(-0.0430173 0.0702243 0)
(-0.076783 0.0861313 0)
(-0.113636 0.0927828 0)
(-0.150354 0.0905745 0)
(-0.184034 0.0804658 0)
(-0.212179 0.063719 0)
(-0.232774 0.0417753 0)
(-0.244315 0.0162408 0)
(-0.24584 -0.0110749 0)
(-0.237 -0.0381187 0)
(-0.218141 -0.0625998 0)
(-0.190401 -0.0820784 0)
(-0.155788 -0.0941698 0)
(-0.117182 -0.0968766 0)
(-0.0781847 -0.0890347 0)
(-0.0428168 -0.0707991 0)
(-0.0157852 -0.0441278 0)
(-0.00250692 -0.0135376 0)
(-0.00356988 0.0248047 0)
(-0.0203224 0.0693542 0)
(-0.052331 0.103405 0)
(-0.0925156 0.124603 0)
(-0.13579 0.132727 0)
(-0.178468 0.128647 0)
(-0.217366 0.113824 0)
(-0.249818 0.0900278 0)
(-0.273709 0.059211 0)
(-0.287439 0.0235096 0)
(-0.289937 -0.0146905 0)
(-0.280712 -0.0526807 0)
(-0.259955 -0.0874106 0)
(-0.228681 -0.115572 0)
(-0.188875 -0.133836 0)
(-0.143603 -0.139272 0)
(-0.0969427 -0.129938 0)
(-0.053741 -0.105541 0)
(-0.0200702 -0.068067 0)
(-0.00324665 -0.0225867 0)
(-0.00427059 0.0362961 0)
(-0.0240586 0.0975544 0)
(-0.0614679 0.142481 0)
(-0.107881 0.169368 0)
(-0.157291 0.178728 0)
(-0.205576 0.172167 0)
(-0.249339 0.151828 0)
(-0.285843 0.120084 0)
(-0.312954 0.0794306 0)
(-0.329043 0.0325114 0)
(-0.332947 -0.017758 0)
(-0.323995 -0.0680624 0)
(-0.302129 -0.114608 0)
(-0.268086 -0.153164 0)
(-0.223659 -0.179299 0)
(-0.171948 -0.188868 0)
(-0.117432 -0.17876 0)
(-0.0658471 -0.147806 0)
(-0.0248721 -0.0976753 0)
(-0.00408516 -0.033919 0)
(-0.00499368 0.0497439 0)
(-0.0278448 0.130254 0)
(-0.0705896 0.187311 0)
(-0.122986 0.220156 0)
(-0.178091 0.230403 0)
(-0.231405 0.220705 0)
(-0.279433 0.194094 0)
(-0.319489 0.153656 0)
(-0.349549 0.102439 0)
(-0.368052 0.0435416 0)
(-0.373788 -0.0196937 0)
(-0.365893 -0.0834563 0)
(-0.34396 -0.14329 0)
(-0.308278 -0.194041 0)
(-0.260212 -0.230031 0)
(-0.202645 -0.245573 0)
(-0.140277 -0.235881 0)
(-0.0797231 -0.198305 0)
(-0.0305388 -0.133685 0)
(-0.00511785 -0.0478962 0)
(-0.00577625 0.0652105 0)
(-0.031795 0.167474 0)
(-0.0798241 0.237724 0)
(-0.137817 0.276541 0)
(-0.19787 0.287104 0)
(-0.255215 0.273496 0)
(-0.306426 0.239888 0)
(-0.349066 0.190191 0)
(-0.381403 0.128002 0)
(-0.402091 0.0567751 0)
(-0.409973 -0.0198791 0)
(-0.40401 -0.0978471 0)
(-0.383373 -0.172184 0)
(-0.347713 -0.2369 0)
(-0.297656 -0.284989 0)
(-0.235491 -0.308884 0)
(-0.165785 -0.301493 0)
(-0.0958598 -0.257836 0)
(-0.03742 -0.177094 0)
(-0.00644957 -0.0650786 0)
(-0.0066731 0.0828314 0)
(-0.0360671 0.209292 0)
(-0.0893201 0.293455 0)
(-0.152268 0.337805 0)
(-0.216026 0.347722 0)
(-0.27574 0.329211 0)
(-0.328319 0.287882 0)
(-0.371853 0.228585 0)
(-0.405155 0.155438 0)
(-0.427314 0.0721077 0)
(-0.437382 -0.0177565 0)
(-0.43423 -0.110021 0)
(-0.416577 -0.199546 0)
(-0.383254 -0.279735 0)
(-0.333791 -0.342305 0)
(-0.269345 -0.377529 0)
(-0.193745 -0.375281 0)
(-0.114589 -0.327074 0)
(-0.0458852 -0.2291 0)
(-0.00821234 -0.0862367 0)
(-0.00778943 0.102865 0)
(-0.040947 0.255869 0)
(-0.0993358 0.354073 0)
(-0.166184 0.402763 0)
(-0.231647 0.410444 0)
(-0.291107 0.385687 0)
(-0.342208 0.335883 0)
(-0.383946 0.266925 0)
(-0.416016 0.183387 0)
(-0.438216 0.0889543 0)
(-0.450037 -0.0129791 0)
(-0.450418 -0.118637 0)
(-0.437681 -0.223121 0)
(-0.409721 -0.319652 0)
(-0.364603 -0.398941 0)
(-0.301688 -0.449006 0)
(-0.223149 -0.45595 0)
(-0.135988 -0.406245 0)
(-0.056354 -0.290993 0)
(-0.0105959 -0.112387 0)
(-0.00933915 0.125813 0)
(-0.0469767 0.307517 0)
(-0.110339 0.418868 0)
(-0.179349 0.469508 0)
(-0.24338 0.472434 0)
(-0.298624 0.439599 0)
(-0.344045 0.380531 0)
(-0.380042 0.302225 0)
(-0.407578 0.209572 0)
(-0.427476 0.106029 0)
(-0.439933 -0.00561206 0)
(-0.444193 -0.122389 0)
(-0.438355 -0.240209 0)
(-0.419404 -0.352761 0)
(-0.383676 -0.450355 0)
(-0.32802 -0.519023 0)
(-0.251725 -0.540562 0)
(-0.159683 -0.494591 0)
(-0.0693324 -0.363976 0)
(-0.0139009 -0.144878 0)
(-0.0117486 0.152668 0)
(-0.0551365 0.364786 0)
(-0.123046 0.486631 0)
(-0.191278 0.535 0)
(-0.249017 0.529383 0)
(-0.294269 0.486081 0)
(-0.328155 0.417027 0)
(-0.353053 0.330222 0)
(-0.371572 0.23063 0)
(-0.385833 0.121165 0)
(-0.396986 0.00364615 0)
(-0.404858 -0.120246 0)
(-0.407636 -0.247868 0)
(-0.401654 -0.374236 0)
(-0.381524 -0.490274 0)
(-0.341039 -0.580893 0)
(-0.275185 -0.623639 0)
(-0.184446 -0.58952 0)
(-0.0854233 -0.448809 0)
(-0.0186256 -0.185552 0)
(-0.0158306 0.18535 0)
(-0.0670449 0.428479 0)
(-0.13819 0.555112 0)
(-0.200465 0.594329 0)
(-0.24443 0.574891 0)
(-0.271584 0.518336 0)
(-0.286284 0.438953 0)
(-0.293431 0.345354 0)
(-0.297507 0.242135 0)
(-0.302013 0.131288 0)
(-0.309162 0.0133232 0)
(-0.319602 -0.111746 0)
(-0.332028 -0.243315 0)
(-0.34268 -0.378673 0)
(-0.344947 -0.510762 0)
(-0.329548 -0.625058 0)
(-0.285971 -0.696062 0)
(-0.207319 -0.685256 0)
(-0.105184 -0.545061 0)
(-0.0255786 -0.236979 0)
(-0.0230022 0.227374 0)
(-0.0849436 0.499255 0)
(-0.155422 0.619811 0)
(-0.202332 0.639513 0)
(-0.221177 0.599703 0)
(-0.219462 0.527404 0)
(-0.205865 0.438461 0)
(-0.188028 0.341166 0)
(-0.172108 0.239045 0)
(-0.162687 0.132739 0)
(-0.162838 0.0212355 0)
(-0.174086 -0.0972813 0)
(-0.19606 -0.224557 0)
(-0.225768 -0.360929 0)
(-0.256552 -0.50293 0)
(-0.277089 -0.639147 0)
(-0.27121 -0.744016 0)
(-0.22171 -0.770848 0)
(-0.12836 -0.649526 0)
(-0.0358684 -0.302629 0)
(-0.0352085 0.284889 0)
(-0.110436 0.576061 0)
(-0.169652 0.671349 0)
(-0.184262 0.657603 0)
(-0.161677 0.591049 0)
(-0.118263 0.502512 0)
(-0.0673202 0.407222 0)
(-0.0185144 0.311499 0)
(0.0213125 0.216835 0)
(0.047413 0.122155 0)
(0.056512 0.0249443 0)
(0.0464806 -0.0782035 0)
(0.0164994 -0.191167 0)
(-0.0321934 -0.317519 0)
(-0.0947668 -0.458597 0)
(-0.160393 -0.609101 0)
(-0.209388 -0.748489 0)
(-0.2133 -0.827532 0)
(-0.151155 -0.753277 0)
(-0.050114 -0.387086 0)
(-0.0531102 0.368907 0)
(-0.138813 0.651333 0)
(-0.160787 0.689409 0)
(-0.114783 0.627354 0)
(-0.0306609 0.532201 0)
(0.065861 0.432408 0)
(0.159145 0.33851 0)
(0.239996 0.252659 0)
(0.303 0.173433 0)
(0.344823 0.0979819 0)
(0.36307 0.0227226 0)
(0.355665 -0.0565792 0)
(0.320714 -0.144975 0)
(0.256966 -0.248407 0)
(0.16531 -0.372978 0)
(0.052062 -0.521734 0)
(-0.0653915 -0.685702 0)
(-0.152177 -0.825189 0)
(-0.159013 -0.836139 0)
(-0.0649449 -0.496806 0)
(-0.0662808 0.49248 0)
(-0.139713 0.696483 0)
(-0.0686188 0.632856 0)
(0.0768026 0.517503 0)
(0.237191 0.405721 0)
(0.386749 0.310262 0)
(0.515089 0.231902 0)
(0.618177 0.167245 0)
(0.694904 0.112078 0)
(0.745094 0.0624747 0)
(0.768347 0.0147694 0)
(0.763437 -0.0348604 0)
(0.727969 -0.0910046 0)
(0.658293 -0.159841 0)
(0.550137 -0.249914 0)
(0.401131 -0.371731 0)
(0.216479 -0.532687 0)
(0.021249 -0.720241 0)
(-0.109747 -0.852222 0)
(-0.0603928 -0.628752 0)
(0.00534397 0.597706 0)
(0.0183842 0.625417 0)
(0.263884 0.452791 0)
(0.528684 0.316093 0)
(0.745571 0.221138 0)
(0.915868 0.154852 0)
(1.04697 0.108023 0)
(1.14459 0.0737932 0)
(1.21341 0.0472535 0)
(1.2568 0.0250228 0)
(1.27646 0.00459996 0)
(1.27238 -0.016244 0)
(1.24255 -0.0401445 0)
(1.1824 -0.0709931 0)
(1.08405 -0.115423 0)
(0.935893 -0.185047 0)
(0.721713 -0.298515 0)
(0.427428 -0.477773 0)
(0.120955 -0.704011 0)
(0.0553765 -0.684256 0)
(0.647838 0.316817 0)
(0.847428 0.278567 0)
(1.19082 0.170157 0)
(1.44768 0.101065 0)
(1.60491 0.0612521 0)
(1.70595 0.0377218 0)
(1.77431 0.0234816 0)
(1.82055 0.014496 0)
(1.85062 0.00838123 0)
(1.86804 0.00376001 0)
(1.87458 -0.000207323 0)
(1.87068 -0.0041333 0)
(1.85547 -0.0087113 0)
(1.82637 -0.0150112 0)
(1.77783 -0.0251512 0)
(1.69886 -0.0436783 0)
(1.5642 -0.0802925 0)
(1.3166 -0.153673 0)
(0.940715 -0.27978 0)
(0.692214 -0.332669 0)
)
;

boundaryField
{
    movingWall
    {
        type            fixedValue;
        value           uniform (2.2 0 0);
    }
    fixedWalls
    {
        type            noSlip;
    }
    frontAndBack
    {
        type            empty;
    }
}


// ************************************************************************* //
