/*--------------------------------*- C++ -*----------------------------------*\
  =========                 |
  \\      /  F ield         | OpenFOAM: The Open Source CFD Toolbox
   \\    /   O peration     | Website:  https://openfoam.org
    \\  /    A nd           | Version:  8
     \\/     M anipulation  |
\*---------------------------------------------------------------------------*/
FoamFile
{
    version     2.0;
    format      ascii;
    class       surfaceScalarField;
    location    "0.4";
    object      phi;
}
// * * * * * * * * * * * * * * * * * * * * * * * * * * * * * * * * * * * * * //

dimensions      [0 3 -1 0 0 0 0];

internalField   nonuniform List<scalar> 
760
(
3.97178e-08
-3.97756e-08
-7.41097e-08
1.13828e-07
-3.50533e-07
2.76423e-07
-7.38404e-07
3.87871e-07
-1.18069e-06
4.42282e-07
-1.6256e-06
4.44918e-07
-2.02899e-06
4.03387e-07
-2.3543e-06
3.25314e-07
-2.57223e-06
2.17922e-07
-2.66107e-06
8.8844e-08
-2.60834e-06
-5.27329e-08
-2.41313e-06
-1.95213e-07
-2.08871e-06
-3.24421e-07
-1.66438e-06
-4.24324e-07
-1.18562e-06
-4.78768e-07
-7.1142e-07
-4.74199e-07
-3.08151e-07
-4.03269e-07
-3.92808e-08
-2.68869e-07
5.28271e-08
-9.21067e-08
5.28274e-08
-1.10045e-07
7.02692e-08
-5.57241e-07
5.61023e-07
-1.31835e-06
1.03753e-06
-2.29924e-06
1.36876e-06
-3.38589e-06
1.52893e-06
-4.46592e-06
1.52494e-06
-5.43806e-06
1.37553e-06
-6.21615e-06
1.10341e-06
-6.7312e-06
7.32963e-07
-6.93378e-06
2.91425e-07
-6.79778e-06
-1.88735e-07
-6.32493e-06
-6.68064e-07
-5.54919e-06
-1.10015e-06
-4.53922e-06
-1.4343e-06
-3.39688e-06
-1.62111e-06
-2.24998e-06
-1.6211e-06
-1.23741e-06
-1.41584e-06
-4.86148e-07
-1.02013e-06
-7.88031e-08
-4.99454e-07
-2.59746e-08
-2.8825e-07
3.58518e-07
-1.09438e-06
1.36715e-06
-2.3164e-06
2.25955e-06
-3.81352e-06
2.86588e-06
-5.43036e-06
3.14578e-06
-7.01502e-06
3.1096e-06
-8.42945e-06
2.78996e-06
-9.55525e-06
2.22921e-06
-1.02975e-05
1.47517e-06
-1.05885e-05
5.82508e-07
-1.03934e-05
-3.83906e-07
-9.71494e-06
-1.34649e-06
-8.59965e-06
-2.21545e-06
-7.14012e-06
-2.89383e-06
-5.47321e-06
-3.28801e-06
-3.77075e-06
-3.32357e-06
-2.22102e-06
-2.96556e-06
-1.00126e-06
-2.23989e-06
-2.43296e-07
-1.25742e-06
-2.6927e-07
-4.50736e-07
8.09253e-07
-1.60346e-06
2.51988e-06
-3.26573e-06
3.92181e-06
-5.23979e-06
4.83994e-06
-7.33023e-06
5.23622e-06
-9.35407e-06
5.13343e-06
-1.11477e-05
4.58363e-06
-1.25716e-05
3.65305e-06
-1.35134e-05
2.41703e-06
-1.38928e-05
9.61887e-07
-1.36663e-05
-6.10398e-07
-1.28342e-05
-2.17862e-06
-1.14468e-05
-3.60288e-06
-9.60886e-06
-4.73174e-06
-7.47955e-06
-5.41732e-06
-5.26408e-06
-5.53904e-06
-3.19561e-06
-5.03403e-06
-1.50695e-06
-3.92856e-06
-3.96464e-07
-2.36791e-06
-6.65734e-07
-5.96969e-07
1.40622e-06
-2.07611e-06
3.99903e-06
-4.15661e-06
6.00231e-06
-6.57984e-06
7.26316e-06
-9.10995e-06
7.76633e-06
-1.15369e-05
7.56036e-06
-1.36782e-05
6.7249e-06
-1.53798e-05
5.35475e-06
-1.65181e-05
3.55526e-06
-1.70019e-05
1.44569e-06
-1.67783e-05
-8.33955e-07
-1.58396e-05
-3.11733e-06
-1.42314e-05
-5.21108e-06
-1.20606e-05
-6.90257e-06
-9.49917e-06
-7.97872e-06
-6.7809e-06
-8.25732e-06
-4.186e-06
-7.62893e-06
-2.01328e-06
-6.10128e-06
-5.42849e-07
-3.83833e-06
-1.20858e-06
-7.31731e-07
2.13795e-06
-2.51859e-06
5.78589e-06
-4.99596e-06
8.47968e-06
-7.84418e-06
1.01114e-05
-1.07877e-05
1.07099e-05
-1.35927e-05
1.03653e-05
-1.60628e-05
9.19503e-06
-1.80354e-05
7.32735e-06
-1.93791e-05
4.8989e-06
-1.99939e-05
2.06051e-06
-1.98154e-05
-1.01246e-06
-1.88219e-05
-4.11087e-06
-1.70452e-05
-6.98776e-06
-1.45835e-05
-9.36432e-06
-1.16121e-05
-1.09501e-05
-8.38833e-06
-1.1481e-05
-5.24275e-06
-1.07745e-05
-2.55225e-06
-8.79177e-06
-6.95893e-07
-5.69469e-06
-1.90448e-06
-8.59417e-07
2.99737e-06
-2.9387e-06
7.86517e-06
-5.79176e-06
1.13327e-05
-9.0387e-06
1.33583e-05
-1.23664e-05
1.40376e-05
-1.55214e-05
1.35204e-05
-1.82995e-05
1.19731e-05
-2.05352e-05
9.56307e-06
-2.20945e-05
6.45816e-06
-2.28708e-05
2.83685e-06
-2.27868e-05
-1.0965e-06
-2.1801e-05
-5.0966e-06
-1.99217e-05
-8.86704e-06
-1.72252e-05
-1.20609e-05
-1.38769e-05
-1.42984e-05
-1.01486e-05
-1.52093e-05
-6.42102e-06
-1.45021e-05
-3.16147e-06
-1.20513e-05
-8.70605e-07
-7.98555e-06
-2.77508e-06
-9.83486e-07
3.98085e-06
-3.34281e-06
1.02245e-05
-6.54824e-06
1.45382e-05
-1.01594e-05
1.69694e-05
-1.38288e-05
1.7707e-05
-1.72897e-05
1.69813e-05
-2.03379e-05
1.50213e-05
-2.28137e-05
1.20389e-05
-2.45876e-05
8.23201e-06
-2.55511e-05
3.80032e-06
-2.56145e-05
-1.03303e-06
-2.47128e-05
-5.99835e-06
-2.28199e-05
-1.07599e-05
-1.99744e-05
-1.49064e-05
-1.63125e-05
-1.79603e-05
-1.2103e-05
-1.94189e-05
-7.76898e-06
-1.88361e-05
-3.87809e-06
-1.59422e-05
-1.08227e-06
-1.07814e-05
-3.85735e-06
-1.10726e-06
5.08812e-06
-3.73679e-06
1.2854e-05
-7.2662e-06
1.80676e-05
-1.11919e-05
2.08951e-05
-1.51364e-05
2.16515e-05
-1.88292e-05
2.0674e-05
-2.20775e-05
1.82697e-05
-2.47394e-05
1.47008e-05
-2.67009e-05
1.01935e-05
-2.78601e-05
4.95955e-06
-2.812e-05
-7.73133e-07
-2.73902e-05
-6.72817e-06
-2.56016e-05
-1.25485e-05
-2.27367e-05
-1.77713e-05
-1.88757e-05
-2.18213e-05
-1.42547e-05
-2.40399e-05
-9.31802e-06
-2.37728e-05
-4.73561e-06
-2.05246e-05
-1.34655e-06
-1.41704e-05
-5.2039e-06
-1.23618e-06
6.32429e-06
-4.13024e-06
1.57481e-05
-7.94738e-06
2.18847e-05
-1.21146e-05
2.50623e-05
-1.6231e-05
2.57679e-05
-2.00357e-05
2.44787e-05
-2.33644e-05
2.15984e-05
-2.61096e-05
1.7446e-05
-2.81885e-05
1.22723e-05
-2.95194e-05
6.29047e-06
-3.00077e-05
-2.84793e-07
-2.95422e-05
-7.19376e-06
-2.80053e-05
-1.40853e-05
-2.53052e-05
-2.04714e-05
-2.1433e-05
-2.56935e-05
-1.65472e-05
-2.89257e-05
-1.10711e-05
-2.92489e-05
-5.76134e-06
-2.58344e-05
-1.68056e-06
-1.82512e-05
-6.88446e-06
-1.38166e-06
7.70595e-06
-4.5436e-06
1.891e-05
-8.6012e-06
2.59423e-05
-1.29023e-05
2.93634e-05
-1.70343e-05
2.98999e-05
-2.07672e-05
2.82116e-05
-2.39882e-05
2.48194e-05
-2.66465e-05
2.01044e-05
-2.87108e-05
1.43367e-05
-3.01383e-05
7.71793e-06
-3.08529e-05
4.29817e-07
-3.0734e-05
-7.31269e-06
-2.96184e-05
-1.52008e-05
-2.73268e-05
-2.2763e-05
-2.37251e-05
-2.92953e-05
-1.88347e-05
-3.38161e-05
-1.29858e-05
-3.50977e-05
-6.97254e-06
-3.18477e-05
-2.10489e-06
-2.31189e-05
-8.98934e-06
-1.56755e-06
9.2735e-06
-5.01786e-06
2.23603e-05
-9.25113e-06
3.01756e-05
-1.35266e-05
3.36389e-05
-1.74431e-05
3.38165e-05
-2.0835e-05
3.16034e-05
-2.36728e-05
2.76573e-05
-2.599e-05
2.24215e-05
-2.78301e-05
1.61767e-05
-2.92107e-05
9.09854e-06
-3.00958e-05
1.315e-06
-3.03756e-05
-7.0329e-06
-2.98557e-05
-1.57208e-05
-2.82682e-05
-2.43505e-05
-2.53249e-05
-3.22385e-05
-2.08405e-05
-3.83005e-05
-1.49459e-05
-4.09923e-05
-8.3682e-06
-3.84254e-05
-2.64657e-06
-2.88405e-05
-1.16359e-05
-1.84053e-06
1.1114e-05
-5.62514e-06
2.61449e-05
-9.93369e-06
3.44842e-05
-1.39402e-05
3.76454e-05
-1.73039e-05
3.71802e-05
-1.99761e-05
3.42757e-05
-2.20531e-05
2.97342e-05
-2.3682e-05
2.40504e-05
-2.50041e-05
1.74988e-05
-2.61175e-05
1.02119e-05
-2.70487e-05
2.24625e-06
-2.77255e-05
-6.35608e-06
-2.7951e-05
-1.54953e-05
-2.73898e-05
-2.49118e-05
-2.55918e-05
-3.40365e-05
-2.21023e-05
-4.179e-05
-1.67165e-05
-4.63781e-05
-9.91095e-06
-4.52309e-05
-3.34316e-06
-3.54083e-05
-1.49791e-05
-2.28619e-06
1.34002e-05
-6.47316e-06
3.03319e-05
-1.06717e-05
3.86827e-05
-1.40222e-05
4.09959e-05
-1.63437e-05
3.95017e-05
-1.77849e-05
3.57168e-05
-1.86174e-05
3.05667e-05
-1.91288e-05
2.45619e-05
-1.95705e-05
1.79405e-05
-2.01309e-05
1.07723e-05
-2.09146e-05
3.02992e-06
-2.19145e-05
-5.35618e-06
-2.29731e-05
-1.44367e-05
-2.37367e-05
-2.41481e-05
-2.36281e-05
-3.41451e-05
-2.18979e-05
-4.35202e-05
-1.78666e-05
-5.04095e-05
-1.14853e-05
-5.16122e-05
-4.2442e-06
-4.26494e-05
-1.92233e-05
-3.04785e-06
1.64481e-05
-7.6769e-06
3.49609e-05
-1.13739e-05
4.23796e-05
-1.34301e-05
4.30521e-05
-1.40092e-05
4.00808e-05
-1.3566e-05
3.52736e-05
-1.25926e-05
2.95934e-05
-1.15231e-05
2.34923e-05
-1.07077e-05
1.71251e-05
-1.0412e-05
1.04767e-05
-1.08151e-05
3.43304e-06
-1.19921e-05
-4.17922e-06
-1.38709e-05
-1.25578e-05
-1.61586e-05
-2.18604e-05
-1.82464e-05
-3.20573e-05
-1.91507e-05
-4.26159e-05
-1.76375e-05
-5.19226e-05
-1.27962e-05
-5.64535e-05
-5.39213e-06
-5.00535e-05
-2.46154e-05
-4.31575e-06
2.07638e-05
-9.20465e-06
3.98498e-05
-1.15427e-05
4.47177e-05
-1.12529e-05
4.27624e-05
-9.13974e-06
3.79676e-05
-6.06697e-06
3.22008e-05
-2.7472e-06
2.62736e-05
2.83166e-07
2.04619e-05
2.63052e-06
1.47777e-05
4.00167e-06
9.10551e-06
4.17699e-06
3.25772e-06
3.00709e-06
-3.00933e-06
4.44734e-07
-9.99547e-06
-3.37133e-06
-1.80444e-05
-7.96344e-06
-2.74652e-05
-1.23091e-05
-3.82702e-05
-1.47133e-05
-4.95185e-05
-1.31265e-05
-5.80402e-05
-6.7199e-06
-5.64601e-05
-3.13353e-05
-6.16824e-06
2.69321e-05
-1.03256e-05
4.40072e-05
-9.52055e-06
4.39127e-05
-5.29134e-06
3.85332e-05
6.04e-07
3.20723e-05
6.92169e-06
2.58831e-05
1.28593e-05
2.0336e-05
1.79163e-05
1.5405e-05
2.17712e-05
1.09228e-05
2.41942e-05
6.68255e-06
2.49912e-05
2.46069e-06
2.3979e-05
-1.99704e-06
2.09911e-05
-7.00757e-06
1.59383e-05
-1.29916e-05
8.96962e-06
-2.04965e-05
7.93692e-07
-3.00943e-05
-6.84653e-06
-4.18783e-05
-1.08349e-05
-5.40518e-05
-7.74155e-06
-5.95535e-05
-3.90769e-05
-7.9091e-06
3.48412e-05
-7.94574e-06
4.40438e-05
-7.62445e-07
3.67294e-05
9.23429e-06
2.85364e-05
1.95314e-05
2.17751e-05
2.89658e-05
1.64487e-05
3.70189e-05
1.22829e-05
4.34759e-05
8.94802e-06
4.82471e-05
6.15156e-06
5.12692e-05
3.66043e-06
5.24502e-05
1.27971e-06
5.16362e-05
-1.18304e-06
4.85894e-05
-3.96071e-06
4.29914e-05
-7.39367e-06
3.45215e-05
-1.20266e-05
2.31367e-05
-1.87095e-05
9.77609e-06
-2.85176e-05
-2.35471e-06
-4.1921e-05
-6.83553e-06
-5.50727e-05
-4.59124e-05
-4.05214e-06
3.88933e-05
8.49547e-06
3.14962e-05
2.55879e-05
1.96369e-05
4.1274e-05
1.28504e-05
5.43282e-05
8.72089e-06
6.47747e-05
6.00231e-06
7.28991e-05
4.15844e-06
7.89978e-05
2.84934e-06
8.32988e-05
1.8505e-06
8.59391e-05
1.02019e-06
8.69554e-05
2.63431e-07
8.62747e-05
-5.02367e-07
8.3678e-05
-1.36405e-06
7.87494e-05
-2.46504e-06
7.07952e-05
-4.07241e-06
5.88262e-05
-6.74051e-06
4.19238e-05
-1.16152e-05
2.07667e-05
-2.07639e-05
1.77391e-06
-3.60799e-05
-4.41385e-05
3.88933e-05
7.03895e-05
9.00264e-05
0.000102877
0.000111598
0.0001176
0.000121758
0.000124608
0.000126458
0.000127478
0.000127742
0.00012724
0.000125875
0.00012341
0.000119338
0.000112598
0.000100982
8.02184e-05
4.41385e-05
)
;

boundaryField
{
    movingWall
    {
        type            calculated;
        value           uniform 0;
    }
    fixedWalls
    {
        type            calculated;
        value           uniform 0;
    }
    frontAndBack
    {
        type            empty;
        value           nonuniform List<scalar> 0();
    }
}


// ************************************************************************* //
