/*--------------------------------*- C++ -*----------------------------------*\
  =========                 |
  \\      /  F ield         | OpenFOAM: The Open Source CFD Toolbox
   \\    /   O peration     | Website:  https://openfoam.org
    \\  /    A nd           | Version:  8
     \\/     M anipulation  |
\*---------------------------------------------------------------------------*/
FoamFile
{
    version     2.0;
    format      ascii;
    class       surfaceScalarField;
    location    "0.5";
    object      phi;
}
// * * * * * * * * * * * * * * * * * * * * * * * * * * * * * * * * * * * * * //

dimensions      [0 3 -1 0 0 0 0];

internalField   nonuniform List<scalar> 
760
(
4.56706e-08
-4.57753e-08
-8.81157e-08
1.33786e-07
-4.10552e-07
3.22435e-07
-8.61552e-07
4.51e-07
-1.37522e-06
5.13671e-07
-1.89232e-06
5.17096e-07
-2.36237e-06
4.70053e-07
-2.74324e-06
3.8087e-07
-3.00044e-06
2.57203e-07
-3.10771e-06
1.07265e-07
-3.04912e-06
-5.85924e-08
-2.82239e-06
-2.26727e-07
-2.44239e-06
-3.79997e-07
-1.94364e-06
-4.98754e-07
-1.38045e-06
-5.63187e-07
-8.23536e-07
-5.56917e-07
-3.51966e-07
-4.71573e-07
-4.02821e-08
-3.11685e-07
6.3595e-08
-1.03877e-07
6.35963e-08
-1.30203e-07
8.44276e-08
-6.54145e-07
6.57728e-07
-1.54228e-06
1.21057e-06
-2.68431e-06
1.59302e-06
-3.9484e-06
1.77776e-06
-5.2055e-06
1.7742e-06
-6.33931e-06
1.60386e-06
-7.25007e-06
1.29164e-06
-7.8567e-06
8.63825e-07
-8.09971e-06
3.50278e-07
-7.9462e-06
-2.12099e-07
-7.39602e-06
-7.76912e-07
-6.48772e-06
-1.2883e-06
-5.30201e-06
-1.68446e-06
-3.96008e-06
-1.90512e-06
-2.61439e-06
-1.90261e-06
-1.43001e-06
-1.65595e-06
-5.56212e-07
-1.18549e-06
-8.7333e-08
-5.72756e-07
-2.3736e-08
-3.39393e-07
4.23819e-07
-1.28332e-06
1.60166e-06
-2.7095e-06
2.63675e-06
-4.45331e-06
3.33683e-06
-6.33531e-06
3.65976e-06
-8.18097e-06
3.61986e-06
-9.83154e-06
3.25443e-06
-1.11498e-05
2.60988e-06
-1.2024e-05
1.7381e-06
-1.23732e-05
6.99421e-07
-1.21531e-05
-4.3222e-07
-1.13643e-05
-1.56569e-06
-1.00594e-05
-2.5932e-06
-8.34691e-06
-3.39694e-06
-6.38928e-06
-3.86275e-06
-4.39122e-06
-3.90066e-06
-2.57676e-06
-3.47041e-06
-1.15488e-06
-2.60737e-06
-2.7764e-07
-1.45e-06
-3.01376e-07
-5.30189e-07
9.54006e-07
-1.87912e-06
2.95059e-06
-3.81822e-06
4.57585e-06
-6.11694e-06
5.63556e-06
-8.55011e-06
6.09293e-06
-1.09078e-05
5.97759e-06
-1.30022e-05
5.34877e-06
-1.46713e-05
4.27895e-06
-1.57831e-05
2.84992e-06
-1.62407e-05
1.15705e-06
-1.59894e-05
-6.83512e-07
-1.50255e-05
-2.52964e-06
-1.34049e-05
-4.21377e-06
-1.12498e-05
-5.55204e-06
-8.74844e-06
-6.3641e-06
-6.14553e-06
-6.50357e-06
-3.71927e-06
-5.89667e-06
-1.74563e-06
-4.58101e-06
-4.55593e-07
-2.74004e-06
-7.5697e-07
-7.01402e-07
1.65541e-06
-2.43003e-06
4.67922e-06
-4.85398e-06
6.9998e-06
-7.67293e-06
8.45451e-06
-1.06161e-05
9.03607e-06
-1.34433e-05
8.80479e-06
-1.59453e-05
7.85082e-06
-1.7944e-05
6.27758e-06
-1.92931e-05
4.19907e-06
-1.98827e-05
1.74663e-06
-1.96454e-05
-9.20827e-07
-1.85662e-05
-3.60883e-06
-1.66938e-05
-6.08616e-06
-1.4151e-05
-8.09481e-06
-1.11408e-05
-9.37438e-06
-7.94185e-06
-9.70248e-06
-4.89007e-06
-8.94846e-06
-2.34198e-06
-7.12909e-06
-6.26832e-07
-4.45518e-06
-1.3838e-06
-8.57831e-07
2.51324e-06
-2.94113e-06
6.76252e-06
-5.8212e-06
9.87987e-06
-9.12869e-06
1.1762e-05
-1.25488e-05
1.24562e-05
-1.58155e-05
1.20715e-05
-1.87045e-05
1.07398e-05
-2.10276e-05
8.60064e-06
-2.26293e-05
5.80084e-06
-2.3388e-05
2.50535e-06
-2.32208e-05
-1.08806e-06
-2.20937e-05
-4.73589e-06
-2.00364e-05
-8.14351e-06
-1.71586e-05
-1.09726e-05
-1.36656e-05
-1.28674e-05
-9.86442e-06
-1.35036e-05
-6.15284e-06
-1.266e-05
-2.98399e-06
-1.02979e-05
-8.07905e-07
-6.63126e-06
-2.19171e-06
-1.00372e-06
3.51696e-06
-3.41913e-06
9.17792e-06
-6.72526e-06
1.3186e-05
-1.0486e-05
1.55228e-05
-1.43459e-05
1.63161e-05
-1.80183e-05
1.57439e-05
-2.12708e-05
1.39923e-05
-2.39124e-05
1.12422e-05
-2.57838e-05
7.67222e-06
-2.67539e-05
3.47551e-06
-2.67224e-05
-1.1196e-06
-2.5629e-05
-5.8293e-06
-2.34715e-05
-1.0301e-05
-2.03301e-05
-1.4114e-05
-1.63956e-05
-1.6802e-05
-1.19912e-05
-1.7908e-05
-7.57695e-06
-1.70743e-05
-3.71881e-06
-1.41561e-05
-1.01747e-06
-9.33261e-06
-3.20917e-06
-1.14219e-06
4.65915e-06
-3.86902e-06
1.19048e-05
-7.56732e-06
1.68843e-05
-1.17356e-05
1.9691e-05
-1.59821e-05
2.05627e-05
-2.00074e-05
1.97691e-05
-2.35801e-05
1.75651e-05
-2.65159e-05
1.4178e-05
-2.866e-05
9.81633e-06
-2.98775e-05
4.69299e-06
-3.00511e-05
-9.45961e-07
-2.90892e-05
-6.79123e-06
-2.69449e-05
-1.24453e-05
-2.3649e-05
-1.74099e-05
-1.93527e-05
-2.10982e-05
-1.43734e-05
-2.28873e-05
-9.2229e-06
-2.22248e-05
-4.59321e-06
-1.87858e-05
-1.27468e-06
-1.26511e-05
-4.48385e-06
-1.27624e-06
5.93539e-06
-4.29553e-06
1.4924e-05
-8.34528e-06
2.0934e-05
-1.28572e-05
2.42029e-05
-1.74094e-05
2.51148e-05
-2.16996e-05
2.40593e-05
-2.55109e-05
2.13765e-05
-2.86791e-05
1.73462e-05
-3.10667e-05
1.22039e-05
-3.2545e-05
6.17127e-06
-3.2986e-05
-5.05009e-07
-3.22654e-05
-7.51175e-06
-3.02817e-05
-1.4429e-05
-2.69935e-05
-2.06981e-05
-2.24795e-05
-2.56123e-05
-1.70127e-05
-2.83541e-05
-1.11293e-05
-2.81083e-05
-5.64924e-06
-2.42658e-05
-1.59929e-06
-1.67011e-05
-6.08314e-06
-1.41147e-06
7.34687e-06
-4.7084e-06
1.8221e-05
-9.05983e-06
2.52855e-05
-1.38253e-05
2.89684e-05
-1.856e-05
2.98495e-05
-2.29745e-05
2.84739e-05
-2.68845e-05
2.52865e-05
-3.01647e-05
2.06263e-05
-3.27125e-05
1.47517e-05
-3.4422e-05
7.88078e-06
-3.51673e-05
2.40276e-07
-3.47983e-05
-7.8807e-06
-3.3154e-05
-1.60733e-05
-3.01003e-05
-2.37518e-05
-2.56025e-05
-3.011e-05
-1.98331e-05
-3.41235e-05
-1.32968e-05
-3.46446e-05
-6.92036e-06
-3.06423e-05
-2.0128e-06
-2.16086e-05
-8.09594e-06
-1.56074e-06
8.9076e-06
-5.13136e-06
2.17916e-05
-9.72365e-06
2.98778e-05
-1.4615e-05
3.38598e-05
-1.93505e-05
3.4585e-05
-2.36763e-05
3.27996e-05
-2.74654e-05
2.90755e-05
-3.06559e-05
2.38169e-05
-3.32039e-05
1.72997e-05
-3.50484e-05
9.72529e-06
-3.60865e-05
1.27833e-06
-3.61588e-05
-7.80843e-06
-3.50511e-05
-1.71809e-05
-3.25243e-05
-2.62786e-05
-2.83888e-05
-3.42455e-05
-2.26421e-05
-3.98702e-05
-1.56653e-05
-4.16213e-05
-8.42533e-06
-3.78823e-05
-2.54059e-06
-2.74934e-05
-1.06365e-05
-1.75183e-06
1.06594e-05
-5.61435e-06
2.56541e-05
-1.0371e-05
3.46344e-05
-1.52062e-05
3.8695e-05
-1.96795e-05
3.90583e-05
-2.36078e-05
3.6728e-05
-2.6956e-05
3.24237e-05
-2.97555e-05
2.66164e-05
-3.20476e-05
1.95918e-05
-3.38425e-05
1.15203e-05
-3.50878e-05
2.52355e-06
-3.56421e-05
-7.25406e-06
-3.52607e-05
-1.75624e-05
-3.36037e-05
-2.79356e-05
-3.02967e-05
-3.75525e-05
-2.50798e-05
-4.50871e-05
-1.80765e-05
-4.86246e-05
-1.01559e-05
-4.58029e-05
-3.215e-06
-3.44343e-05
-1.38515e-05
-2.03986e-06
1.26993e-05
-6.24743e-06
2.98617e-05
-1.10598e-05
3.94468e-05
-1.55698e-05
4.3205e-05
-1.94034e-05
4.28918e-05
-2.25046e-05
3.98292e-05
-2.4975e-05
3.48941e-05
-2.69723e-05
2.86137e-05
-2.8649e-05
2.12685e-05
-3.01111e-05
1.29824e-05
-3.1385e-05
3.79743e-06
-3.23834e-05
-6.25564e-06
-3.28707e-05
-1.70751e-05
-3.24391e-05
-2.83672e-05
-3.05291e-05
-3.94625e-05
-2.6555e-05
-4.90613e-05
-2.02172e-05
-5.49623e-05
-1.20516e-05
-5.39685e-05
-4.07881e-06
-4.24071e-05
-1.79304e-05
-2.52663e-06
1.52259e-05
-7.16887e-06
3.45039e-05
-1.18456e-05
4.41235e-05
-1.56103e-05
4.69697e-05
-1.82616e-05
4.55431e-05
-1.99576e-05
4.15252e-05
-2.09918e-05
3.59282e-05
-2.16778e-05
2.92997e-05
-2.22946e-05
2.18854e-05
-2.3057e-05
1.37447e-05
-2.40902e-05
4.83064e-06
-2.53959e-05
-4.94991e-06
-2.68018e-05
-1.56692e-05
-2.78991e-05
-2.72699e-05
-2.79966e-05
-3.9365e-05
-2.61668e-05
-5.0891e-05
-2.15287e-05
-5.96004e-05
-1.3945e-05
-6.15522e-05
-5.18422e-06
-5.11679e-05
-2.31146e-05
-3.38435e-06
1.86103e-05
-8.53779e-06
3.96574e-05
-1.26719e-05
4.82577e-05
-1.49975e-05
4.92953e-05
-1.56883e-05
4.62339e-05
-1.52373e-05
4.10742e-05
-1.41819e-05
3.48728e-05
-1.3002e-05
2.81198e-05
-1.20933e-05
2.09768e-05
-1.17658e-05
1.34173e-05
-1.22407e-05
5.30547e-06
-1.3628e-05
-3.56264e-06
-1.58735e-05
-1.34237e-05
-1.86646e-05
-2.44788e-05
-2.13036e-05
-3.6726e-05
-2.26133e-05
-4.95813e-05
-2.10598e-05
-6.1154e-05
-1.54378e-05
-6.71742e-05
-6.5642e-06
-6.00415e-05
-2.96788e-05
-4.8487e-06
2.3459e-05
-1.03661e-05
4.51748e-05
-1.30372e-05
5.09287e-05
-1.27597e-05
4.90178e-05
-1.04155e-05
4.38897e-05
-6.9539e-06
3.76126e-05
-3.16393e-06
3.10828e-05
3.5079e-07
2.46051e-05
3.13603e-06
1.81915e-05
4.84093e-06
1.17124e-05
5.18916e-06
4.95724e-06
3.97557e-06
-2.34905e-06
1.10353e-06
-1.05516e-05
-3.31516e-06
-2.00601e-05
-8.77079e-06
-3.12704e-05
-1.40867e-05
-4.42654e-05
-1.72234e-05
-5.80173e-05
-1.56189e-05
-6.87786e-05
-8.10179e-06
-6.75586e-05
-3.77806e-05
-7.04763e-06
3.05066e-05
-1.18874e-05
5.00145e-05
-1.11053e-05
5.01466e-05
-6.40554e-06
4.4318e-05
2.51904e-07
3.72323e-05
7.47756e-06
3.0387e-05
1.43636e-05
2.41967e-05
2.03302e-05
1.86385e-05
2.49914e-05
1.35303e-05
2.80591e-05
8.64466e-06
2.92817e-05
3.73464e-06
2.84141e-05
-1.48149e-06
2.52231e-05
-7.36056e-06
1.95512e-05
-1.43882e-05
1.15038e-05
-2.3223e-05
1.83996e-06
-3.46016e-05
-7.41851e-06
-4.87588e-05
-1.25122e-05
-6.3685e-05
-9.16152e-06
-7.09093e-05
-4.69421e-05
-9.24841e-06
3.9755e-05
-9.5919e-06
5.0358e-05
-1.60634e-06
4.21611e-05
9.70474e-06
3.30069e-05
2.14902e-05
2.54468e-05
3.24213e-05
1.94558e-05
4.18861e-05
1.47319e-05
4.96097e-05
1.0915e-05
5.54585e-05
7.68152e-06
5.93306e-05
4.77255e-06
6.10935e-05
1.97178e-06
6.05451e-05
-9.3313e-07
5.73854e-05
-4.20081e-06
5.12116e-05
-8.21443e-06
4.15952e-05
-1.36065e-05
2.83981e-05
-2.14045e-05
1.26215e-05
-3.29823e-05
-1.99885e-06
-4.90646e-05
-7.7776e-06
-6.51305e-05
-5.47197e-05
-5.18899e-06
4.4944e-05
8.91938e-06
3.62497e-05
2.84191e-05
2.26613e-05
4.64484e-05
1.49777e-05
6.16014e-05
1.02938e-05
7.38777e-05
7.17953e-06
8.3564e-05
5.04558e-06
9.09635e-05
3.51555e-06
9.63087e-05
2.33631e-06
9.97343e-05
1.34692e-06
0.000101266
4.39727e-07
0.000100811
-4.77878e-07
9.81109e-05
-1.50062e-06
9.26837e-05
-2.78727e-06
8.37147e-05
-4.63744e-06
7.00059e-05
-7.69573e-06
5.03746e-05
-1.3351e-05
2.54662e-05
-2.41562e-05
2.71825e-06
-4.23826e-05
-5.20014e-05
4.4944e-05
8.11937e-05
0.000103855
0.000118833
0.000129127
0.000136306
0.000141352
0.000144867
0.000147203
0.00014855
0.00014899
0.000148512
0.000147012
0.000144224
0.000139587
0.000131891
0.00011854
9.4384e-05
5.20014e-05
)
;

boundaryField
{
    movingWall
    {
        type            calculated;
        value           uniform 0;
    }
    fixedWalls
    {
        type            calculated;
        value           uniform 0;
    }
    frontAndBack
    {
        type            empty;
        value           nonuniform List<scalar> 0();
    }
}


// ************************************************************************* //
