/*--------------------------------*- C++ -*----------------------------------*\
  =========                 |
  \\      /  F ield         | OpenFOAM: The Open Source CFD Toolbox
   \\    /   O peration     | Website:  https://openfoam.org
    \\  /    A nd           | Version:  8
     \\/     M anipulation  |
\*---------------------------------------------------------------------------*/
FoamFile
{
    version     2.0;
    format      ascii;
    class       volVectorField;
    location    "0.5";
    object      U;
}
// * * * * * * * * * * * * * * * * * * * * * * * * * * * * * * * * * * * * * //

dimensions      [0 1 -1 0 0 0 0];

internalField   nonuniform List<vector> 
400
(
(0.000844958 -0.000842886 0)
(0.000338314 0.000444426 0)
(-0.00435408 0.00198087 0)
(-0.0123368 0.00302984 0)
(-0.0222398 0.00354874 0)
(-0.0327819 0.00361562 0)
(-0.0428563 0.00331423 0)
(-0.0515338 0.00271246 0)
(-0.0580458 0.00186358 0)
(-0.0617782 0.000820047 0)
(-0.0622984 -0.000350304 0)
(-0.059412 -0.00155233 0)
(-0.0532344 -0.00265952 0)
(-0.0442563 -0.00352051 0)
(-0.0333751 -0.00397658 0)
(-0.0218671 -0.00388977 0)
(-0.0112755 -0.00317976 0)
(-0.00320057 -0.00186685 0)
(0.00102783 -0.000176296 0)
(0.00102157 0.000992158 0)
(-0.000379185 -0.000422428 0)
(-0.00600051 0.00598942 0)
(-0.0204431 0.0126795 0)
(-0.041389 0.0173486 0)
(-0.0660803 0.0196545 0)
(-0.0918755 0.0197594 0)
(-0.116301 0.0179512 0)
(-0.137177 0.0145309 0)
(-0.152684 0.00979414 0)
(-0.161395 0.00406641 0)
(-0.162364 -0.00224568 0)
(-0.155232 -0.00861785 0)
(-0.140363 -0.0144038 0)
(-0.118946 -0.0188746 0)
(-0.0930259 -0.0213072 0)
(-0.0654046 -0.0211179 0)
(-0.0393541 -0.0180336 0)
(-0.0181348 -0.0122788 0)
(-0.00450491 -0.00489202 0)
(5.57169e-05 0.00115115 0)
(-0.00202508 0.00426406 0)
(-0.0135393 0.0206183 0)
(-0.0378159 0.0358284 0)
(-0.0705103 0.046332 0)
(-0.107662 0.0513531 0)
(-0.145756 0.0510897 0)
(-0.181447 0.0461017 0)
(-0.211744 0.0370737 0)
(-0.234137 0.0247553 0)
(-0.246671 0.0100109 0)
(-0.248062 -0.00609538 0)
(-0.237839 -0.0222397 0)
(-0.216508 -0.0368451 0)
(-0.185676 -0.0481819 0)
(-0.148085 -0.0545752 0)
(-0.107489 -0.0547141 0)
(-0.0682851 -0.0480376 0)
(-0.0349009 -0.0351353 0)
(-0.0114749 -0.0182354 0)
(-0.00137658 -0.00246893 0)
(-0.00349078 0.0130213 0)
(-0.0206158 0.0437039 0)
(-0.0543906 0.0697416 0)
(-0.0981173 0.0871285 0)
(-0.14655 0.0949596 0)
(-0.195443 0.0936055 0)
(-0.240835 0.0839906 0)
(-0.279197 0.0672785 0)
(-0.307566 0.044788 0)
(-0.323626 0.0180612 0)
(-0.325824 -0.0110172 0)
(-0.313535 -0.0401355 0)
(-0.28725 -0.0665714 0)
(-0.248732 -0.0873551 0)
(-0.201109 -0.0996067 0)
(-0.148792 -0.101045 0)
(-0.0971061 -0.0906202 0)
(-0.0516514 -0.0691473 0)
(-0.0182422 -0.039915 0)
(-0.00265493 -0.00981073 0)
(-0.00476368 0.025397 0)
(-0.0270687 0.0746035 0)
(-0.0698298 0.113529 0)
(-0.123965 0.138492 0)
(-0.1829 0.148928 0)
(-0.241718 0.145654 0)
(-0.29598 0.130113 0)
(-0.341793 0.104037 0)
(-0.375899 0.0693758 0)
(-0.395713 0.0283989 0)
(-0.399425 -0.0161372 0)
(-0.386166 -0.0608644 0)
(-0.356223 -0.101807 0)
(-0.311271 -0.134586 0)
(-0.254563 -0.154866 0)
(-0.190976 -0.159071 0)
(-0.126725 -0.145294 0)
(-0.0687561 -0.114211 0)
(-0.0249306 -0.0698539 0)
(-0.00381568 -0.0206056 0)
(-0.00590405 0.0410393 0)
(-0.0330069 0.112832 0)
(-0.0842133 0.166709 0)
(-0.148143 0.199913 0)
(-0.216918 0.212721 0)
(-0.285002 0.206735 0)
(-0.347591 0.184117 0)
(-0.400565 0.147269 0)
(-0.440491 0.0988001 0)
(-0.464586 0.0416901 0)
(-0.47077 -0.020467 0)
(-0.457823 -0.0832658 0)
(-0.425629 -0.141439 0)
(-0.375504 -0.189051 0)
(-0.31055 -0.220019 0)
(-0.235904 -0.229018 0)
(-0.158638 -0.212719 0)
(-0.0872481 -0.171098 0)
(-0.0320873 -0.10853 0)
(-0.00501399 -0.0348637 0)
(-0.00696267 0.0596953 0)
(-0.0385553 0.157925 0)
(-0.0976734 0.228729 0)
(-0.17073 0.270792 0)
(-0.248597 0.285736 0)
(-0.325204 0.276327 0)
(-0.395513 0.245681 0)
(-0.455321 0.196974 0)
(-0.501156 0.133469 0)
(-0.530121 0.0587785 0)
(-0.539879 -0.0227867 0)
(-0.528762 -0.1059 0)
(-0.496051 -0.184052 0)
(-0.442401 -0.249653 0)
(-0.370403 -0.294555 0)
(-0.285139 -0.311108 0)
(-0.194385 -0.293774 0)
(-0.108335 -0.241006 0)
(-0.0403683 -0.15695 0)
(-0.00642435 -0.0529611 0)
(-0.00797701 0.0811859 0)
(-0.0438148 0.209451 0)
(-0.110301 0.298959 0)
(-0.191671 0.350345 0)
(-0.277612 0.367115 0)
(-0.36164 0.353625 0)
(-0.438658 0.314211 0)
(-0.504579 0.252925 0)
(-0.556076 0.173653 0)
(-0.590285 0.0805005 0)
(-0.604677 -0.0217159 0)
(-0.597104 -0.126979 0)
(-0.566066 -0.22771 0)
(-0.511222 -0.314674 0)
(-0.434189 -0.377381 0)
(-0.339479 -0.405195 0)
(-0.235188 -0.389329 0)
(-0.133179 -0.325503 0)
(-0.0504577 -0.216694 0)
(-0.00823189 -0.0756592 0)
(-0.00898413 0.105389 0)
(-0.04889 0.267011 0)
(-0.12217 0.376665 0)
(-0.210797 0.43751 0)
(-0.303322 0.455572 0)
(-0.393023 0.437296 0)
(-0.474987 0.388541 0)
(-0.545523 0.314348 0)
(-0.601715 0.219176 0)
(-0.640968 0.107425 0)
(-0.660734 -0.0158836 0)
(-0.658448 -0.144405 0)
(-0.631727 -0.269832 0)
(-0.578917 -0.381486 0)
(-0.500088 -0.4664 0)
(-0.398425 -0.510295 0)
(-0.281587 -0.499852 0)
(-0.162733 -0.426312 0)
(-0.0630492 -0.289866 0)
(-0.010645 -0.104112 0)
(-0.010051 0.132255 0)
(-0.0539766 0.330253 0)
(-0.133461 0.460955 0)
(-0.227939 0.530792 0)
(-0.324857 0.549135 0)
(-0.417512 0.525138 0)
(-0.501528 0.466548 0)
(-0.573983 0.379522 0)
(-0.632747 0.269014 0)
(-0.675844 0.139489 0)
(-0.701008 -0.00421271 0)
(-0.705468 -0.155917 0)
(-0.686004 -0.307148 0)
(-0.63942 -0.446261 0)
(-0.563633 -0.557981 0)
(-0.459494 -0.623909 0)
(-0.332978 -0.624755 0)
(-0.197563 -0.544871 0)
(-0.0788571 -0.378952 0)
(-0.0139258 -0.139887 0)
(-0.0113283 0.161904 0)
(-0.0595116 0.398957 0)
(-0.144653 0.550736 0)
(-0.243091 0.628073 0)
(-0.341221 0.644843 0)
(-0.432762 0.613715 0)
(-0.514382 0.544741 0)
(-0.584432 0.445326 0)
(-0.642044 0.320841 0)
(-0.686316 0.175546 0)
(-0.715705 0.0136673 0)
(-0.727628 -0.15941 0)
(-0.71829 -0.335823 0)
(-0.682938 -0.503808 0)
(-0.61684 -0.646441 0)
(-0.51735 -0.741181 0)
(-0.386959 -0.761444 0)
(-0.237562 -0.681608 0)
(-0.0986326 -0.48655 0)
(-0.0184403 -0.185022 0)
(-0.0131448 0.194833 0)
(-0.0664022 0.473225 0)
(-0.156764 0.644676 0)
(-0.256551 0.726357 0)
(-0.351292 0.738374 0)
(-0.435831 0.697925 0)
(-0.508615 0.617823 0)
(-0.56991 0.506819 0)
(-0.620669 0.370582 0)
(-0.661582 0.212892 0)
(-0.692362 0.0369167 0)
(-0.711172 -0.153421 0)
(-0.714183 -0.351828 0)
(-0.695417 -0.547665 0)
(-0.647334 -0.723671 0)
(-0.562733 -0.853996 0)
(-0.438373 -0.904051 0)
(-0.281445 -0.834807 0)
(-0.123152 -0.614899 0)
(-0.0247412 -0.242149 0)
(-0.016174 0.232344 0)
(-0.0763525 0.553754 0)
(-0.171547 0.741048 0)
(-0.268795 0.821332 0)
(-0.35342 0.823511 0)
(-0.422638 0.77052 0)
(-0.477735 0.678301 0)
(-0.521658 0.556911 0)
(-0.557742 0.412105 0)
(-0.588744 0.246898 0)
(-0.616145 0.0630027 0)
(-0.639494 -0.13773 0)
(-0.655708 -0.351578 0)
(-0.658396 -0.570558 0)
(-0.637671 -0.779129 0)
(-0.581272 -0.950195 0)
(-0.477956 -1.04189 0)
(-0.325843 -0.998887 0)
(-0.153097 -0.765006 0)
(-0.0336876 -0.314694 0)
(-0.0217186 0.277288 0)
(-0.0922637 0.642076 0)
(-0.191338 0.83719 0)
(-0.279596 0.906489 0)
(-0.344018 0.891331 0)
(-0.386371 0.821553 0)
(-0.412221 0.71622 0)
(-0.427995 0.586309 0)
(-0.439806 0.437251 0)
(-0.452715 0.270972 0)
(-0.470252 0.0874514 0)
(-0.493873 -0.113931 0)
(-0.522131 -0.332808 0)
(-0.549489 -0.5654 0)
(-0.565089 -0.800498 0)
(-0.552293 -1.01332 0)
(-0.490461 -1.15788 0)
(-0.363635 -1.16193 0)
(-0.188548 -0.934943 0)
(-0.0465558 -0.4071 0)
(-0.0321038 0.33526 0)
(-0.118414 0.740337 0)
(-0.217696 0.928007 0)
(-0.2851 0.971453 0)
(-0.31384 0.929033 0)
(-0.313723 0.837885 0)
(-0.296242 0.719277 0)
(-0.2718 0.584052 0)
(-0.2492 0.436554 0)
(-0.235509 0.277217 0)
(-0.236082 0.104182 0)
(-0.254385 -0.0856467 0)
(-0.291294 -0.295507 0)
(-0.343647 -0.52686 0)
(-0.401974 -0.775434 0)
(-0.447813 -1.02356 0)
(-0.452064 -1.22757 0)
(-0.380815 -1.30256 0)
(-0.227264 -1.11667 0)
(-0.0648174 -0.524714 0)
(-0.0507495 0.4165 0)
(-0.158982 0.849423 0)
(-0.24617 1.00226 0)
(-0.269989 0.998986 0)
(-0.239625 0.918495 0)
(-0.17739 0.803205 0)
(-0.101604 0.673887 0)
(-0.0260565 0.539177 0)
(0.0388771 0.401114 0)
(0.0853146 0.258203 0)
(0.107078 0.106868 0)
(0.0993014 -0.057947 0)
(0.0586977 -0.242457 0)
(-0.0151953 -0.453235 0)
(-0.117267 -0.69448 0)
(-0.231973 -0.960563 0)
(-0.32679 -1.21973 0)
(-0.350627 -1.38667 0)
(-0.25971 -1.29103 0)
(-0.0883841 -0.673634 0)
(-0.0798965 0.539838 0)
(-0.210033 0.962027 0)
(-0.250095 1.03283 0)
(-0.188787 0.958728 0)
(-0.0676606 0.83426 0)
(0.0765215 0.698973 0)
(0.221062 0.567721 0)
(0.351854 0.44389 0)
(0.459749 0.325874 0)
(0.538349 0.21 0)
(0.582474 0.0914713 0)
(0.587243 -0.0356286 0)
(0.547774 -0.178851 0)
(0.459684 -0.347998 0)
(0.321227 -0.554736 0)
(0.138895 -0.808117 0)
(-0.0618242 -1.09905 0)
(-0.223642 -1.36416 0)
(-0.257824 -1.41948 0)
(-0.109207 -0.860873 0)
(-0.10661 0.730806 0)
(-0.22936 1.04003 0)
(-0.137239 0.958066 0)
(0.0726269 0.800773 0)
(0.312749 0.645756 0)
(0.54409 0.510436 0)
(0.75007 0.396473 0)
(0.922993 0.299741 0)
(1.05935 0.214754 0)
(1.15714 0.136282 0)
(1.21428 0.0593978 0)
(1.22757 -0.0211176 0)
(1.19211 -0.111786 0)
(1.1008 -0.222043 0)
(0.944682 -0.36628 0)
(0.716354 -0.56475 0)
(0.419355 -0.836638 0)
(0.0890596 -1.16899 0)
(-0.151669 -1.42228 0)
(-0.090752 -1.07118 0)
(-0.0111857 0.914934 0)
(-0.00937918 0.954661 0)
(0.353858 0.697689 0)
(0.755239 0.499134 0)
(1.09276 0.360653 0)
(1.36623 0.261766 0)
(1.5847 0.189952 0)
(1.75469 0.135955 0)
(1.88149 0.0929095 0)
(1.96888 0.0560032 0)
(2.01859 0.0216927 0)
(2.03003 -0.0131258 0)
(1.99989 -0.0520857 0)
(1.92107 -0.100692 0)
(1.78105 -0.16897 0)
(1.5602 -0.27626 0)
(1.22956 -0.457329 0)
(0.758357 -0.756693 0)
(0.246993 -1.14527 0)
(0.115313 -1.12918 0)
(1.01245 0.496382 0)
(1.30903 0.438554 0)
(1.83513 0.273427 0)
(2.23944 0.167566 0)
(2.49493 0.105361 0)
(2.6646 0.067404 0)
(2.78367 0.0436276 0)
(2.86767 0.0281408 0)
(2.92523 0.0173044 0)
(2.96151 0.00894577 0)
(2.97918 0.00173982 0)
(2.97894 -0.00524213 0)
(2.95969 -0.0129691 0)
(2.91795 -0.0228467 0)
(2.84593 -0.0377348 0)
(2.72738 -0.0642804 0)
(2.52436 -0.118257 0)
(2.14301 -0.232648 0)
(1.53944 -0.439655 0)
(1.12373 -0.534378 0)
)
;

boundaryField
{
    movingWall
    {
        type            fixedValue;
        value           uniform (3.5 0 0);
    }
    fixedWalls
    {
        type            noSlip;
    }
    frontAndBack
    {
        type            empty;
    }
}


// ************************************************************************* //
