/*--------------------------------*- C++ -*----------------------------------*\
  =========                 |
  \\      /  F ield         | OpenFOAM: The Open Source CFD Toolbox
   \\    /   O peration     | Website:  https://openfoam.org
    \\  /    A nd           | Version:  8
     \\/     M anipulation  |
\*---------------------------------------------------------------------------*/
FoamFile
{
    version     2.0;
    format      ascii;
    class       volVectorField;
    location    "0.3";
    object      U;
}
// * * * * * * * * * * * * * * * * * * * * * * * * * * * * * * * * * * * * * //

dimensions      [0 1 -1 0 0 0 0];

internalField   nonuniform List<vector> 
400
(
(0.000845366 -0.000842176 0)
(0.000339023 0.000444741 0)
(-0.00435319 0.00198076 0)
(-0.012335 0.00302948 0)
(-0.0222366 0.00354826 0)
(-0.0327774 0.00361511 0)
(-0.0428505 0.00331378 0)
(-0.051527 0.00271212 0)
(-0.0580382 0.00186338 0)
(-0.0617703 0.000820002 0)
(-0.0622906 -0.000350194 0)
(-0.0594047 -0.00155208 0)
(-0.0532282 -0.00265913 0)
(-0.0442515 -0.00352002 0)
(-0.0333717 -0.00397606 0)
(-0.0218651 -0.0038893 0)
(-0.0112747 -0.00317944 0)
(-0.00320054 -0.00186673 0)
(0.00102758 -0.000176393 0)
(0.00102143 0.000991986 0)
(-0.000378805 -0.00042145 0)
(-0.00599907 0.00598926 0)
(-0.0204398 0.012678 0)
(-0.0413828 0.0173463 0)
(-0.0660706 0.0196518 0)
(-0.0918623 0.0197567 0)
(-0.116284 0.0179488 0)
(-0.137158 0.0145291 0)
(-0.152663 0.00979311 0)
(-0.161374 0.00406624 0)
(-0.162343 -0.00224497 0)
(-0.155212 -0.00861634 0)
(-0.140346 -0.0144016 0)
(-0.118932 -0.018872 0)
(-0.0930158 -0.0213044 0)
(-0.065398 -0.0211154 0)
(-0.0393505 -0.0180316 0)
(-0.0181334 -0.0122777 0)
(-0.00450468 -0.00489185 0)
(5.56566e-05 0.00115081 0)
(-0.0020246 0.0042639 0)
(-0.0135369 0.0206158 0)
(-0.03781 0.0358236 0)
(-0.0704998 0.0463256 0)
(-0.107647 0.051346 0)
(-0.145735 0.0510828 0)
(-0.181421 0.0460957 0)
(-0.211715 0.0370692 0)
(-0.234106 0.0247528 0)
(-0.246639 0.0100106 0)
(-0.24803 -0.00609342 0)
(-0.237809 -0.0222357 0)
(-0.216483 -0.0368394 0)
(-0.185655 -0.0481752 0)
(-0.148069 -0.0545681 0)
(-0.107478 -0.0547075 0)
(-0.0682784 -0.0480323 0)
(-0.0348978 -0.0351319 0)
(-0.0114739 -0.018234 0)
(-0.0013765 -0.00246903 0)
(-0.00349013 0.0130195 0)
(-0.0206126 0.0436979 0)
(-0.0543826 0.0697319 0)
(-0.0981032 0.0871164 0)
(-0.146529 0.0949467 0)
(-0.195416 0.093593 0)
(-0.240802 0.0839799 0)
(-0.27916 0.0672707 0)
(-0.307527 0.0447837 0)
(-0.323586 0.0180609 0)
(-0.325784 -0.0110135 0)
(-0.313499 -0.0401282 0)
(-0.287218 -0.0665611 0)
(-0.248705 -0.0873429 0)
(-0.201088 -0.099594 0)
(-0.148777 -0.101033 0)
(-0.0970969 -0.0906104 0)
(-0.0516467 -0.0691405 0)
(-0.0182407 -0.0399116 0)
(-0.00265472 -0.00981018 0)
(-0.00476291 0.0253933 0)
(-0.0270648 0.074593 0)
(-0.0698202 0.113514 0)
(-0.123948 0.138473 0)
(-0.182876 0.148908 0)
(-0.241687 0.145635 0)
(-0.295943 0.130097 0)
(-0.341752 0.104025 0)
(-0.375855 0.0693697 0)
(-0.395668 0.0283987 0)
(-0.399382 -0.0161316 0)
(-0.386126 -0.0608534 0)
(-0.356187 -0.101792 0)
(-0.311241 -0.134568 0)
(-0.254539 -0.154847 0)
(-0.190959 -0.159053 0)
(-0.126714 -0.145279 0)
(-0.0687503 -0.1142 0)
(-0.0249285 -0.0698478 0)
(-0.00381537 -0.0206041 0)
(-0.00590323 0.0410334 0)
(-0.0330027 0.112817 0)
(-0.0842033 0.166687 0)
(-0.148126 0.199886 0)
(-0.216894 0.212694 0)
(-0.28497 0.20671 0)
(-0.347554 0.184096 0)
(-0.400524 0.147254 0)
(-0.440447 0.0987921 0)
(-0.464541 0.0416899 0)
(-0.470726 -0.0204593 0)
(-0.457782 -0.0832511 0)
(-0.425592 -0.141419 0)
(-0.375473 -0.189027 0)
(-0.310525 -0.219993 0)
(-0.235886 -0.228994 0)
(-0.158627 -0.212698 0)
(-0.0872417 -0.171082 0)
(-0.0320849 -0.108521 0)
(-0.00501361 -0.0348611 0)
(-0.0069619 0.0596873 0)
(-0.0385514 0.157905 0)
(-0.097664 0.2287 0)
(-0.170714 0.270758 0)
(-0.248575 0.285702 0)
(-0.325175 0.276295 0)
(-0.395478 0.245655 0)
(-0.455283 0.196956 0)
(-0.501115 0.133459 0)
(-0.53008 0.0587785 0)
(-0.539838 -0.0227772 0)
(-0.528724 -0.105882 0)
(-0.496017 -0.184027 0)
(-0.442372 -0.249623 0)
(-0.370379 -0.294523 0)
(-0.285121 -0.311077 0)
(-0.194373 -0.293747 0)
(-0.108329 -0.240986 0)
(-0.0403658 -0.156938 0)
(-0.00642393 -0.0529573 0)
(-0.00797639 0.081176 0)
(-0.0438117 0.209426 0)
(-0.110293 0.298924 0)
(-0.191657 0.350305 0)
(-0.277593 0.367075 0)
(-0.361616 0.353588 0)
(-0.438629 0.314181 0)
(-0.504548 0.252903 0)
(-0.556042 0.173642 0)
(-0.590251 0.0805005 0)
(-0.604643 -0.0217049 0)
(-0.597072 -0.126958 0)
(-0.566036 -0.22768 0)
(-0.511197 -0.314639 0)
(-0.434168 -0.377344 0)
(-0.339463 -0.405158 0)
(-0.235177 -0.389296 0)
(-0.133173 -0.325478 0)
(-0.0504553 -0.216678 0)
(-0.00823146 -0.0756542 0)
(-0.00898374 0.105377 0)
(-0.048888 0.266983 0)
(-0.122165 0.376626 0)
(-0.210788 0.437466 0)
(-0.303309 0.455527 0)
(-0.393007 0.437255 0)
(-0.474968 0.388507 0)
(-0.545502 0.314324 0)
(-0.601692 0.219163 0)
(-0.640944 0.107425 0)
(-0.660711 -0.0158717 0)
(-0.658426 -0.144382 0)
(-0.631706 -0.2698 0)
(-0.578898 -0.381448 0)
(-0.500071 -0.466359 0)
(-0.398412 -0.510254 0)
(-0.281577 -0.499815 0)
(-0.162728 -0.426283 0)
(-0.063047 -0.289848 0)
(-0.0106446 -0.104106 0)
(-0.0100509 0.132243 0)
(-0.0539759 0.330223 0)
(-0.133459 0.460914 0)
(-0.227935 0.530746 0)
(-0.324852 0.549087 0)
(-0.417505 0.525095 0)
(-0.50152 0.466513 0)
(-0.573974 0.379496 0)
(-0.632737 0.269001 0)
(-0.675833 0.139488 0)
(-0.700997 -0.00420073 0)
(-0.705457 -0.155894 0)
(-0.685993 -0.307115 0)
(-0.639409 -0.446221 0)
(-0.563623 -0.557938 0)
(-0.459485 -0.623866 0)
(-0.332971 -0.624715 0)
(-0.197559 -0.544839 0)
(-0.0788553 -0.378931 0)
(-0.0139254 -0.139879 0)
(-0.0113285 0.161891 0)
(-0.0595126 0.398927 0)
(-0.144655 0.550695 0)
(-0.243094 0.628025 0)
(-0.341225 0.644795 0)
(-0.432766 0.613671 0)
(-0.514387 0.544705 0)
(-0.584436 0.4453 0)
(-0.642048 0.320827 0)
(-0.68632 0.175545 0)
(-0.715708 0.0136786 0)
(-0.727629 -0.159388 0)
(-0.718291 -0.335791 0)
(-0.682937 -0.503769 0)
(-0.616837 -0.646397 0)
(-0.517346 -0.741137 0)
(-0.386955 -0.761402 0)
(-0.237559 -0.681574 0)
(-0.0986313 -0.486527 0)
(-0.0184399 -0.185014 0)
(-0.0131454 0.194822 0)
(-0.0664048 0.473197 0)
(-0.15677 0.644637 0)
(-0.25656 0.726312 0)
(-0.351304 0.738328 0)
(-0.435846 0.697882 0)
(-0.508632 0.617787 0)
(-0.569928 0.506794 0)
(-0.620687 0.370568 0)
(-0.6616 0.21289 0)
(-0.692379 0.0369267 0)
(-0.711187 -0.1534 0)
(-0.714195 -0.351798 0)
(-0.695427 -0.547628 0)
(-0.64734 -0.723629 0)
(-0.562736 -0.853953 0)
(-0.438373 -0.904011 0)
(-0.281444 -0.834772 0)
(-0.123152 -0.614875 0)
(-0.0247409 -0.24214 0)
(-0.0161748 0.232334 0)
(-0.0763565 0.55373 0)
(-0.171556 0.741013 0)
(-0.268809 0.821291 0)
(-0.35344 0.823469 0)
(-0.422663 0.770481 0)
(-0.477763 0.678268 0)
(-0.521688 0.556887 0)
(-0.557773 0.412091 0)
(-0.588776 0.246895 0)
(-0.616175 0.0630109 0)
(-0.639522 -0.137712 0)
(-0.655733 -0.351551 0)
(-0.658416 -0.570525 0)
(-0.637686 -0.779091 0)
(-0.581281 -0.950156 0)
(-0.477961 -1.04186 0)
(-0.325845 -0.998854 0)
(-0.153097 -0.764983 0)
(-0.0336874 -0.314685 0)
(-0.0217196 0.277281 0)
(-0.0922685 0.642057 0)
(-0.191349 0.837161 0)
(-0.279614 0.906454 0)
(-0.344043 0.891295 0)
(-0.386401 0.821519 0)
(-0.412256 0.716191 0)
(-0.428034 0.586287 0)
(-0.439847 0.437239 0)
(-0.452757 0.270969 0)
(-0.470292 0.0874575 0)
(-0.493911 -0.113916 0)
(-0.522164 -0.332786 0)
(-0.549517 -0.565373 0)
(-0.565112 -0.800467 0)
(-0.552309 -1.01328 0)
(-0.49047 -1.15785 0)
(-0.363639 -1.16191 0)
(-0.188549 -0.934922 0)
(-0.0465558 -0.407091 0)
(-0.0321049 0.335256 0)
(-0.118419 0.740324 0)
(-0.217708 0.927985 0)
(-0.285119 0.971426 0)
(-0.313867 0.929004 0)
(-0.313757 0.837856 0)
(-0.296281 0.719252 0)
(-0.271843 0.584033 0)
(-0.249246 0.436542 0)
(-0.235556 0.277214 0)
(-0.236128 0.104186 0)
(-0.254428 -0.0856355 0)
(-0.291334 -0.29549 0)
(-0.343681 -0.526838 0)
(-0.402001 -0.775409 0)
(-0.447834 -1.02353 0)
(-0.452077 -1.22754 0)
(-0.380822 -1.30254 0)
(-0.227266 -1.11665 0)
(-0.0648177 -0.524706 0)
(-0.0507503 0.416498 0)
(-0.158986 0.849415 0)
(-0.246181 1.00224 0)
(-0.270007 0.998966 0)
(-0.23965 0.918473 0)
(-0.177422 0.803182 0)
(-0.101643 0.673868 0)
(-0.0260998 0.539161 0)
(0.0388308 0.401105 0)
(0.0852669 0.2582 0)
(0.107031 0.106871 0)
(0.0992563 -0.0579389 0)
(0.0586562 -0.242445 0)
(-0.0152317 -0.45322 0)
(-0.117297 -0.694462 0)
(-0.231996 -0.960544 0)
(-0.326806 -1.21971 0)
(-0.350635 -1.38665 0)
(-0.259713 -1.29102 0)
(-0.0883847 -0.673628 0)
(-0.0798969 0.539839 0)
(-0.210036 0.962024 0)
(-0.250103 1.03283 0)
(-0.188801 0.958715 0)
(-0.067681 0.834245 0)
(0.0764944 0.698957 0)
(0.221029 0.567707 0)
(0.351816 0.443878 0)
(0.459707 0.325867 0)
(0.538306 0.209997 0)
(0.582431 0.0914731 0)
(0.587202 -0.0356231 0)
(0.547736 -0.178843 0)
(0.45965 -0.347987 0)
(0.321198 -0.554725 0)
(0.138873 -0.808106 0)
(-0.0618402 -1.09904 0)
(-0.223651 -1.36414 0)
(-0.257827 -1.41947 0)
(-0.109208 -0.860868 0)
(-0.10661 0.730807 0)
(-0.229361 1.04003 0)
(-0.137242 0.958062 0)
(0.0726188 0.800766 0)
(0.312735 0.645747 0)
(0.544071 0.510427 0)
(0.750045 0.396464 0)
(0.922964 0.299734 0)
(1.05931 0.21475 0)
(1.15711 0.13628 0)
(1.21424 0.0593989 0)
(1.22754 -0.0211143 0)
(1.19208 -0.111781 0)
(1.10077 -0.222037 0)
(0.944658 -0.366274 0)
(0.716336 -0.564744 0)
(0.419341 -0.836632 0)
(0.0890513 -1.16899 0)
(-0.151672 -1.42227 0)
(-0.0907527 -1.07118 0)
(-0.0111852 0.914935 0)
(-0.00937844 0.954662 0)
(0.353857 0.697688 0)
(0.755236 0.499132 0)
(1.09275 0.36065 0)
(1.36621 0.261762 0)
(1.58469 0.189949 0)
(1.75467 0.135952 0)
(1.88146 0.0929078 0)
(1.96886 0.0560028 0)
(2.01856 0.0216934 0)
(2.03001 -0.0131242 0)
(1.99987 -0.0520834 0)
(1.92105 -0.100689 0)
(1.78103 -0.168967 0)
(1.56019 -0.276258 0)
(1.22955 -0.457327 0)
(0.758352 -0.756691 0)
(0.246991 -1.14527 0)
(0.115313 -1.12918 0)
(1.01245 0.496383 0)
(1.30903 0.438554 0)
(1.83513 0.273427 0)
(2.23944 0.167566 0)
(2.49493 0.10536 0)
(2.6646 0.0674032 0)
(2.78367 0.0436269 0)
(2.86766 0.0281403 0)
(2.92522 0.0173042 0)
(2.9615 0.00894579 0)
(2.97917 0.00174009 0)
(2.97893 -0.00524167 0)
(2.95969 -0.0129685 0)
(2.91794 -0.0228462 0)
(2.84592 -0.0377343 0)
(2.72738 -0.06428 0)
(2.52436 -0.118257 0)
(2.14301 -0.232648 0)
(1.53944 -0.439655 0)
(1.12373 -0.534378 0)
)
;

boundaryField
{
    movingWall
    {
        type            fixedValue;
        value           uniform (3.5 0 0);
    }
    fixedWalls
    {
        type            noSlip;
    }
    frontAndBack
    {
        type            empty;
    }
}


// ************************************************************************* //
