/*--------------------------------*- C++ -*----------------------------------*\
  =========                 |
  \\      /  F ield         | OpenFOAM: The Open Source CFD Toolbox
   \\    /   O peration     | Website:  https://openfoam.org
    \\  /    A nd           | Version:  8
     \\/     M anipulation  |
\*---------------------------------------------------------------------------*/
FoamFile
{
    version     2.0;
    format      ascii;
    class       volScalarField;
    location    "0.5";
    object      p;
}
// * * * * * * * * * * * * * * * * * * * * * * * * * * * * * * * * * * * * * //

dimensions      [0 2 -2 0 0 0 0];

internalField   nonuniform List<scalar> 
400
(
1.13723e-05
-0.0116482
-0.0257498
-0.0364273
-0.0403643
-0.0361178
-0.0235653
-0.00349184
0.0226736
0.0530035
0.0851707
0.116563
0.144456
0.166274
0.179929
0.184239
0.179393
0.16739
0.152386
0.14079
0.0115893
-0.000441327
-0.0114656
-0.0187521
-0.0207952
-0.0166015
-0.0060158
0.0104219
0.0316541
0.0562008
0.0822354
0.107688
0.1304
0.148344
0.159906
0.164202
0.161418
0.152989
0.141185
0.129333
0.0265188
0.00989031
-0.00197211
-0.00859998
-0.0102289
-0.00638304
0.00295252
0.0172862
0.0357495
0.0571316
0.0799094
0.102317
0.122472
0.138568
0.149109
0.153189
0.150801
0.142853
0.129985
0.113491
0.0396164
0.0167729
0.00213649
-0.0053583
-0.00741324
-0.00401725
0.00465051
0.0180492
0.0353865
0.0555973
0.0773189
0.098918
0.118585
0.134496
0.145037
0.149066
0.146269
0.137104
0.120935
0.0978742
0.0473297
0.0180778
0.000172973
-0.00862985
-0.0112932
-0.00819962
0.000290887
0.0135696
0.0308821
0.0512555
0.0734187
0.0957837
0.116502
0.133605
0.145208
0.149799
0.14667
0.135846
0.115616
0.0853381
0.046983
0.0114297
-0.00980763
-0.0199537
-0.0230954
-0.0199523
-0.0110409
0.00296674
0.0213426
0.0431818
0.0672678
0.0920038
0.115427
0.135315
0.149386
0.15561
0.152771
0.140414
0.115804
0.0777786
0.0362791
-0.00545505
-0.0298897
-0.0411504
-0.0444009
-0.0406755
-0.03063
-0.0149858
0.00556529
0.0301913
0.057727
0.0865491
0.114536
0.139131
0.157522
0.166996
0.165644
0.152384
0.123327
0.076835
0.0129501
-0.0349002
-0.0622471
-0.0741483
-0.0769004
-0.0718775
-0.0598739
-0.0416415
-0.0178044
0.0109172
0.0434492
0.0781706
0.112802
0.144406
0.169515
0.184525
0.186576
0.173671
0.140391
0.0844807
-0.0254838
-0.0794726
-0.109289
-0.12107
-0.122429
-0.115165
-0.100236
-0.0784039
-0.050172
-0.0160728
0.0229997
0.0655144
0.109098
0.150431
0.185299
0.208973
0.217282
0.206842
0.170024
0.103559
-0.081912
-0.142164
-0.173745
-0.184201
-0.182834
-0.17204
-0.152993
-0.126446
-0.0927058
-0.0519999
-0.00489761
0.0473181
0.102326
0.156517
0.204895
0.241383
0.260045
0.255415
0.216545
0.138366
-0.159914
-0.22665
-0.258767
-0.265905
-0.259739
-0.243551
-0.218817
-0.186254
-0.145865
-0.09741
-0.0409288
0.0227836
0.0917131
0.162185
0.228522
0.28315
0.317886
0.324224
0.286188
0.195446
-0.264322
-0.337731
-0.368065
-0.36846
-0.354171
-0.329789
-0.297193
-0.256999
-0.208751
-0.151525
-0.0845618
-0.00784652
0.0772975
0.167534
0.256829
0.33619
0.394774
0.419875
0.387981
0.28483
-0.402456
-0.482145
-0.506091
-0.493772
-0.465995
-0.429198
-0.385679
-0.335791
-0.278364
-0.211504
-0.133321
-0.0425957
0.060548
0.173733
0.29124
0.403136
0.495856
0.551301
0.535035
0.42219
-0.586891
-0.669981
-0.678147
-0.642763
-0.593047
-0.53766
-0.47906
-0.416924
-0.34894
-0.271844
-0.182236
-0.0772186
0.0448562
0.183413
0.334141
0.487343
0.627448
0.730258
0.746492
0.632954
-0.841512
-0.916961
-0.889943
-0.813968
-0.729645
-0.64728
-0.568494
-0.491371
-0.411717
-0.324336
-0.223874
-0.105329
0.0353593
0.200389
0.388404
0.59209
0.796099
0.971102
1.05004
0.959903
-1.21299
-1.24717
-1.14601
-1.00123
-0.864725
-0.745272
-0.641176
-0.547097
-0.455735
-0.359206
-0.249737
-0.119833
0.0375077
0.228242
0.455869
0.718786
1.00646
1.28885
1.48325
1.47404
-1.79254
-1.69457
-1.44691
-1.19234
-0.981684
-0.814857
-0.682162
-0.57155
-0.470721
-0.368218
-0.25344
-0.11617
0.053878
0.267302
0.534614
0.864471
1.25835
1.69498
2.09269
2.2919
-2.79511
-2.30048
-1.77103
-1.35668
-1.05216
-0.833307
-0.675209
-0.554177
-0.450632
-0.348895
-0.23559
-0.0980096
0.0772327
0.305853
0.607529
1.00674
1.52693
2.17609
2.93804
3.66257
-4.8095
-3.08051
-1.97794
-1.36895
-0.988804
-0.744501
-0.586947
-0.477557
-0.389305
-0.303601
-0.205967
-0.0828821
0.0801829
0.302264
0.611457
1.05134
1.68199
2.59687
4.05631
6.20002
-8.3822
-3.84005
-1.78953
-1.04376
-0.688474
-0.496137
-0.393661
-0.334085
-0.288759
-0.240675
-0.17775
-0.089421
0.0366307
0.216971
0.479623
0.877837
1.51471
2.64872
5.1576
10.1626
)
;

boundaryField
{
    movingWall
    {
        type            zeroGradient;
    }
    fixedWalls
    {
        type            zeroGradient;
    }
    frontAndBack
    {
        type            empty;
    }
}


// ************************************************************************* //
