/*--------------------------------*- C++ -*----------------------------------*\
  =========                 |
  \\      /  F ield         | OpenFOAM: The Open Source CFD Toolbox
   \\    /   O peration     | Website:  https://openfoam.org
    \\  /    A nd           | Version:  8
     \\/     M anipulation  |
\*---------------------------------------------------------------------------*/
FoamFile
{
    version     2.0;
    format      ascii;
    class       surfaceScalarField;
    location    "0.5";
    object      phi;
}
// * * * * * * * * * * * * * * * * * * * * * * * * * * * * * * * * * * * * * //

dimensions      [0 3 -1 0 0 0 0];

internalField   nonuniform List<scalar> 
760
(
2.73472e-08
-2.74427e-08
-4.72011e-08
7.45484e-08
-2.31507e-07
1.84306e-07
-4.92e-07
2.60494e-07
-7.89884e-07
2.97884e-07
-1.08923e-06
2.99345e-07
-1.35927e-06
2.70043e-07
-1.57499e-06
2.15713e-07
-1.71707e-06
1.42081e-07
-1.77213e-06
5.50605e-08
-1.73336e-06
-3.87679e-08
-1.60159e-06
-1.31769e-07
-1.38644e-06
-2.15145e-07
-1.10719e-06
-2.7925e-07
-7.92808e-07
-3.14387e-07
-4.80634e-07
-3.12173e-07
-2.13099e-07
-2.67535e-07
-3.19101e-08
-1.81189e-07
3.31745e-08
-6.50849e-08
3.31743e-08
-7.11021e-08
4.36594e-08
-3.66572e-07
3.70018e-07
-8.73973e-07
6.91706e-07
-1.53122e-06
9.17737e-07
-2.26081e-06
1.02748e-06
-2.98531e-06
1.02385e-06
-3.63491e-06
9.19635e-07
-4.15104e-06
7.31844e-07
-4.48823e-06
4.79276e-07
-4.61556e-06
1.82387e-07
-4.51838e-06
-1.35947e-07
-4.20042e-06
-4.49724e-07
-3.68571e-06
-7.29863e-07
-3.01949e-06
-9.45464e-07
-2.26729e-06
-1.06659e-06
-1.51071e-06
-1.06876e-06
-8.39002e-07
-9.39239e-07
-3.35516e-07
-6.84676e-07
-5.7362e-08
-3.43238e-07
-2.41879e-08
-1.88509e-07
2.32168e-07
-7.22149e-07
9.03659e-07
-1.53694e-06
1.5065e-06
-2.53947e-06
1.92026e-06
-3.62391e-06
2.11192e-06
-4.68563e-06
2.08557e-06
-5.6297e-06
1.8637e-06
-6.37587e-06
1.47802e-06
-6.86165e-06
9.65049e-07
-7.04463e-06
3.6537e-07
-6.90503e-06
-2.75551e-07
-6.44825e-06
-9.06502e-07
-5.70721e-06
-1.4709e-06
-4.74333e-06
-1.90934e-06
-3.64506e-06
-2.16487e-06
-2.52231e-06
-2.1915e-06
-1.49594e-06
-1.96561e-06
-6.81558e-07
-1.49906e-06
-1.68786e-07
-8.56011e-07
-1.92974e-07
-2.95586e-07
5.27755e-07
-1.06001e-06
1.66809e-06
-2.1698e-06
2.61628e-06
-3.49281e-06
3.24327e-06
-4.89529e-06
3.51441e-06
-6.25076e-06
3.44104e-06
-7.44654e-06
3.05949e-06
-8.38807e-06
2.41955e-06
-9.00173e-06
1.5787e-06
-9.23727e-06
6.00914e-07
-9.07054e-06
-4.42283e-07
-8.50639e-06
-1.47065e-06
-7.58154e-06
-2.39575e-06
-6.36634e-06
-3.12453e-06
-4.96401e-06
-3.5672e-06
-3.50573e-06
-3.64978e-06
-2.14029e-06
-3.33105e-06
-1.01812e-06
-2.62123e-06
-2.71802e-07
-1.60232e-06
-4.64775e-07
-3.92608e-07
9.20363e-07
-1.3766e-06
2.65207e-06
-2.76965e-06
4.00934e-06
-4.39748e-06
4.87109e-06
-6.09737e-06
5.2143e-06
-7.72311e-06
5.06678e-06
-9.14843e-06
4.48481e-06
-1.02691e-05
3.54018e-06
-1.10041e-05
2.31374e-06
-1.12976e-05
8.94397e-07
-1.11207e-05
-6.19143e-07
-1.04751e-05
-2.11626e-06
-9.39654e-06
-3.47434e-06
-7.95829e-06
-4.56278e-06
-6.27279e-06
-5.2527e-06
-4.4891e-06
-5.43348e-06
-2.78457e-06
-5.03557e-06
-1.34986e-06
-4.05594e-06
-3.68983e-07
-2.5832e-06
-8.33757e-07
-4.83671e-07
1.40403e-06
-1.67865e-06
3.84706e-06
-3.34547e-06
5.67615e-06
-5.26625e-06
6.79187e-06
-7.24887e-06
7.19692e-06
-9.12896e-06
6.94687e-06
-1.07698e-05
6.12566e-06
-1.20611e-05
4.83151e-06
-1.29179e-05
3.17048e-06
-1.32798e-05
1.25635e-06
-1.3113e-05
-7.85986e-07
-1.24128e-05
-2.81649e-06
-1.1209e-05
-4.67813e-06
-9.57194e-06
-6.19981e-06
-7.61778e-06
-7.20685e-06
-5.51047e-06
-7.5408e-06
-3.45721e-06
-7.08883e-06
-1.69504e-06
-5.81811e-06
-4.68295e-07
-3.80995e-06
-1.30205e-06
-5.72752e-07
1.97679e-06
-1.97429e-06
5.24859e-06
-3.90724e-06
7.6091e-06
-6.10897e-06
8.9936e-06
-8.35825e-06
9.44621e-06
-1.04749e-05
9.06352e-06
-1.23156e-05
7.96632e-06
-1.37682e-05
6.28411e-06
-1.4747e-05
4.14932e-06
-1.51896e-05
1.699e-06
-1.50565e-05
-9.19085e-07
-1.43339e-05
-3.53909e-06
-1.30403e-05
-5.97176e-06
-1.12357e-05
-8.00438e-06
-9.03273e-06
-9.40986e-06
-6.60499e-06
-9.96854e-06
-4.18927e-06
-9.50455e-06
-2.07504e-06
-7.93235e-06
-5.78455e-07
-5.30653e-06
-1.88051e-06
-6.63267e-07
2.64005e-06
-2.27066e-06
6.85599e-06
-4.46226e-06
9.8007e-06
-6.92835e-06
1.14597e-05
-9.41975e-06
1.19376e-05
-1.17444e-05
1.13882e-05
-1.37579e-05
9.97983e-06
-1.53524e-05
7.87859e-06
-1.64467e-05
5.24363e-06
-1.69795e-05
2.23182e-06
-1.69065e-05
-9.9209e-07
-1.62023e-05
-4.24333e-06
-1.48679e-05
-7.30617e-06
-1.2944e-05
-9.92824e-06
-1.05288e-05
-1.18251e-05
-7.79609e-06
-1.27012e-05
-5.00785e-06
-1.22928e-05
-2.51079e-06
-1.04294e-05
-7.08165e-07
-7.10916e-06
-2.58867e-06
-7.58525e-07
3.39858e-06
-2.57431e-06
8.67177e-06
-5.01463e-06
1.2241e-05
-7.71855e-06
1.41636e-05
-1.04111e-05
1.46301e-05
-1.28948e-05
1.38719e-05
-1.50329e-05
1.21179e-05
-1.67303e-05
9.57603e-06
-1.79182e-05
6.43155e-06
-1.8542e-05
2.85565e-06
-1.85553e-05
-9.78861e-07
-1.79195e-05
-4.87906e-06
-1.66124e-05
-8.61327e-06
-1.46441e-05
-1.18965e-05
-1.2083e-05
-1.43863e-05
-9.0867e-06
-1.56975e-05
-5.93113e-06
-1.54483e-05
-3.02125e-06
-1.33393e-05
-8.66241e-07
-9.26417e-06
-3.45491e-06
-8.63092e-07
4.26167e-06
-2.89341e-06
1.07021e-05
-5.56698e-06
1.49146e-05
-8.46516e-06
1.70618e-05
-1.12914e-05
1.74564e-05
-1.38536e-05
1.64341e-05
-1.6035e-05
1.42992e-05
-1.7766e-05
1.1307e-05
-1.90008e-05
7.66637e-06
-1.97e-05
3.55491e-06
-1.98203e-05
-8.58592e-07
-1.93112e-05
-5.38815e-06
-1.81219e-05
-9.80257e-06
-1.62197e-05
-1.37988e-05
-1.3623e-05
-1.69829e-05
-1.04485e-05
-1.88721e-05
-6.96309e-06
-1.89337e-05
-3.62267e-06
-1.66797e-05
-1.06246e-06
-1.18244e-05
-4.51737e-06
-9.85228e-07
5.2469e-06
-3.24171e-06
1.29586e-05
-6.12316e-06
1.7796e-05
-9.14497e-06
2.00836e-05
-1.19983e-05
2.03097e-05
-1.45128e-05
1.89487e-05
-1.66104e-05
1.63968e-05
-1.82635e-05
1.29601e-05
-1.94633e-05
8.86617e-06
-2.01969e-05
4.2885e-06
-2.04322e-05
-6.23265e-07
-2.01112e-05
-5.70917e-06
-1.91526e-05
-1.07611e-05
-1.74696e-05
-1.54818e-05
-1.50073e-05
-1.94452e-05
-1.18062e-05
-2.20732e-05
-8.08558e-06
-2.26543e-05
-4.32768e-06
-2.04376e-05
-1.3091e-06
-1.4843e-05
-5.82647e-06
-1.14091e-06
6.38781e-06
-3.64373e-06
1.54614e-05
-6.68965e-06
2.0842e-05
-9.72171e-06
2.31157e-05
-1.2438e-05
2.3026e-05
-1.47173e-05
2.1228e-05
-1.6545e-05
1.82246e-05
-1.79562e-05
1.43713e-05
-1.89949e-05
9.9049e-06
-1.96875e-05
4.98112e-06
-2.00242e-05
-2.86583e-07
-1.99476e-05
-5.78574e-06
-1.93498e-05
-1.1359e-05
-1.80835e-05
-1.67482e-05
-1.59982e-05
-2.15305e-05
-1.30145e-05
-2.50569e-05
-9.24444e-06
-2.64243e-05
-5.14263e-06
-2.45394e-05
-1.62346e-06
-1.83621e-05
-7.44993e-06
-1.36039e-06
7.7482e-06
-4.13978e-06
1.82408e-05
-7.2708e-06
2.3973e-05
-1.01303e-05
2.59752e-05
-1.24635e-05
2.53592e-05
-1.42406e-05
2.30051e-05
-1.55434e-05
1.95274e-05
-1.64912e-05
1.5319e-05
-1.71955e-05
1.06092e-05
-1.77332e-05
5.51886e-06
-1.81279e-05
1.08072e-07
-1.83353e-05
-5.57829e-06
-1.82324e-05
-1.14619e-05
-1.76162e-05
-1.73643e-05
-1.62273e-05
-2.29194e-05
-1.38223e-05
-2.74619e-05
-1.0324e-05
-2.99226e-05
-6.0599e-06
-2.88035e-05
-2.03164e-06
-2.23904e-05
-9.48157e-06
-1.69808e-06
9.44628e-06
-4.78519e-06
2.13279e-05
-7.8447e-06
2.70325e-05
-1.02337e-05
2.83642e-05
-1.18234e-05
2.69489e-05
-1.27376e-05
2.39192e-05
-1.31913e-05
1.9981e-05
-1.34052e-05
1.5533e-05
-1.3565e-05
1.0769e-05
-1.38015e-05
5.75538e-06
-1.41789e-05
4.85442e-07
-1.46799e-05
-5.07734e-06
-1.51874e-05
-1.09543e-05
-1.54653e-05
-1.70864e-05
-1.51544e-05
-2.32303e-05
-1.38189e-05
-2.87975e-05
-1.10993e-05
-3.26422e-05
-7.03655e-06
-3.28663e-05
-2.5723e-06
-2.68547e-05
-1.20539e-05
-2.24277e-06
1.16891e-05
-5.62434e-06
2.47095e-05
-8.28815e-06
2.96963e-05
-9.71953e-06
2.97956e-05
-1.00565e-05
2.72859e-05
-9.65508e-06
2.35178e-05
-8.89202e-06
1.9218e-05
-8.08876e-06
1.47297e-05
-7.49201e-06
1.01722e-05
-7.27466e-06
5.53804e-06
-7.53758e-06
7.48364e-07
-8.30135e-06
-4.31357e-06
-9.48353e-06
-9.77215e-06
-1.08598e-05
-1.57101e-05
-1.20196e-05
-2.20705e-05
-1.23517e-05
-2.84654e-05
-1.11439e-05
-3.385e-05
-7.93468e-06
-3.60755e-05
-3.29036e-06
-3.1499e-05
-1.53442e-05
-3.10301e-06
1.47921e-05
-6.57482e-06
2.81813e-05
-8.17525e-06
3.12967e-05
-7.87784e-06
2.94982e-05
-6.29837e-06
2.57064e-05
-4.08941e-06
2.13088e-05
-1.77724e-06
1.69058e-05
2.57568e-07
1.26949e-05
1.75231e-06
8.6775e-06
2.52821e-06
4.76213e-06
2.46843e-06
8.08147e-07
1.51405e-06
-3.35919e-06
-3.16251e-07
-7.94185e-06
-2.87515e-06
-1.31512e-05
-5.79982e-06
-1.91458e-05
-8.40707e-06
-2.58582e-05
-9.65308e-06
-3.2604e-05
-8.36241e-06
-3.73662e-05
-4.18148e-06
-3.56799e-05
-1.95257e-05
-4.28413e-06
1.90762e-05
-7.04663e-06
3.09438e-05
-6.29295e-06
3.0543e-05
-3.17111e-06
2.63763e-05
1.02803e-06
2.15073e-05
5.40089e-06
1.69359e-05
9.3836e-06
1.29231e-05
1.26451e-05
9.43346e-06
1.49915e-05
6.33106e-06
1.62988e-05
3.45487e-06
1.64721e-05
6.34851e-07
1.54293e-05
-2.31638e-06
1.31084e-05
-5.62102e-06
9.51253e-06
-9.55535e-06
4.81477e-06
-1.44481e-05
-4.50493e-07
-2.05929e-05
-5.13182e-06
-2.79226e-05
-7.31013e-06
-3.51879e-05
-4.99838e-06
-3.79916e-05
-2.45241e-05
-5.22224e-06
2.42984e-05
-4.87111e-06
3.05926e-05
4.03684e-07
2.52682e-05
7.48413e-06
1.92959e-05
1.45961e-05
1.43953e-05
2.09377e-05
1.05944e-05
2.6182e-05
7.67881e-06
3.02231e-05
5.39238e-06
3.30407e-05
3.51343e-06
3.46279e-05
1.86769e-06
3.49526e-05
3.10145e-07
3.39383e-05
-1.3021e-06
3.1454e-05
-3.13671e-06
2.73279e-05
-5.42928e-06
2.14136e-05
-8.53373e-06
1.37812e-05
-1.29605e-05
5.14588e-06
-1.92874e-05
-2.37922e-06
-2.76628e-05
-4.75445e-06
-3.56164e-05
-2.92785e-05
-2.15967e-06
2.64581e-05
6.86708e-06
2.15659e-05
1.87814e-05
1.33539e-05
2.9528e-05
8.54925e-06
3.8277e-05
5.64634e-06
4.50918e-05
3.77953e-06
5.02278e-05
2.54281e-06
5.3937e-05
1.68323e-06
5.64106e-05
1.03981e-06
5.77659e-05
5.12372e-07
5.80416e-05
3.44398e-08
5.71949e-05
-4.55407e-07
5.50782e-05
-1.01994e-06
5.14128e-05
-1.76388e-06
4.57531e-05
-2.87401e-06
3.75047e-05
-4.71214e-06
2.61886e-05
-7.97127e-06
1.24036e-05
-1.38777e-05
4.50828e-07
-2.36637e-05
-2.88277e-05
2.64581e-05
4.8024e-05
6.13779e-05
6.99272e-05
7.55735e-05
7.93531e-05
8.18959e-05
8.35791e-05
8.46189e-05
8.51313e-05
8.51657e-05
8.47103e-05
8.36904e-05
8.19265e-05
7.90525e-05
7.43404e-05
6.63691e-05
5.24914e-05
2.88277e-05
)
;

boundaryField
{
    movingWall
    {
        type            calculated;
        value           uniform 0;
    }
    fixedWalls
    {
        type            calculated;
        value           uniform 0;
    }
    frontAndBack
    {
        type            empty;
        value           nonuniform List<scalar> 0();
    }
}


// ************************************************************************* //
