/*--------------------------------*- C++ -*----------------------------------*\
  =========                 |
  \\      /  F ield         | OpenFOAM: The Open Source CFD Toolbox
   \\    /   O peration     | Website:  https://openfoam.org
    \\  /    A nd           | Version:  8
     \\/     M anipulation  |
\*---------------------------------------------------------------------------*/
FoamFile
{
    version     2.0;
    format      ascii;
    class       volVectorField;
    location    "0.5";
    object      U;
}
// * * * * * * * * * * * * * * * * * * * * * * * * * * * * * * * * * * * * * //

dimensions      [0 1 -1 0 0 0 0];

internalField   nonuniform List<vector> 
400
(
(0.000495491 -0.000491842 0)
(0.000240757 0.000237686 0)
(-0.00241769 0.00113195 0)
(-0.00700812 0.00175455 0)
(-0.012744 0.00206442 0)
(-0.0188575 0.00209793 0)
(-0.0246724 0.00190415 0)
(-0.029627 0.00153025 0)
(-0.033276 0.00101833 0)
(-0.0352902 0.000409025 0)
(-0.0354642 -0.000252921 0)
(-0.033734 -0.000914194 0)
(-0.0302007 -0.00151094 0)
(-0.0251527 -0.00197029 0)
(-0.0190761 -0.00221574 0)
(-0.0126456 -0.00217712 0)
(-0.00667969 -0.00180613 0)
(-0.00205171 -0.00109791 0)
(0.000462641 -0.000152514 0)
(0.000553211 0.000539979 0)
(-0.000182644 -0.000294173 0)
(-0.00331505 0.0033511 0)
(-0.0115183 0.00724326 0)
(-0.0235346 0.0100045 0)
(-0.0377761 0.0113748 0)
(-0.0526661 0.011415 0)
(-0.0667127 0.0102949 0)
(-0.0786174 0.008221 0)
(-0.0873315 0.00540989 0)
(-0.0920836 0.00209062 0)
(-0.0924094 -0.00148141 0)
(-0.0881909 -0.00501264 0)
(-0.0796994 -0.00816934 0)
(-0.0676279 -0.0105907 0)
(-0.0530965 -0.0119204 0)
(-0.0376067 -0.011859 0)
(-0.0229112 -0.0102399 0)
(-0.0107907 -0.00712657 0)
(-0.00283745 -0.00300414 0)
(-4.24959e-05 0.000528112 0)
(-0.00110032 0.00229598 0)
(-0.00755674 0.0116103 0)
(-0.0213585 0.0204621 0)
(-0.0401046 0.0266667 0)
(-0.0615039 0.0296461 0)
(-0.0834534 0.0294486 0)
(-0.103941 0.0264086 0)
(-0.121193 0.0209935 0)
(-0.133767 0.0137345 0)
(-0.140604 0.00521726 0)
(-0.141071 -0.00390193 0)
(-0.135013 -0.0128807 0)
(-0.122804 -0.0208946 0)
(-0.10539 -0.0270748 0)
(-0.0842862 -0.030587 0)
(-0.0615155 -0.030758 0)
(-0.0394338 -0.0272502 0)
(-0.0204438 -0.0202681 0)
(-0.00689939 -0.0108595 0)
(-0.000892078 -0.00172084 0)
(-0.00191439 0.00716803 0)
(-0.0115458 0.024669 0)
(-0.0307882 0.0398408 0)
(-0.0558973 0.0501189 0)
(-0.0838156 0.0547648 0)
(-0.111985 0.0538926 0)
(-0.138012 0.0480637 0)
(-0.159801 0.0380736 0)
(-0.175656 0.0248477 0)
(-0.184328 0.00941893 0)
(-0.185061 -0.00705483 0)
(-0.177648 -0.0232728 0)
(-0.162494 -0.0378019 0)
(-0.140667 -0.0491409 0)
(-0.113916 -0.0558526 0)
(-0.084625 -0.0567749 0)
(-0.0556326 -0.0513021 0)
(-0.0299393 -0.0397009 0)
(-0.0107923 -0.0234797 0)
(-0.00164624 -0.00614062 0)
(-0.00262528 0.0140759 0)
(-0.0152263 0.0422029 0)
(-0.0396972 0.064932 0)
(-0.0709036 0.0797081 0)
(-0.104972 0.0858881 0)
(-0.138901 0.0838127 0)
(-0.169986 0.074373 0)
(-0.195904 0.0587635 0)
(-0.214797 0.0383562 0)
(-0.225288 0.0146754 0)
(-0.226517 -0.0105777 0)
(-0.218197 -0.0354965 0)
(-0.200685 -0.0579782 0)
(-0.175059 -0.0758042 0)
(-0.143178 -0.0868206 0)
(-0.107689 -0.0892303 0)
(-0.0718764 -0.0819878 0)
(-0.0393995 -0.0652318 0)
(-0.0145549 -0.0407242 0)
(-0.00232204 -0.0125451 0)
(-0.00327882 0.0228535 0)
(-0.0187098 0.0640228 0)
(-0.0482349 0.0955717 0)
(-0.0853284 0.115249 0)
(-0.125276 0.122783 0)
(-0.164646 0.118946 0)
(-0.20047 0.1051 0)
(-0.230277 0.0829203 0)
(-0.252113 0.0542687 0)
(-0.264527 0.0211745 0)
(-0.266567 -0.0141169 0)
(-0.25783 -0.0490894 0)
(-0.238542 -0.0809439 0)
(-0.209674 -0.106676 0)
(-0.173076 -0.123284 0)
(-0.131559 -0.12814 0)
(-0.0888313 -0.119502 0)
(-0.0492862 -0.0971044 0)
(-0.0184428 -0.0627181 0)
(-0.00299668 -0.0208871 0)
(-0.00391752 0.0334213 0)
(-0.0221237 0.0900048 0)
(-0.05659 0.13161 0)
(-0.0993768 0.156546 0)
(-0.144917 0.1652 0)
(-0.189372 0.159023 0)
(-0.229579 0.140014 0)
(-0.263 0.110425 0)
(-0.287674 0.0726353 0)
(-0.302132 0.0291649 0)
(-0.305351 -0.0172384 0)
(-0.296777 -0.0634923 0)
(-0.276421 -0.106117 0)
(-0.245016 -0.141276 0)
(-0.204244 -0.164983 0)
(-0.156946 -0.173528 0)
(-0.107186 -0.164132 0)
(-0.0601416 -0.13574 0)
(-0.0227576 -0.0898179 0)
(-0.00375337 -0.0312936 0)
(-0.00457754 0.0457741 0)
(-0.0255838 0.120099 0)
(-0.0649268 0.172904 0)
(-0.11317 0.203331 0)
(-0.163878 0.212763 0)
(-0.212862 0.203618 0)
(-0.256868 0.17873 0)
(-0.293411 0.141027 0)
(-0.320641 0.0934253 0)
(-0.337161 0.0388844 0)
(-0.34192 -0.0194354 0)
(-0.3342 -0.0779866 0)
(-0.313709 -0.132683 0)
(-0.28079 -0.178855 0)
(-0.236746 -0.211407 0)
(-0.184227 -0.225262 0)
(-0.127491 -0.216157 0)
(-0.072484 -0.181715 0)
(-0.0278068 -0.122632 0)
(-0.00467678 -0.0440688 0)
(-0.00529535 0.0599724 0)
(-0.0292052 0.154327 0)
(-0.0733838 0.219294 0)
(-0.126726 0.2552 0)
(-0.181904 0.264857 0)
(-0.234479 0.252003 0)
(-0.281266 0.220543 0)
(-0.320017 0.17419 0)
(-0.349161 0.116393 0)
(-0.367511 0.0504647 0)
(-0.374075 -0.0201685 0)
(-0.367988 -0.0916676 0)
(-0.348586 -0.159496 0)
(-0.315647 -0.218232 0)
(-0.269823 -0.261597 0)
(-0.213235 -0.282853 0)
(-0.150021 -0.275697 0)
(-0.0867472 -0.235682 0)
(-0.0338985 -0.162004 0)
(-0.00585934 -0.0596929 0)
(-0.00612416 0.0761496 0)
(-0.0331446 0.192773 0)
(-0.0821203 0.270543 0)
(-0.139978 0.311492 0)
(-0.198479 0.32045 0)
(-0.253106 0.30294 0)
(-0.300992 0.264214 0)
(-0.340388 0.208882 0)
(-0.370237 0.140898 0)
(-0.389759 0.0637955 0)
(-0.398162 -0.0189431 0)
(-0.394505 -0.103445 0)
(-0.377718 -0.184987 0)
(-0.346846 -0.2576 0)
(-0.301562 -0.313867 0)
(-0.242988 -0.345135 0)
(-0.174608 -0.342426 0)
(-0.103231 -0.298192 0)
(-0.0413592 -0.208953 0)
(-0.00741704 -0.0788307 0)
(-0.0071636 0.0945587 0)
(-0.0376751 0.23561 0)
(-0.091391 0.326272 0)
(-0.152806 0.371122 0)
(-0.212788 0.377871 0)
(-0.26705 0.35443 0)
(-0.313418 0.307723 0)
(-0.350998 0.243348 0)
(-0.379557 0.165701 0)
(-0.398973 0.0783523 0)
(-0.408853 -0.0154339 0)
(-0.40831 -0.112096 0)
(-0.395908 -0.207118 0)
(-0.369841 -0.294357 0)
(-0.328468 -0.365492 0)
(-0.271313 -0.409867 0)
(-0.200402 -0.415171 0)
(-0.122023 -0.369409 0)
(-0.050564 -0.264587 0)
(-0.00951731 -0.102366 0)
(-0.00861258 0.115683 0)
(-0.0433006 0.283153 0)
(-0.101628 0.385848 0)
(-0.165005 0.432342 0)
(-0.223577 0.434509 0)
(-0.273825 0.403419 0)
(-0.314827 0.347997 0)
(-0.347003 0.274876 0)
(-0.371302 0.188758 0)
(-0.388542 0.0930099 0)
(-0.39896 -0.00965139 0)
(-0.401926 -0.116394 0)
(-0.395772 -0.223419 0)
(-0.377845 -0.324989 0)
(-0.344933 -0.412405 0)
(-0.294315 -0.473227 0)
(-0.225469 -0.491323 0)
(-0.14284 -0.448653 0)
(-0.0619749 -0.329951 0)
(-0.0124275 -0.131477 0)
(-0.010863 0.140458 0)
(-0.0509146 0.335933 0)
(-0.113461 0.448162 0)
(-0.176072 0.492343 0)
(-0.228739 0.486394 0)
(-0.269659 0.445442 0)
(-0.299944 0.38066 0)
(-0.321866 0.299618 0)
(-0.337899 0.207077 0)
(-0.350039 0.105891 0)
(-0.359367 -0.00212148 0)
(-0.365741 -0.115301 0)
(-0.367524 -0.231151 0)
(-0.361416 -0.345102 0)
(-0.342613 -0.448966 0)
(-0.305633 -0.52926 0)
(-0.246129 -0.566045 0)
(-0.164681 -0.533658 0)
(-0.076162 -0.405731 0)
(-0.0165951 -0.167791 0)
(-0.0146564 0.170664 0)
(-0.0619729 0.394681 0)
(-0.127476 0.511114 0)
(-0.184487 0.546573 0)
(-0.22432 0.527619 0)
(-0.248463 0.474267 0)
(-0.26106 0.399882 0)
(-0.266734 0.312578 0)
(-0.269679 0.216744 0)
(-0.273134 0.11435 0)
(-0.279109 0.00598582 0)
(-0.28815 -0.10823 0)
(-0.299008 -0.227644 0)
(-0.308218 -0.349711 0)
(-0.309788 -0.467991 0)
(-0.295417 -0.569422 0)
(-0.255827 -0.631269 0)
(-0.185069 -0.61938 0)
(-0.0936962 -0.491615 0)
(-0.0227553 -0.21361 0)
(-0.0212768 0.20952 0)
(-0.0784553 0.45994 0)
(-0.14318 0.570468 0)
(-0.18581 0.58761 0)
(-0.202327 0.549647 0)
(-0.199832 0.481702 0)
(-0.186491 0.39856 0)
(-0.169452 0.30799 0)
(-0.154423 0.213331 0)
(-0.145592 0.115254 0)
(-0.145707 0.0129026 0)
(-0.15605 -0.0953068 0)
(-0.176142 -0.210869 0)
(-0.203115 -0.333971 0)
(-0.230821 -0.461335 0)
(-0.249004 -0.582565 0)
(-0.243231 -0.674708 0)
(-0.198337 -0.696211 0)
(-0.114495 -0.584919 0)
(-0.0319369 -0.272092 0)
(-0.0324598 0.262599 0)
(-0.101663 0.53056 0)
(-0.155611 0.617419 0)
(-0.168161 0.60345 0)
(-0.146403 0.540752 0)
(-0.105638 0.45796 0)
(-0.0582723 0.369226 0)
(-0.0132734 0.280415 0)
(0.0230863 0.192917 0)
(0.0465205 0.105753 0)
(0.0541398 0.0166336 0)
(0.04416 -0.077521 0)
(0.0160299 -0.180178 0)
(-0.0288981 -0.294456 0)
(-0.0860078 -0.421365 0)
(-0.145327 -0.555866 0)
(-0.18908 -0.67928 0)
(-0.191881 -0.747526 0)
(-0.135409 -0.67795 0)
(-0.044786 -0.347499 0)
(-0.0486851 0.339812 0)
(-0.126964 0.599275 0)
(-0.146013 0.633099 0)
(-0.102534 0.574564 0)
(-0.0243147 0.485733 0)
(0.0648307 0.392972 0)
(0.150452 0.305992 0)
(0.224123 0.226722 0)
(0.280963 0.153806 0)
(0.318034 0.0845779 0)
(0.333278 0.0157302 0)
(0.324961 -0.0566173 0)
(0.291546 -0.137044 0)
(0.232134 -0.230862 0)
(0.147827 -0.343399 0)
(0.0446719 -0.47706 0)
(-0.0613747 -0.623326 0)
(-0.138808 -0.746283 0)
(-0.143666 -0.752975 0)
(-0.058461 -0.445964 0)
(-0.0601212 0.452564 0)
(-0.126186 0.63945 0)
(-0.0593439 0.579854 0)
(0.0751631 0.472666 0)
(0.222692 0.369103 0)
(0.359597 0.28096 0)
(0.47643 0.208848 0)
(0.569626 0.149528 0)
(0.638317 0.0990518 0)
(0.682475 0.0537645 0)
(0.701846 0.0102733 0)
(0.69542 -0.0349439 0)
(0.66113 -0.0860865 0)
(0.5958 -0.148753 0)
(0.495787 -0.230579 0)
(0.359292 -0.340771 0)
(0.191455 -0.48545 0)
(0.0153919 -0.652781 0)
(-0.101286 -0.769003 0)
(-0.0552402 -0.565602 0)
(0.00666952 0.546621 0)
(0.0203348 0.572108 0)
(0.246076 0.413531 0)
(0.488679 0.287606 0)
(0.686633 0.200272 0)
(0.841379 0.139549 0)
(0.959884 0.0968228 0)
(1.04754 0.0656926 0)
(1.10878 0.0416115 0)
(1.14674 0.0214639 0)
(1.16305 0.00294951 0)
(1.15771 -0.0159786 0)
(1.1289 -0.0377534 0)
(1.07247 -0.0659494 0)
(0.981317 -0.106603 0)
(0.845051 -0.170135 0)
(0.6493 -0.273021 0)
(0.382006 -0.434483 0)
(0.105424 -0.637564 0)
(0.0480656 -0.618442 0)
(0.590595 0.288689 0)
(0.773945 0.253569 0)
(1.08785 0.154344 0)
(1.32164 0.0912142 0)
(1.46408 0.0549816 0)
(1.55521 0.0336885 0)
(1.61656 0.0208708 0)
(1.65784 0.0128136 0)
(1.68448 0.00734192 0)
(1.69968 0.00320657 0)
(1.70505 -0.000353278 0)
(1.70097 -0.00389043 0)
(1.68662 -0.00805099 0)
(1.6596 -0.013832 0)
(1.6148 -0.0231979 0)
(1.54214 -0.0403136 0)
(1.41855 -0.0739286 0)
(1.1924 -0.140722 0)
(0.851347 -0.254697 0)
(0.627325 -0.301892 0)
)
;

boundaryField
{
    movingWall
    {
        type            fixedValue;
        value           uniform (2 0 0);
    }
    fixedWalls
    {
        type            noSlip;
    }
    frontAndBack
    {
        type            empty;
    }
}


// ************************************************************************* //
