/*--------------------------------*- C++ -*----------------------------------*\
  =========                 |
  \\      /  F ield         | OpenFOAM: The Open Source CFD Toolbox
   \\    /   O peration     | Website:  https://openfoam.org
    \\  /    A nd           | Version:  8
     \\/     M anipulation  |
\*---------------------------------------------------------------------------*/
FoamFile
{
    version     2.0;
    format      ascii;
    class       volScalarField;
    location    "0.3";
    object      p;
}
// * * * * * * * * * * * * * * * * * * * * * * * * * * * * * * * * * * * * * //

dimensions      [0 2 -2 0 0 0 0];

internalField   nonuniform List<scalar> 
400
(
-2.09478e-06
-0.0151759
-0.0333956
-0.0471376
-0.0522234
-0.0468529
-0.0308582
-0.00517642
0.0284576
0.0676527
0.109447
0.15043
0.18697
0.215578
0.233408
0.238859
0.232215
0.216219
0.196477
0.181434
0.0150505
-0.000614953
-0.0148508
-0.0242087
-0.0268501
-0.0215433
-0.00807606
0.0129209
0.0401766
0.0718642
0.105664
0.138877
0.168622
0.192148
0.207244
0.2127
0.208786
0.197484
0.181931
0.166579
0.0343368
0.0126992
-0.00259127
-0.0110668
-0.0131705
-0.00834273
0.00345386
0.021662
0.0452674
0.0728039
0.102355
0.13162
0.158077
0.179248
0.193063
0.198265
0.194858
0.184139
0.167147
0.145749
0.0510104
0.0213384
0.00251683
-0.007042
-0.00971946
-0.00556192
0.00523325
0.0220743
0.04408
0.0700048
0.0981624
0.126431
0.152367
0.173445
0.187391
0.192599
0.188647
0.176249
0.154835
0.124811
0.06032
0.0224267
-0.000536429
-0.0117635
-0.0153052
-0.0117141
-0.00139149
0.0150297
0.0367698
0.0627509
0.09144
0.120786
0.148282
0.171164
0.18674
0.192848
0.188501
0.173841
0.146943
0.107334
0.0586447
0.0127634
-0.0143948
-0.0273716
-0.0316958
-0.0283403
-0.0178618
-0.000908941
0.0218452
0.049478
0.0805784
0.113108
0.144397
0.171298
0.190505
0.199072
0.19525
0.178521
0.145655
0.0956151
0.0428843
-0.0107013
-0.041855
-0.0563518
-0.0611103
-0.0574769
-0.0461216
-0.0276684
-0.00264831
0.0282015
0.0636117
0.101554
0.139148
0.172752
0.198246
0.211629
0.210095
0.192216
0.153241
0.0916357
0.0100499
-0.0509992
-0.0857689
-0.101281
-0.105874
-0.10128
-0.0882561
-0.0673551
-0.0388984
-0.00335824
0.0382209
0.0838897
0.130586
0.17411
0.209348
0.230908
0.234501
0.217321
0.172523
0.0978733
-0.0429986
-0.111364
-0.149193
-0.164899
-0.168425
-0.161968
-0.146384
-0.122101
-0.0891358
-0.0475648
0.00194855
0.0576923
0.116545
0.17378
0.223145
0.257493
0.270468
0.257126
0.207489
0.118062
-0.11975
-0.19542
-0.235459
-0.250032
-0.251094
-0.2415
-0.222253
-0.193608
-0.155154
-0.106388
-0.0473591
0.0207193
0.0949201
0.170162
0.239026
0.292266
0.320735
0.316239
0.263971
0.158042
-0.224338
-0.30746
-0.348254
-0.359421
-0.355733
-0.341046
-0.316601
-0.282433
-0.237546
-0.180621
-0.110787
-0.0283903
0.0642526
0.162082
0.256713
0.336601
0.389046
0.401106
0.35054
0.22692
-0.362186
-0.452971
-0.49176
-0.49548
-0.483182
-0.460257
-0.4283
-0.387037
-0.334684
-0.268816
-0.187275
-0.0890593
0.0246919
0.14959
0.27684
0.392775
0.480554
0.520687
0.47975
0.338871
-0.541513
-0.63963
-0.670869
-0.659887
-0.632508
-0.596327
-0.553322
-0.502708
-0.4416
-0.366111
-0.272375
-0.157518
-0.0207828
0.135043
0.301814
0.464579
0.602353
0.687338
0.669974
0.516223
-0.776773
-0.879109
-0.891332
-0.852833
-0.799903
-0.742837
-0.683666
-0.620586
-0.549095
-0.463372
-0.35739
-0.225864
-0.0653688
0.124071
0.336589
0.557808
0.76385
0.917696
0.948139
0.795201
-1.09631
-1.19005
-1.15928
-1.07132
-0.97692
-0.888339
-0.806402
-0.727157
-0.64359
-0.547293
-0.429595
-0.282308
-0.0986252
0.125432
0.388414
0.679692
0.975982
1.23268
1.35315
1.2362
-1.55723
-1.60187
-1.47939
-1.30641
-1.1483
-1.01516
-0.903504
-0.804972
-0.708555
-0.602351
-0.474541
-0.313655
-0.108943
0.148704
0.464693
0.836702
1.24873
1.65511
1.93739
1.93742
-2.27421
-2.1574
-1.85175
-1.54183
-1.29209
-1.10092
-0.95462
-0.836407
-0.72893
-0.615743
-0.481403
-0.310943
-0.0893398
0.198669
0.567913
1.03024
1.58686
2.20421
2.76551
3.05631
-3.52186
-2.90968
-2.24941
-1.7391
-1.37235
-1.11647
-0.93866
-0.807566
-0.696623
-0.58402
-0.450777
-0.278752
-0.0488758
0.260835
0.67736
1.23381
1.96151
2.86741
3.92222
4.92535
-6.0605
-3.8772
-2.49111
-1.73727
-1.27659
-0.989036
-0.812151
-0.695935
-0.604296
-0.511659
-0.397584
-0.242876
-0.0268405
0.276986
0.70678
1.32125
2.20201
3.4714
5.46186
8.34752
-10.6476
-4.81724
-2.21485
-1.29528
-0.870214
-0.649584
-0.543559
-0.491872
-0.45603
-0.412282
-0.34315
-0.2328
-0.063312
0.188858
0.561923
1.12743
2.02613
3.60136
6.98041
13.5942
)
;

boundaryField
{
    movingWall
    {
        type            zeroGradient;
    }
    fixedWalls
    {
        type            zeroGradient;
    }
    frontAndBack
    {
        type            empty;
    }
}


// ************************************************************************* //
