/*--------------------------------*- C++ -*----------------------------------*\
  =========                 |
  \\      /  F ield         | OpenFOAM: The Open Source CFD Toolbox
   \\    /   O peration     | Website:  https://openfoam.org
    \\  /    A nd           | Version:  8
     \\/     M anipulation  |
\*---------------------------------------------------------------------------*/
FoamFile
{
    version     2.0;
    format      ascii;
    class       volVectorField;
    location    "0.3";
    object      U;
}
// * * * * * * * * * * * * * * * * * * * * * * * * * * * * * * * * * * * * * //

dimensions      [0 1 -1 0 0 0 0];

internalField   nonuniform List<vector> 
400
(
(0.000637352 -0.000632602 0)
(0.000286683 0.000318863 0)
(-0.00318266 0.00147205 0)
(-0.00913432 0.00226836 0)
(-0.0165477 0.00266341 0)
(-0.024444 0.00270897 0)
(-0.031968 0.00246826 0)
(-0.0384064 0.00199818 0)
(-0.0431845 0.00134729 0)
(-0.0458637 0.000562757 0)
(-0.0461554 -0.000300488 0)
(-0.0439519 -0.00117271 0)
(-0.0393659 -0.00196664 0)
(-0.032767 -0.00258066 0)
(-0.0248 -0.00290805 0)
(-0.0163689 -0.0028531 0)
(-0.00856985 -0.00235404 0)
(-0.00255905 -0.00141263 0)
(0.000662205 -0.000173186 0)
(0.000734093 0.00071507 0)
(-0.000255936 -0.000351307 0)
(-0.00437096 0.00439684 0)
(-0.0150603 0.00941719 0)
(-0.030652 0.0129542 0)
(-0.0490879 0.0147048 0)
(-0.0683551 0.0147655 0)
(-0.0865569 0.0133548 0)
(-0.102035 0.0107229 0)
(-0.113433 0.00712623 0)
(-0.119727 0.00283946 0)
(-0.120272 -0.00181801 0)
(-0.114871 -0.00646207 0)
(-0.103841 -0.0106411 0)
(-0.0880762 -0.0138577 0)
(-0.0690537 -0.0156195 0)
(-0.0487749 -0.0155194 0)
(-0.0295772 -0.0133455 0)
(-0.0138176 -0.00921204 0)
(-0.00355905 -0.00380363 0)
(-1.8584e-05 0.000749948 0)
(-0.00146071 0.00306257 0)
(-0.00991779 0.0151852 0)
(-0.0278918 0.0266015 0)
(-0.0522178 0.034553 0)
(-0.0799328 0.0383617 0)
(-0.108354 0.038126 0)
(-0.134921 0.034274 0)
(-0.157365 0.0273733 0)
(-0.173818 0.0180598 0)
(-0.182873 0.00704563 0)
(-0.183655 -0.00484265 0)
(-0.175904 -0.0166342 0)
(-0.16006 -0.027219 0)
(-0.137335 -0.0354065 0)
(-0.109724 -0.0400493 0)
(-0.0799173 -0.0402326 0)
(-0.0510557 -0.0355245 0)
(-0.0263273 -0.026256 0)
(-0.00879871 -0.0139014 0)
(-0.00110721 -0.00208431 0)
(-0.00253077 0.00946478 0)
(-0.0151287 0.0322263 0)
(-0.0401627 0.0517831 0)
(-0.0727222 0.0649511 0)
(-0.108866 0.0708907 0)
(-0.14534 0.0698039 0)
(-0.179106 0.0624043 0)
(-0.207482 0.0496572 0)
(-0.228268 0.0326742 0)
(-0.239802 0.0127165 0)
(-0.241033 -0.0087554 0)
(-0.231612 -0.0300422 0)
(-0.212001 -0.0492194 0)
(-0.183553 -0.0642355 0)
(-0.148562 -0.0731154 0)
(-0.110194 -0.074275 0)
(-0.0722416 -0.0669276 0)
(-0.0387051 -0.0515177 0)
(-0.0138446 -0.030191 0)
(-0.00207528 -0.00771743 0)
(-0.0034629 0.0185283 0)
(-0.0199125 0.0550743 0)
(-0.0516867 0.0843466 0)
(-0.0920846 0.103267 0)
(-0.136136 0.111174 0)
(-0.180045 0.10858 0)
(-0.220387 0.0966079 0)
(-0.254197 0.0767028 0)
(-0.279058 0.0505105 0)
(-0.293127 0.0198903 0)
(-0.295195 -0.013015 0)
(-0.284779 -0.0457201 0)
(-0.262241 -0.0754053 0)
(-0.22892 -0.0990412 0)
(-0.187232 -0.113662 0)
(-0.140688 -0.116806 0)
(-0.0936923 -0.107089 0)
(-0.0511565 -0.0848127 0)
(-0.0187642 -0.0525377 0)
(-0.00294724 -0.0159239 0)
(-0.00431074 0.0300183 0)
(-0.024388 0.083436 0)
(-0.0626029 0.124018 0)
(-0.11049 0.149203 0)
(-0.162041 0.15887 0)
(-0.212939 0.1541 0)
(-0.259451 0.136597 0)
(-0.298423 0.108377 0)
(-0.327313 0.0716612 0)
(-0.344158 0.0289125 0)
(-0.347596 -0.0170527 0)
(-0.336945 -0.0629642 0)
(-0.312348 -0.105075 0)
(-0.274959 -0.139278 0)
(-0.227141 -0.161431 0)
(-0.172616 -0.167904 0)
(-0.116371 -0.156353 0)
(-0.0643481 -0.126557 0)
(-0.0239194 -0.081179 0)
(-0.00382947 -0.0266693 0)
(-0.00512239 0.0437968 0)
(-0.0286912 0.117074 0)
(-0.0730965 0.170514 0)
(-0.12812 0.202426 0)
(-0.186723 0.213604 0)
(-0.244116 0.206003 0)
(-0.296342 0.182102 0)
(-0.340173 0.144592 0)
(-0.373043 0.0962908 0)
(-0.392939 0.0402303 0)
(-0.398361 -0.0201673 0)
(-0.388378 -0.0809135 0)
(-0.362787 -0.137357 0)
(-0.322361 -0.184251 0)
(-0.269188 -0.216069 0)
(-0.207 -0.227655 0)
(-0.141273 -0.215204 0)
(-0.0790609 -0.17743 0)
(-0.0297398 -0.116689 0)
(-0.00483865 -0.0401639 0)
(-0.00593691 0.0598052 0)
(-0.0329411 0.155818 0)
(-0.0833205 0.223532 0)
(-0.145052 0.262492 0)
(-0.210073 0.27483 0)
(-0.273205 0.263721 0)
(-0.330398 0.232651 0)
(-0.3785 0.185093 0)
(-0.415067 0.124463 0)
(-0.438146 0.0542826 0)
(-0.446154 -0.0215515 0)
(-0.437889 -0.098478 0)
(-0.412679 -0.171048 0)
(-0.370699 -0.232873 0)
(-0.313458 -0.276865 0)
(-0.24438 -0.295918 0)
(-0.169193 -0.284118 0)
(-0.0960436 -0.238346 0)
(-0.0366677 -0.16001 0)
(-0.00609562 -0.0568706 0)
(-0.0067933 0.078052 0)
(-0.0372572 0.199561 0)
(-0.0934037 0.282725 0)
(-0.161248 0.328771 0)
(-0.231706 0.341689 0)
(-0.299334 0.326298 0)
(-0.360192 0.28736 0)
(-0.41142 0.229243 0)
(-0.450908 0.155945 0)
(-0.476941 0.0713497 0)
(-0.487971 -0.020373 0)
(-0.482553 -0.114329 0)
(-0.459461 -0.204494 0)
(-0.418042 -0.283454 0)
(-0.358844 -0.34246 0)
(-0.284496 -0.372031 0)
(-0.200513 -0.363334 0)
(-0.115919 -0.310326 0)
(-0.0451484 -0.212419 0)
(-0.00773393 -0.0775054 0)
(-0.00775227 0.0986241 0)
(-0.0418182 0.248259 0)
(-0.103522 0.347641 0)
(-0.17661 0.400305 0)
(-0.250968 0.412802 0)
(-0.321099 0.39213 0)
(-0.383466 0.344648 0)
(-0.435816 0.275742 0)
(-0.476667 0.189946 0)
(-0.504797 0.0913375 0)
(-0.518891 -0.0159187 0)
(-0.517381 -0.126943 0)
(-0.498473 -0.235504 0)
(-0.460482 -0.333461 0)
(-0.402561 -0.41048 0)
(-0.325872 -0.454368 0)
(-0.234942 -0.452443 0)
(-0.139093 -0.394231 0)
(-0.0556472 -0.27545 0)
(-0.00992088 -0.103051 0)
(-0.00893551 0.12175 0)
(-0.0469657 0.301978 0)
(-0.11402 0.417659 0)
(-0.19105 0.475627 0)
(-0.266943 0.485999 0)
(-0.336504 0.458655 0)
(-0.397035 0.401919 0)
(-0.447317 0.322308 0)
(-0.486877 0.224821 0)
(-0.51532 0.113506 0)
(-0.531855 -0.00781595 0)
(-0.535007 -0.134734 0)
(-0.522525 -0.261347 0)
(-0.491592 -0.379328 0)
(-0.439543 -0.477133 0)
(-0.365263 -0.539767 0)
(-0.271127 -0.549788 0)
(-0.165613 -0.490335 0)
(-0.0686785 -0.350738 0)
(-0.0128942 -0.134798 0)
(-0.010595 0.147949 0)
(-0.0533623 0.36099 0)
(-0.125543 0.491898 0)
(-0.204513 0.552501 0)
(-0.278344 0.557981 0)
(-0.342762 0.521993 0)
(-0.396556 0.455216 0)
(-0.440089 0.365366 0)
(-0.474342 0.257768 0)
(-0.500128 0.136177 0)
(-0.517526 0.00368229 0)
(-0.525484 -0.136301 0)
(-0.521556 -0.278888 0)
(-0.501892 -0.41639 0)
(-0.461753 -0.536848 0)
(-0.396911 -0.622864 0)
(-0.306063 -0.651634 0)
(-0.194897 -0.597629 0)
(-0.0848346 -0.439771 0)
(-0.0170244 -0.174443 0)
(-0.0132359 0.178333 0)
(-0.0622146 0.425918 0)
(-0.139118 0.568997 0)
(-0.21678 0.627482 0)
(-0.283078 0.623832 0)
(-0.335754 0.576524 0)
(-0.376004 0.498902 0)
(-0.406422 0.399796 0)
(-0.429889 0.284613 0)
(-0.448759 0.156495 0)
(-0.464309 0.0174071 0)
(-0.476291 -0.13076 0)
(-0.482505 -0.284903 0)
(-0.478464 -0.43903 0)
(-0.457463 -0.582075 0)
(-0.411585 -0.695417 0)
(-0.334158 -0.751077 0)
(-0.225193 -0.71274 0)
(-0.10477 -0.543405 0)
(-0.0229137 -0.224269 0)
(-0.0178242 0.215135 0)
(-0.0755294 0.497805 0)
(-0.155929 0.646562 0)
(-0.226644 0.695124 0)
(-0.277037 0.676315 0)
(-0.308728 0.614432 0)
(-0.326529 0.525445 0)
(-0.3359 0.418897 0)
(-0.341902 0.299833 0)
(-0.348567 0.170398 0)
(-0.358528 0.0310941 0)
(-0.372664 -0.118125 0)
(-0.389573 -0.276608 0)
(-0.404884 -0.441202 0)
(-0.410648 -0.603492 0)
(-0.395397 -0.745833 0)
(-0.345767 -0.836763 0)
(-0.252491 -0.828254 0)
(-0.128976 -0.660871 0)
(-0.0315163 -0.287388 0)
(-0.0260558 0.262532 0)
(-0.0961437 0.577744 0)
(-0.1761 0.719828 0)
(-0.229545 0.746595 0)
(-0.251263 0.704974 0)
(-0.249599 0.625388 0)
(-0.234253 0.525587 0)
(-0.213856 0.41484 0)
(-0.19548 0.297083 0)
(-0.184525 0.173029 0)
(-0.184772 0.041513 0)
(-0.198295 -0.0995871 0)
(-0.225001 -0.252391 0)
(-0.261698 -0.417474 0)
(-0.300706 -0.590977 0)
(-0.328434 -0.759429 0)
(-0.324895 -0.89179 0)
(-0.26822 -0.930354 0)
(-0.156767 -0.787752 0)
(-0.0440837 -0.367865 0)
(-0.0403131 0.327932 0)
(-0.126357 0.665166 0)
(-0.194493 0.778649 0)
(-0.211683 0.767426 0)
(-0.186039 0.695237 0)
(-0.136003 0.596829 0)
(-0.0766389 0.489366 0)
(-0.0190453 0.380027 0)
(0.0287567 0.270578 0)
(0.0610188 0.159891 0)
(0.0735859 0.0451751 0)
(0.0635616 -0.0774552 0)
(0.0295002 -0.212576 0)
(-0.0276856 -0.364623 0)
(-0.102819 -0.535658 0)
(-0.183371 -0.719996 0)
(-0.245637 -0.893407 0)
(-0.254527 -0.995876 0)
(-0.182897 -0.912416 0)
(-0.0611244 -0.470867 0)
(-0.0616698 0.424705 0)
(-0.161452 0.752304 0)
(-0.188565 0.800272 0)
(-0.136829 0.733304 0)
(-0.0400809 0.627565 0)
(0.0722524 0.515264 0)
(0.182145 0.408418 0)
(0.278766 0.309628 0)
(0.355513 0.217453 0)
(0.408122 0.128805 0)
(0.433393 0.039729 0)
(0.428477 -0.0545531 0)
(0.390686 -0.159904 0)
(0.317987 -0.283474 0)
(0.210729 -0.432988 0)
(0.0756363 -0.613016 0)
(-0.0670628 -0.813992 0)
(-0.175529 -0.988639 0)
(-0.189036 -1.00956 0)
(-0.0780726 -0.60333 0)
(-0.0786736 0.569472 0)
(-0.166937 0.807137 0)
(-0.0878277 0.736928 0)
(0.0791922 0.607171 0)
(0.265638 0.480627 0)
(0.44143 0.371686 0)
(0.594174 0.281418 0)
(0.718699 0.206176 0)
(0.813207 0.141332 0)
(0.877045 0.0825356 0)
(0.909377 0.02571 0)
(0.908472 -0.0334406 0)
(0.871251 -0.100173 0)
(0.793101 -0.181751 0)
(0.668464 -0.28855 0)
(0.493704 -0.433887 0)
(0.27396 -0.628139 0)
(0.0380199 -0.85779 0)
(-0.124548 -1.02333 0)
(-0.0702351 -0.759392 0)
(0.0016038 0.697869 0)
(0.012422 0.729794 0)
(0.296247 0.530177 0)
(0.604837 0.373208 0)
(0.859888 0.263943 0)
(1.06231 0.18705 0)
(1.2201 0.132194 0)
(1.33933 0.0916953 0)
(1.425 0.059998 0)
(1.4807 0.0332591 0)
(1.50825 0.00864013 0)
(1.50752 -0.0163836 0)
(1.47616 -0.0447983 0)
(1.40883 -0.0810707 0)
(1.29621 -0.132983 0)
(1.12423 -0.214567 0)
(0.872922 -0.349103 0)
(0.523731 -0.564568 0)
(0.155498 -0.838521 0)
(0.0715714 -0.818165 0)
(0.761326 0.37261 0)
(0.992227 0.328223 0)
(1.39349 0.201864 0)
(1.69634 0.121148 0)
(1.88371 0.0743168 0)
(2.00544 0.0463362 0)
(2.08879 0.0292027 0)
(2.14595 0.018273 0)
(2.18376 0.0107658 0)
(2.20629 0.00505918 0)
(2.21562 0.000165708 0)
(2.2123 -0.00462815 0)
(2.19541 -0.0101059 0)
(2.16206 -0.0174649 0)
(2.10596 -0.029101 0)
(2.01436 -0.0502886 0)
(1.85782 -0.0926371 0)
(1.5678 -0.179004 0)
(1.1218 -0.329653 0)
(0.823196 -0.394469 0)
)
;

boundaryField
{
    movingWall
    {
        type            fixedValue;
        value           uniform (2.6 0 0);
    }
    fixedWalls
    {
        type            noSlip;
    }
    frontAndBack
    {
        type            empty;
    }
}


// ************************************************************************* //
