/*--------------------------------*- C++ -*----------------------------------*\
  =========                 |
  \\      /  F ield         | OpenFOAM: The Open Source CFD Toolbox
   \\    /   O peration     | Website:  https://openfoam.org
    \\  /    A nd           | Version:  8
     \\/     M anipulation  |
\*---------------------------------------------------------------------------*/
FoamFile
{
    version     2.0;
    format      ascii;
    class       surfaceScalarField;
    location    "0.4";
    object      phi;
}
// * * * * * * * * * * * * * * * * * * * * * * * * * * * * * * * * * * * * * //

dimensions      [0 3 -1 0 0 0 0];

internalField   nonuniform List<scalar> 
760
(
6.30612e-08
-6.34574e-08
-1.31682e-07
1.94746e-07
-5.92331e-07
4.60651e-07
-1.23145e-06
6.39122e-07
-1.95751e-06
7.26049e-07
-2.69039e-06
7.32885e-07
-3.36203e-06
6.71635e-07
-3.91382e-06
5.51797e-07
-4.29492e-06
3.81104e-07
-4.46341e-06
1.68484e-07
-4.39074e-06
-7.26678e-08
-4.06858e-06
-3.2216e-07
-3.51589e-06
-5.52689e-07
-2.78397e-06
-7.31913e-07
-1.95672e-06
-8.27251e-07
-1.1438e-06
-8.12915e-07
-4.65659e-07
-6.78137e-07
-3.07116e-08
-4.3495e-07
1.0027e-07
-1.30995e-07
1.00254e-07
-1.93112e-07
1.29653e-07
-9.51248e-07
9.52882e-07
-2.22285e-06
1.73226e-06
-3.84834e-06
2.26461e-06
-5.64417e-06
2.52188e-06
-7.43384e-06
2.52256e-06
-9.05792e-06
2.29571e-06
-1.03762e-05
1.87009e-06
-1.12695e-05
1.27434e-06
-1.16444e-05
5.43459e-07
-1.14437e-05
-2.73394e-07
-1.06581e-05
-1.10775e-06
-9.33905e-06
-1.87175e-06
-7.60567e-06
-2.4653e-06
-5.64251e-06
-2.79042e-06
-3.68308e-06
-2.77236e-06
-1.97701e-06
-2.3842e-06
-7.41972e-07
-1.66997e-06
-1.02863e-07
-7.70084e-07
-2.61888e-09
-4.98129e-07
6.2778e-07
-1.86333e-06
2.31808e-06
-3.90757e-06
3.77651e-06
-6.39405e-06
4.75109e-06
-9.07335e-06
5.20118e-06
-1.17064e-05
5.15559e-06
-1.40746e-05
4.66395e-06
-1.59845e-05
3.78001e-06
-1.7272e-05
2.56184e-06
-1.78106e-05
1.082e-06
-1.75237e-05
-5.60248e-07
-1.64005e-05
-2.23094e-06
-1.45103e-05
-3.76202e-06
-1.20114e-05
-4.96412e-06
-9.1494e-06
-5.65245e-06
-6.23676e-06
-5.685e-06
-3.61332e-06
-5.00764e-06
-1.58748e-06
-3.6958e-06
-3.67429e-07
-1.99012e-06
-3.70049e-07
-7.77002e-07
1.40478e-06
-2.72615e-06
4.26722e-06
-5.50382e-06
6.55418e-06
-8.78072e-06
8.02799e-06
-1.22456e-05
8.66604e-06
-1.56122e-05
8.52219e-06
-1.86224e-05
7.6742e-06
-2.10482e-05
6.20575e-06
-2.26952e-05
4.20887e-06
-2.34119e-05
1.7987e-06
-2.31029e-05
-8.69309e-07
-2.17461e-05
-3.58768e-06
-1.94111e-05
-6.09699e-06
-1.62724e-05
-8.10289e-06
-1.26119e-05
-9.31294e-06
-8.80374e-06
-9.49314e-06
-5.27391e-06
-8.53748e-06
-2.43657e-06
-6.53315e-06
-6.18811e-07
-3.80787e-06
-9.88856e-07
-1.02554e-06
2.43033e-06
-3.5158e-06
6.75747e-06
-6.9779e-06
1.00163e-05
-1.09869e-05
1.2037e-05
-1.51722e-05
1.28513e-05
-1.92094e-05
1.25594e-05
-2.28133e-05
1.12781e-05
-2.57336e-05
9.126e-06
-2.77548e-05
6.23006e-06
-2.8703e-05
2.74693e-06
-2.84589e-05
-1.11338e-06
-2.69766e-05
-5.06999e-06
-2.43061e-05
-8.76754e-06
-2.06151e-05
-1.17938e-05
-1.62035e-05
-1.37245e-05
-1.14984e-05
-1.41983e-05
-7.02035e-06
-1.30155e-05
-3.31582e-06
-1.02377e-05
-8.65961e-07
-6.25773e-06
-1.85482e-06
-1.24734e-06
3.67767e-06
-4.23042e-06
9.74054e-06
-8.32087e-06
1.41067e-05
-1.30031e-05
1.67192e-05
-1.7852e-05
1.77003e-05
-2.25131e-05
1.72205e-05
-2.66844e-05
1.54494e-05
-3.0103e-05
1.25446e-05
-3.2539e-05
8.66602e-06
-3.37973e-05
4.00518e-06
-3.37282e-05
-1.18245e-06
-3.22473e-05
-6.55084e-06
-2.93636e-05
-1.16512e-05
-2.52132e-05
-1.59443e-05
-2.00909e-05
-1.88468e-05
-1.44664e-05
-1.98228e-05
-8.96408e-06
-1.85178e-05
-4.29433e-06
-1.49074e-05
-1.1362e-06
-9.41586e-06
-2.99102e-06
-1.44483e-06
5.1225e-06
-4.86969e-06
1.31654e-05
-9.52441e-06
1.87614e-05
-1.48107e-05
2.20055e-05
-2.02569e-05
2.31465e-05
-2.54878e-05
2.24514e-05
-3.01951e-05
2.01567e-05
-3.41139e-05
1.64634e-05
-3.70076e-05
1.15597e-05
-3.86629e-05
5.66049e-06
-3.88957e-05
-9.49665e-07
-3.75698e-05
-7.87672e-06
-3.46305e-05
-1.45905e-05
-3.0152e-05
-2.04228e-05
-2.43924e-05
-2.46064e-05
-1.78408e-05
-2.63744e-05
-1.12257e-05
-2.51329e-05
-5.45378e-06
-2.06794e-05
-1.46116e-06
-1.34085e-05
-4.45218e-06
-1.61881e-06
6.7413e-06
-5.43109e-06
1.69777e-05
-1.05748e-05
2.39051e-05
-1.63769e-05
2.78076e-05
-2.23282e-05
2.90978e-05
-2.80445e-05
2.81676e-05
-3.32244e-05
2.53367e-05
-3.76147e-05
2.08536e-05
-4.0984e-05
1.49291e-05
-4.3109e-05
7.78548e-06
-4.37727e-05
-2.85936e-07
-4.27794e-05
-8.87002e-06
-3.999e-05
-1.73799e-05
-3.53819e-05
-2.5031e-05
-2.91314e-05
-3.08568e-05
-2.17032e-05
-3.38026e-05
-1.39089e-05
-3.29272e-05
-6.87579e-06
-2.77124e-05
-1.87407e-06
-1.84102e-05
-6.32625e-06
-1.77019e-06
8.51149e-06
-5.91293e-06
2.11204e-05
-1.14567e-05
2.94489e-05
-1.76581e-05
3.4009e-05
-2.39809e-05
3.54205e-05
-3.00458e-05
3.42326e-05
-3.55759e-05
3.08668e-05
-4.03475e-05
2.56253e-05
-4.41529e-05
1.87345e-05
-4.67749e-05
1.04075e-05
-4.79753e-05
9.14397e-07
-4.75007e-05
-9.34455e-06
-4.51145e-05
-1.97661e-05
-4.06625e-05
-2.9483e-05
-3.41812e-05
-3.73382e-05
-2.60392e-05
-4.19445e-05
-1.70737e-05
-4.18928e-05
-8.63296e-06
-3.61532e-05
-2.4097e-06
-2.46334e-05
-8.73595e-06
-1.90427e-06
1.04158e-05
-6.32364e-06
2.55398e-05
-1.21651e-05
3.52904e-05
-1.86137e-05
4.04576e-05
-2.51166e-05
4.19234e-05
-3.13188e-05
4.04348e-05
-3.69895e-05
3.65375e-05
-4.19587e-05
3.05946e-05
-4.60675e-05
2.28433e-05
-4.91307e-05
1.34707e-05
-5.09127e-05
2.69645e-06
-5.11204e-05
-9.13686e-06
-4.94211e-05
-2.14655e-05
-4.55033e-05
-3.34007e-05
-3.91997e-05
-4.36418e-05
-3.06819e-05
-5.04623e-05
-2.07029e-05
-5.18719e-05
-1.07789e-05
-4.60771e-05
-3.10581e-06
-3.23066e-05
-1.18418e-05
-2.03785e-06
1.24536e-05
-6.69662e-06
3.01986e-05
-1.27237e-05
4.13174e-05
-1.92232e-05
4.69571e-05
-2.56414e-05
4.83416e-05
-3.16728e-05
4.64662e-05
-3.71617e-05
4.20264e-05
-4.20214e-05
3.54543e-05
-4.6173e-05
2.69949e-05
-4.94979e-05
1.67956e-05
-5.18009e-05
4.99938e-06
-5.27848e-05
-8.15298e-06
-5.20463e-05
-2.22039e-05
-4.91137e-05
-3.63333e-05
-4.35614e-05
-4.91941e-05
-3.52427e-05
-5.8781e-05
-2.46528e-05
-6.24617e-05
-1.33315e-05
-5.73983e-05
-4.0053e-06
-4.16328e-05
-1.58471e-05
-2.21068e-06
1.46643e-05
-7.11083e-06
3.50987e-05
-1.32055e-05
4.74121e-05
-1.95043e-05
5.32558e-05
-2.54792e-05
5.43166e-05
-3.09133e-05
5.19003e-05
-3.57635e-05
4.68766e-05
-4.00614e-05
3.97521e-05
-4.38426e-05
3.07761e-05
-4.70939e-05
2.00469e-05
-4.9707e-05
7.61257e-06
-5.14357e-05
-6.42436e-06
-5.18602e-05
-2.17794e-05
-5.03831e-05
-3.78105e-05
-4.63007e-05
-5.32765e-05
-3.9032e-05
-6.60497e-05
-2.85839e-05
-7.29098e-05
-1.62422e-05
-6.974e-05
-5.1582e-06
-5.27168e-05
-2.10053e-05
-2.50378e-06
1.71681e-05
-7.71581e-06
4.03107e-05
-1.37483e-05
5.34446e-05
-1.95112e-05
5.90188e-05
-2.45596e-05
5.9365e-05
-2.88274e-05
5.61681e-05
-3.24339e-05
5.04832e-05
-3.55664e-05
4.28846e-05
-3.84072e-05
3.36169e-05
-4.10837e-05
2.27234e-05
-4.36213e-05
1.01502e-05
-4.58886e-05
-4.15711e-06
-4.75314e-05
-2.01366e-05
-4.79096e-05
-3.74323e-05
-4.60868e-05
-5.50992e-05
-4.0983e-05
-7.11535e-05
-3.1867e-05
-8.20259e-05
-1.934e-05
-8.22669e-05
-6.62041e-06
-6.54364e-05
-2.76257e-05
-3.06895e-06
2.0237e-05
-8.75338e-06
4.59952e-05
-1.45361e-05
5.92273e-05
-1.92766e-05
6.37593e-05
-2.27341e-05
6.28224e-05
-2.5093e-05
5.8527e-05
-2.6699e-05
5.20892e-05
-2.793e-05
4.41156e-05
-2.91357e-05
3.48226e-05
-3.06029e-05
2.41906e-05
-3.25214e-05
1.20688e-05
-3.49312e-05
-1.74729e-06
-3.76376e-05
-1.74301e-05
-4.00885e-05
-3.49814e-05
-4.12496e-05
-5.3938e-05
-3.95926e-05
-7.28106e-05
-3.34633e-05
-8.81551e-05
-2.22306e-05
-9.34997e-05
-8.43724e-06
-7.92298e-05
-3.60629e-05
-4.16891e-06
2.44059e-05
-1.05412e-05
5.23675e-05
-1.56766e-05
6.43627e-05
-1.8602e-05
6.66847e-05
-1.95222e-05
6.37426e-05
-1.90198e-05
5.80246e-05
-1.77351e-05
5.08045e-05
-1.62567e-05
4.26372e-05
-1.50953e-05
3.36612e-05
-1.46833e-05
2.37786e-05
-1.53707e-05
1.27561e-05
-1.73919e-05
2.73985e-07
-2.07873e-05
-1.40347e-05
-2.52448e-05
-3.0524e-05
-2.98609e-05
-4.93219e-05
-3.28879e-05
-6.97836e-05
-3.17659e-05
-8.92771e-05
-2.41034e-05
-0.000101162
-1.05719e-05
-9.27613e-05
-4.66348e-05
-6.18939e-06
3.05953e-05
-1.3281e-05
5.94591e-05
-1.67661e-05
6.78478e-05
-1.64817e-05
6.64003e-05
-1.3501e-05
6.07619e-05
-8.97344e-06
5.34971e-05
-3.86659e-06
4.56976e-05
1.05283e-06
3.77178e-05
5.17215e-06
2.95419e-05
7.97702e-06
2.09737e-05
9.01533e-06
1.17178e-05
7.89073e-06
1.39859e-06
4.3129e-06
-1.04569e-05
-1.76715e-06
-2.44439e-05
-9.85514e-06
-4.12339e-05
-1.8419e-05
-6.12198e-05
-2.43778e-05
-8.33183e-05
-2.33626e-05
-0.000102177
-1.2674e-05
-0.00010345
-5.93088e-05
-9.4517e-06
4.0047e-05
-1.62264e-05
6.62338e-05
-1.56102e-05
6.72316e-05
-9.72831e-06
6.05185e-05
-1.05365e-06
5.20872e-05
8.66345e-06
4.378e-05
1.82538e-05
3.61073e-05
2.69293e-05
2.90423e-05
3.41213e-05
2.23499e-05
3.93634e-05
1.57316e-05
4.2215e-05
8.86618e-06
4.22188e-05
1.39484e-06
3.88999e-05
-7.13807e-06
3.18292e-05
-1.73732e-05
2.0866e-05
-3.02707e-05
6.75177e-06
-4.71055e-05
-7.80072e-06
-6.87658e-05
-1.70163e-05
-9.29619e-05
-1.35448e-05
-0.000106921
-7.28536e-05
-1.32369e-05
5.32839e-05
-1.48165e-05
6.78134e-05
-4.91048e-06
5.73256e-05
9.84726e-06
4.57607e-05
2.56951e-05
3.62394e-05
4.08681e-05
2.86069e-05
5.44976e-05
2.24777e-05
6.61281e-05
1.74119e-05
7.54782e-05
1.29998e-05
8.23042e-05
8.90566e-06
8.632e-05
4.85036e-06
8.71435e-05
5.71408e-07
8.42606e-05
-4.25517e-06
7.69804e-05
-1.00931e-05
6.44947e-05
-1.77849e-05
4.6248e-05
-2.88589e-05
2.32056e-05
-4.57234e-05
5.36027e-07
-7.02924e-05
-1.01214e-05
-9.62639e-05
-8.2975e-05
-9.19256e-06
6.24765e-05
8.87036e-06
4.97505e-05
3.49319e-05
3.1264e-05
5.9487e-05
2.12057e-05
8.06528e-05
1.50735e-05
9.83613e-05
1.08985e-05
0.000112873
7.96625e-06
0.000124473
5.81202e-06
0.000133368
4.10467e-06
0.000139646
2.62761e-06
0.000143261
1.23559e-06
0.000144014
-1.8201e-07
0.000141519
-1.76041e-06
0.000135088
-3.66152e-06
0.000123564
-6.26083e-06
0.000105127
-1.04222e-05
7.76758e-05
-1.82724e-05
4.14429e-05
-3.40594e-05
6.66285e-06
-6.14838e-05
-7.63122e-05
6.24765e-05
0.000112227
0.000143491
0.000164697
0.00017977
0.000190669
0.000198635
0.000204447
0.000208552
0.000211179
0.000212415
0.000212233
0.000210472
0.000206811
0.00020055
0.000190128
0.000171855
0.000137796
7.63122e-05
)
;

boundaryField
{
    movingWall
    {
        type            calculated;
        value           uniform 0;
    }
    fixedWalls
    {
        type            calculated;
        value           uniform 0;
    }
    frontAndBack
    {
        type            empty;
        value           nonuniform List<scalar> 0();
    }
}


// ************************************************************************* //
