/*--------------------------------*- C++ -*----------------------------------*\
  =========                 |
  \\      /  F ield         | OpenFOAM: The Open Source CFD Toolbox
   \\    /   O peration     | Website:  https://openfoam.org
    \\  /    A nd           | Version:  8
     \\/     M anipulation  |
\*---------------------------------------------------------------------------*/
FoamFile
{
    version     2.0;
    format      ascii;
    class       volVectorField;
    location    "0.1";
    object      U;
}
// * * * * * * * * * * * * * * * * * * * * * * * * * * * * * * * * * * * * * //

dimensions      [0 1 -1 0 0 0 0];

internalField   nonuniform List<vector> 
400
(
(0.000440401 -0.000434802 0)
(0.000217363 0.000211337 0)
(-0.002135 0.00100488 0)
(-0.00620355 0.00155845 0)
(-0.0112904 0.00183391 0)
(-0.0167125 0.00186274 0)
(-0.0218667 0.00168842 0)
(-0.0262526 0.00135368 0)
(-0.0294761 0.000897247 0)
(-0.0312488 0.000356359 0)
(-0.0313938 -0.000228827 0)
(-0.0298593 -0.000811464 0)
(-0.0267379 -0.00133622 0)
(-0.0222837 -0.00174025 0)
(-0.0169224 -0.00195739 0)
(-0.0112436 -0.00192622 0)
(-0.00596452 -0.00160309 0)
(-0.00185519 -0.000981002 0)
(0.000391403 -0.000144307 0)
(0.000486366 0.000474914 0)
(-0.000156631 -0.000265016 0)
(-0.00291775 0.00296037 0)
(-0.0101697 0.00641289 0)
(-0.0208068 0.00886647 0)
(-0.0334221 0.0100844 0)
(-0.0466132 0.0101174 0)
(-0.059052 0.0091166 0)
(-0.0695849 0.00726893 0)
(-0.0772846 0.00477156 0)
(-0.0814741 0.00183174 0)
(-0.0817515 -0.0013228 0)
(-0.0780206 -0.00443424 0)
(-0.0705255 -0.00721245 0)
(-0.0598768 -0.00934509 0)
(-0.0470561 -0.0105228 0)
(-0.0333778 -0.0104827 0)
(-0.0203798 -0.00907349 0)
(-0.00963209 -0.0063402 0)
(-0.00255392 -0.00269672 0)
(-4.81271e-05 0.000449678 0)
(-0.000965599 0.00201357 0)
(-0.00666124 0.0102527 0)
(-0.0188643 0.0181052 0)
(-0.0354598 0.0236181 0)
(-0.0544165 0.0262665 0)
(-0.0738624 0.026087 0)
(-0.0920063 0.0233783 0)
(-0.107272 0.0185629 0)
(-0.118387 0.0121225 0)
(-0.124419 0.00458437 0)
(-0.124819 -0.0034678 0)
(-0.119461 -0.0113819 0)
(-0.108681 -0.01844 0)
(-0.0933118 -0.0238877 0)
(-0.0746834 -0.0269994 0)
(-0.0545696 -0.0271838 0)
(-0.0350381 -0.024133 0)
(-0.0182063 -0.0180052 0)
(-0.00616744 -0.00969573 0)
(-0.000805618 -0.00156908 0)
(-0.00168381 0.00630576 0)
(-0.0101911 0.0217915 0)
(-0.027225 0.0352559 0)
(-0.0494794 0.0443925 0)
(-0.074238 0.0485246 0)
(-0.0992187 0.047744 0)
(-0.122288 0.0425532 0)
(-0.141582 0.0336725 0)
(-0.155601 0.0219398 0)
(-0.16325 0.00828373 0)
(-0.163871 -0.00626672 0)
(-0.157296 -0.0205682 0)
(-0.14389 -0.0333711 0)
(-0.1246 -0.0433704 0)
(-0.100962 -0.0493147 0)
(-0.0750699 -0.0501834 0)
(-0.0494155 -0.0454277 0)
(-0.0266418 -0.0352477 0)
(-0.00963076 -0.0209264 0)
(-0.00147815 -0.00552002 0)
(-0.00231436 0.0124019 0)
(-0.0134698 0.037311 0)
(-0.0351813 0.0574997 0)
(-0.0629004 0.0706458 0)
(-0.0931739 0.0761446 0)
(-0.123316 0.074287 0)
(-0.150909 0.0658737 0)
(-0.173882 0.0519877 0)
(-0.190592 0.0338725 0)
(-0.19983 0.0128989 0)
(-0.200853 -0.00942017 0)
(-0.193428 -0.0314076 0)
(-0.177884 -0.0512273 0)
(-0.155182 -0.0669495 0)
(-0.126965 -0.076698 0)
(-0.095557 -0.0788965 0)
(-0.063846 -0.0726058 0)
(-0.0350519 -0.0579007 0)
(-0.0129811 -0.0362655 0)
(-0.00208193 -0.0112385 0)
(-0.00290052 0.0201695 0)
(-0.0166078 0.0566784 0)
(-0.0428908 0.0847369 0)
(-0.0759423 0.102261 0)
(-0.111542 0.108962 0)
(-0.146602 0.105515 0)
(-0.178461 0.0931489 0)
(-0.20491 0.0733867 0)
(-0.224222 0.0479192 0)
(-0.235123 0.0185751 0)
(-0.236799 -0.0126457 0)
(-0.228919 -0.0435267 0)
(-0.211709 -0.0716217 0)
(-0.186049 -0.0943153 0)
(-0.15358 -0.108994 0)
(-0.116782 -0.113356 0)
(-0.0789153 -0.105851 0)
(-0.0438422 -0.0861855 0)
(-0.0164433 -0.0558269 0)
(-0.00268501 -0.0186845 0)
(-0.00348231 0.0295586 0)
(-0.0197283 0.07983 0)
(-0.0505414 0.116892 0)
(-0.0888162 0.139121 0)
(-0.12954 0.146803 0)
(-0.169244 0.141224 0)
(-0.205077 0.124193 0)
(-0.234767 0.097765 0)
(-0.256577 0.0641102 0)
(-0.269228 0.0255053 0)
(-0.271846 -0.0155961 0)
(-0.263982 -0.0564739 0)
(-0.245687 -0.0940837 0)
(-0.217646 -0.125084 0)
(-0.181366 -0.146005 0)
(-0.139366 -0.153606 0)
(-0.0952216 -0.145428 0)
(-0.0534832 -0.120478 0)
(-0.0202793 -0.0799256 0)
(-0.00335987 -0.0279703 0)
(-0.00409394 0.0405907 0)
(-0.0229421 0.106777 0)
(-0.0582932 0.153902 0)
(-0.101646 0.181047 0)
(-0.147171 0.189382 0)
(-0.191059 0.181065 0)
(-0.230364 0.158676 0)
(-0.262859 0.124898 0)
(-0.286906 0.0824009 0)
(-0.301298 0.0338709 0)
(-0.305147 -0.0178612 0)
(-0.297872 -0.0696582 0)
(-0.279274 -0.11794 0)
(-0.249709 -0.158639 0)
(-0.210372 -0.187319 0)
(-0.16363 -0.199555 0)
(-0.113238 -0.191596 0)
(-0.0644213 -0.161286 0)
(-0.0247545 -0.109094 0)
(-0.00417969 -0.0393613 0)
(-0.00476975 0.0533494 0)
(-0.026357 0.137598 0)
(-0.0662754 0.195692 0)
(-0.114448 0.227739 0)
(-0.164195 0.236191 0)
(-0.211456 0.224414 0)
(-0.253337 0.195978 0)
(-0.287819 0.154301 0)
(-0.313522 0.102556 0)
(-0.329432 0.0437634 0)
(-0.334725 -0.0189958 0)
(-0.328703 -0.0823176 0)
(-0.31085 -0.142222 0)
(-0.281044 -0.193979 0)
(-0.239926 -0.232128 0)
(-0.189422 -0.250798 0)
(-0.133199 -0.244471 0)
(-0.0770295 -0.209184 0)
(-0.0301344 -0.144065 0)
(-0.0052242 -0.0532751 0)
(-0.00555866 0.067986 0)
(-0.0301142 0.172428 0)
(-0.074624 0.24211 0)
(-0.127142 0.278652 0)
(-0.180109 0.286338 0)
(-0.229376 0.270178 0)
(-0.272326 0.234995 0)
(-0.307395 0.185049 0)
(-0.33367 0.123996 0)
(-0.350511 0.055072 0)
(-0.357279 -0.018577 0)
(-0.353214 -0.0935075 0)
(-0.337449 -0.165568 0)
(-0.309228 -0.229546 0)
(-0.26835 -0.27898 0)
(-0.215887 -0.306339 0)
(-0.154959 -0.303784 0)
(-0.0915691 -0.264655 0)
(-0.0367021 -0.185726 0)
(-0.0065939 -0.0702883 0)
(-0.00655072 0.0847588 0)
(-0.0344545 0.211473 0)
(-0.0835452 0.292862 0)
(-0.139567 0.332838 0)
(-0.194099 0.338331 0)
(-0.243186 0.316562 0)
(-0.284844 0.273911 0)
(-0.31829 0.215571 0)
(-0.343363 0.145619 0)
(-0.360019 0.0673412 0)
(-0.367976 -0.0163011 0)
(-0.366516 -0.102132 0)
(-0.354445 -0.186174 0)
(-0.330251 -0.263049 0)
(-0.292588 -0.325497 0)
(-0.241143 -0.364235 0)
(-0.177797 -0.368525 0)
(-0.108129 -0.327851 0)
(-0.044788 -0.23504 0)
(-0.00843509 -0.0911678 0)
(-0.00792449 0.10413 0)
(-0.039819 0.255054 0)
(-0.0933817 0.347392 0)
(-0.151445 0.388716 0)
(-0.204892 0.389799 0)
(-0.250469 0.360796 0)
(-0.287348 0.309957 0)
(-0.31595 0.243445 0)
(-0.337193 0.165628 0)
(-0.351877 0.0796165 0)
(-0.360272 -0.0121158 0)
(-0.361868 -0.107039 0)
(-0.355241 -0.201798 0)
(-0.338107 -0.291354 0)
(-0.307723 -0.36809 0)
(-0.261816 -0.421141 0)
(-0.200066 -0.436433 0)
(-0.126493 -0.398195 0)
(-0.0548088 -0.292929 0)
(-0.0109836 -0.116942 0)
(-0.0100313 0.126963 0)
(-0.0469886 0.303649 0)
(-0.104619 0.404667 0)
(-0.162171 0.443693 0)
(-0.210376 0.437097 0)
(-0.247572 0.398811 0)
(-0.274812 0.339182 0)
(-0.294221 0.265239 0)
(-0.308103 0.181406 0)
(-0.318304 0.0903185 0)
(-0.325827 -0.00636814 0)
(-0.330558 -0.107173 0)
(-0.33105 -0.209887 0)
(-0.324399 -0.310477 0)
(-0.306412 -0.401731 0)
(-0.27237 -0.471816 0)
(-0.218617 -0.503294 0)
(-0.145855 -0.473746 0)
(-0.0672948 -0.36002 0)
(-0.014638 -0.149042 0)
(-0.0135355 0.154867 0)
(-0.0572334 0.357871 0)
(-0.117658 0.462682 0)
(-0.17015 0.493523 0)
(-0.206689 0.474775 0)
(-0.228672 0.424915 0)
(-0.239953 0.356321 0)
(-0.244812 0.276512 0)
(-0.247098 0.189547 0)
(-0.249755 0.0972307 0)
(-0.254576 8.43479e-05 0)
(-0.262008 -0.101805 0)
(-0.270881 -0.207864 0)
(-0.27807 -0.315819 0)
(-0.278253 -0.419937 0)
(-0.264162 -0.508668 0)
(-0.227786 -0.562035 0)
(-0.164146 -0.550151 0)
(-0.0828108 -0.436115 0)
(-0.0200602 -0.189514 0)
(-0.0195835 0.190723 0)
(-0.0722599 0.418071 0)
(-0.131844 0.517398 0)
(-0.171063 0.531288 0)
(-0.186262 0.494968 0)
(-0.18403 0.431644 0)
(-0.171913 0.354986 0)
(-0.156476 0.27216 0)
(-0.142911 0.186218 0)
(-0.134969 0.0977355 0)
(-0.135053 0.00589015 0)
(-0.144211 -0.0907845 0)
(-0.161892 -0.193638 0)
(-0.185413 -0.302796 0)
(-0.209209 -0.415255 0)
(-0.224168 -0.521694 0)
(-0.217643 -0.601794 0)
(-0.176523 -0.619047 0)
(-0.101404 -0.518993 0)
(-0.0281934 -0.24121 0)
(-0.0297045 0.239483 0)
(-0.0930861 0.482945 0)
(-0.142392 0.560526 0)
(-0.153827 0.545873 0)
(-0.134018 0.486937 0)
(-0.097062 0.410138 0)
(-0.0543452 0.328513 0)
(-0.0140276 0.247416 0)
(0.0182553 0.168057 0)
(0.0387247 0.0894643 0)
(0.0449027 0.00947932 0)
(0.035332 -0.0747405 0)
(0.009686 -0.166326 0)
(-0.0306403 -0.268011 0)
(-0.0813414 -0.380547 0)
(-0.133404 -0.499233 0)
(-0.171046 -0.607312 0)
(-0.171968 -0.665809 0)
(-0.120482 -0.602081 0)
(-0.0396885 -0.308043 0)
(-0.044221 0.309923 0)
(-0.115236 0.545508 0)
(-0.132012 0.574625 0)
(-0.0920436 0.519423 0)
(-0.020872 0.436934 0)
(0.0597356 0.351419 0)
(0.136645 0.271755 0)
(0.202301 0.199624 0)
(0.252422 0.133681 0)
(0.28451 0.0713937 0)
(0.296861 0.00966246 0)
(0.288065 -0.0550946 0)
(0.256897 -0.127032 0)
(0.202736 -0.210869 0)
(0.126798 -0.311208 0)
(0.0347334 -0.429889 0)
(-0.0590517 -0.558957 0)
(-0.126498 -0.666327 0)
(-0.128941 -0.669912 0)
(-0.0521766 -0.395753 0)
(-0.0539738 0.411851 0)
(-0.112881 0.581143 0)
(-0.0509952 0.525521 0)
(0.0716604 0.426547 0)
(0.205317 0.331296 0)
(0.328587 0.250617 0)
(0.433057 0.184976 0)
(0.515709 0.131296 0)
(0.575967 0.0858722 0)
(0.613982 0.0452901 0)
(0.629659 0.00639337 0)
(0.622184 -0.0340679 0)
(0.58978 -0.0799235 0)
(0.529695 -0.136201 0)
(0.438825 -0.209647 0)
(0.315829 -0.308215 0)
(0.165643 -0.436887 0)
(0.00928089 -0.584685 0)
(-0.0929119 -0.686164 0)
(-0.0500854 -0.503382 0)
(0.00768868 0.495014 0)
(0.0216697 0.51814 0)
(0.227044 0.373746 0)
(0.446767 0.258731 0)
(0.625137 0.179094 0)
(0.76374 0.123983 0)
(0.869152 0.0854223 0)
(0.946497 0.0574859 0)
(0.999965 0.035985 0)
(1.03252 0.0180556 0)
(1.04568 0.00158268 0)
(1.03948 -0.0153176 0)
(1.01224 -0.0348732 0)
(0.960226 -0.0603342 0)
(0.877043 -0.0971277 0)
(0.753484 -0.15449 0)
(0.576923 -0.246809 0)
(0.337144 -0.390757 0)
(0.0905309 -0.571285 0)
(0.0411784 -0.553254 0)
(0.533071 0.260462 0)
(0.699872 0.228525 0)
(0.983932 0.138576 0)
(1.19445 0.0814364 0)
(1.32197 0.0487717 0)
(1.40307 0.0296917 0)
(1.45732 0.0182805 0)
(1.49355 0.0111501 0)
(1.51673 0.00633104 0)
(1.52975 0.00269774 0)
(1.53406 -0.000436231 0)
(1.52996 -0.00357573 0)
(1.51669 -0.00731231 0)
(1.492 -0.0125652 0)
(1.45123 -0.0211349 0)
(1.38522 -0.0367895 0)
(1.2731 -0.0673309 0)
(1.0688 -0.127498 0)
(0.762665 -0.229472 0)
(0.562834 -0.271201 0)
)
;

boundaryField
{
    movingWall
    {
        type            fixedValue;
        value           uniform (1.8 0 0);
    }
    fixedWalls
    {
        type            noSlip;
    }
    frontAndBack
    {
        type            empty;
    }
}


// ************************************************************************* //
