/*--------------------------------*- C++ -*----------------------------------*\
  =========                 |
  \\      /  F ield         | OpenFOAM: The Open Source CFD Toolbox
   \\    /   O peration     | Website:  https://openfoam.org
    \\  /    A nd           | Version:  8
     \\/     M anipulation  |
\*---------------------------------------------------------------------------*/
FoamFile
{
    version     2.0;
    format      ascii;
    class       volScalarField;
    location    "0.3";
    object      p;
}
// * * * * * * * * * * * * * * * * * * * * * * * * * * * * * * * * * * * * * //

dimensions      [0 2 -2 0 0 0 0];

internalField   nonuniform List<scalar> 
400
(
1.01451e-05
-0.0116486
-0.0257482
-0.0364238
-0.0403595
-0.0361124
-0.0235601
-0.00348781
0.0226757
0.0530033
0.085168
0.116558
0.14445
0.166267
0.179921
0.184232
0.179388
0.167386
0.152385
0.140791
0.0115855
-0.000443523
-0.011466
-0.0187509
-0.0207931
-0.0165988
-0.00601297
0.0104243
0.0316554
0.0562006
0.0822335
0.107684
0.130395
0.148339
0.159901
0.164198
0.161415
0.152987
0.141185
0.129334
0.0265124
0.00988619
-0.00197424
-0.00860064
-0.0102286
-0.00638214
0.00295378
0.0172876
0.0357505
0.0571317
0.0799084
0.102315
0.122469
0.138565
0.149106
0.153187
0.1508
0.142853
0.129987
0.113495
0.0396079
0.0167672
0.00213306
-0.0053601
-0.00741394
-0.00401728
0.00465099
0.0180501
0.0353876
0.0555982
0.0773191
0.0989174
0.118583
0.134495
0.145036
0.149066
0.14627
0.137106
0.120938
0.09788
0.0473201
0.0180714
0.000168855
-0.00863217
-0.0112942
-0.00819975
0.000291397
0.0135708
0.0308838
0.0512574
0.0734204
0.0957849
0.116503
0.133605
0.145209
0.1498
0.146672
0.13585
0.115621
0.085346
0.0469738
0.0114235
-0.0098116
-0.0199558
-0.023096
-0.0199517
-0.0110394
0.00296895
0.0213455
0.0431853
0.0672714
0.0920071
0.115429
0.135318
0.149388
0.155613
0.152775
0.140419
0.115811
0.077788
0.0362717
-0.00545984
-0.0298925
-0.0411515
-0.0444002
-0.0406733
-0.0306268
-0.0149817
0.00557027
0.0301969
0.057733
0.086555
0.114541
0.139136
0.157527
0.167001
0.165649
0.152391
0.123335
0.0768455
0.0129458
-0.0349025
-0.0622479
-0.0741476
-0.0768979
-0.0718732
-0.0598682
-0.0416347
-0.0177967
0.0109256
0.0434579
0.0781793
0.112811
0.144413
0.169521
0.184531
0.186582
0.173679
0.1404
0.0844916
-0.0254839
-0.0794713
-0.109287
-0.121066
-0.122424
-0.115159
-0.100228
-0.0783941
-0.0501612
-0.0160614
0.0230115
0.0655261
0.109109
0.150441
0.185308
0.208982
0.21729
0.20685
0.170034
0.103569
-0.0819072
-0.142159
-0.17374
-0.184195
-0.182827
-0.172031
-0.152982
-0.126433
-0.0926919
-0.0519853
-0.00488279
0.0473326
0.102339
0.15653
0.204907
0.241393
0.260054
0.255424
0.216554
0.138376
-0.159904
-0.226641
-0.258758
-0.265896
-0.25973
-0.24354
-0.218804
-0.186239
-0.145848
-0.0973926
-0.0409113
0.0228006
0.091729
0.1622
0.228534
0.283161
0.317896
0.324234
0.286197
0.195455
-0.264308
-0.337719
-0.368054
-0.368449
-0.354159
-0.329776
-0.297178
-0.256983
-0.208733
-0.151506
-0.0845424
-0.00782774
0.077315
0.167549
0.256843
0.336202
0.394784
0.419884
0.387989
0.284837
-0.402439
-0.482131
-0.506078
-0.493759
-0.465983
-0.429185
-0.385664
-0.335774
-0.278346
-0.211484
-0.133301
-0.0425763
0.0605661
0.173749
0.291253
0.403147
0.495866
0.551309
0.535042
0.422196
-0.586873
-0.669966
-0.678134
-0.642751
-0.593035
-0.537648
-0.479046
-0.416908
-0.348923
-0.271825
-0.182216
-0.0771998
0.0448734
0.183428
0.334154
0.487353
0.627456
0.730265
0.746497
0.632956
-0.841494
-0.916947
-0.889932
-0.813958
-0.729636
-0.64727
-0.568483
-0.491358
-0.411701
-0.324319
-0.223856
-0.105312
0.0353746
0.200402
0.388414
0.592098
0.796105
0.971106
1.05004
0.959903
-1.21298
-1.24716
-1.146
-1.00123
-0.86472
-0.745266
-0.641168
-0.547087
-0.455722
-0.359191
-0.249722
-0.119818
0.0375203
0.228253
0.455876
0.718791
1.00646
1.28885
1.48324
1.47403
-1.79253
-1.69456
-1.4469
-1.19234
-0.981684
-0.814856
-0.682158
-0.571543
-0.470711
-0.368206
-0.253427
-0.116158
0.0538881
0.26731
0.534619
0.864474
1.25835
1.69498
2.09268
2.29189
-2.7951
-2.30048
-1.77103
-1.35668
-1.05217
-0.833309
-0.675209
-0.554174
-0.450625
-0.348886
-0.235579
-0.0979995
0.0772412
0.305858
0.607532
1.00674
1.52692
2.17608
2.93803
3.66256
-4.8095
-3.08051
-1.97795
-1.36895
-0.988811
-0.744507
-0.586951
-0.477556
-0.389301
-0.303594
-0.205958
-0.0828727
0.0801913
0.30227
0.611461
1.05134
1.68199
2.59687
4.0563
6.20001
-8.3822
-3.84005
-1.78954
-1.04377
-0.688484
-0.496146
-0.393667
-0.334088
-0.288757
-0.24067
-0.177742
-0.0894112
0.0366404
0.216979
0.479629
0.877839
1.51471
2.64872
5.1576
10.1626
)
;

boundaryField
{
    movingWall
    {
        type            zeroGradient;
    }
    fixedWalls
    {
        type            zeroGradient;
    }
    frontAndBack
    {
        type            empty;
    }
}


// ************************************************************************* //
