/*--------------------------------*- C++ -*----------------------------------*\
  =========                 |
  \\      /  F ield         | OpenFOAM: The Open Source CFD Toolbox
   \\    /   O peration     | Website:  https://openfoam.org
    \\  /    A nd           | Version:  8
     \\/     M anipulation  |
\*---------------------------------------------------------------------------*/
FoamFile
{
    version     2.0;
    format      ascii;
    class       volVectorField;
    location    "0.3";
    object      U;
}
// * * * * * * * * * * * * * * * * * * * * * * * * * * * * * * * * * * * * * //

dimensions      [0 1 -1 0 0 0 0];

internalField   nonuniform List<vector> 
400
(
(0.000495463 -0.000491701 0)
(0.000240769 0.000237703 0)
(-0.00241736 0.00113181 0)
(-0.00700718 0.00175431 0)
(-0.0127423 0.00206413 0)
(-0.0188549 0.00209764 0)
(-0.0246691 0.00190389 0)
(-0.029623 0.00153005 0)
(-0.0332716 0.0010182 0)
(-0.0352856 0.000408989 0)
(-0.0354596 -0.000252854 0)
(-0.0337297 -0.000914031 0)
(-0.030197 -0.0015107 0)
(-0.0251497 -0.00197 0)
(-0.0190739 -0.00221544 0)
(-0.0126442 -0.00217685 0)
(-0.0066791 -0.00180593 0)
(-0.00205162 -0.00109781 0)
(0.000462502 -0.000152529 0)
(0.000553124 0.0005399 0)
(-0.000182595 -0.000294007 0)
(-0.00331455 0.00335074 0)
(-0.0115167 0.00724229 0)
(-0.0235313 0.0100031 0)
(-0.0377708 0.0113733 0)
(-0.0526587 0.0114134 0)
(-0.0667034 0.0102935 0)
(-0.0786065 0.00821994 0)
(-0.0873196 0.00540924 0)
(-0.0920712 0.00209047 0)
(-0.0923971 -0.00148104 0)
(-0.0881795 -0.00501178 0)
(-0.0796893 -0.00816808 0)
(-0.0676196 -0.0105892 0)
(-0.0530903 -0.0119188 0)
(-0.0376025 -0.0118575 0)
(-0.0229088 -0.0102387 0)
(-0.0107896 -0.00712582 0)
(-0.00283724 -0.0030039 0)
(-4.25245e-05 0.000527993 0)
(-0.00110014 0.00229574 0)
(-0.00755563 0.0116087 0)
(-0.0213555 0.0204593 0)
(-0.0400989 0.026663 0)
(-0.0614953 0.029642 0)
(-0.0834419 0.0294445 0)
(-0.103927 0.0264051 0)
(-0.121176 0.0209909 0)
(-0.133749 0.0137329 0)
(-0.140585 0.00521695 0)
(-0.141053 -0.00390094 0)
(-0.134995 -0.0128785 0)
(-0.122789 -0.0208914 0)
(-0.105378 -0.027071 0)
(-0.0842764 -0.0305829 0)
(-0.0615086 -0.0307541 0)
(-0.0394296 -0.0272469 0)
(-0.0204417 -0.0202658 0)
(-0.00689871 -0.0108584 0)
(-0.000891999 -0.00172075 0)
(-0.00191409 0.00716704 0)
(-0.0115442 0.0246657 0)
(-0.030784 0.0398354 0)
(-0.0558899 0.050112 0)
(-0.0838045 0.0547574 0)
(-0.11197 0.0538854 0)
(-0.137994 0.0480575 0)
(-0.15978 0.0380689 0)
(-0.175634 0.024845 0)
(-0.184305 0.00941847 0)
(-0.185038 -0.00705301 0)
(-0.177627 -0.0232688 0)
(-0.162475 -0.0377962 0)
(-0.140651 -0.049134 0)
(-0.113903 -0.0558453 0)
(-0.084616 -0.0567679 0)
(-0.0556269 -0.0512961 0)
(-0.0299363 -0.0396965 0)
(-0.0107913 -0.0234774 0)
(-0.00164607 -0.00614008 0)
(-0.0026249 0.0140739 0)
(-0.0152243 0.0421972 0)
(-0.0396924 0.0649233 0)
(-0.0708951 0.0796975 0)
(-0.104959 0.0858768 0)
(-0.138884 0.0838018 0)
(-0.169966 0.0743638 0)
(-0.195882 0.0587566 0)
(-0.214773 0.0383523 0)
(-0.225263 0.0146748 0)
(-0.226492 -0.0105749 0)
(-0.218174 -0.0354907 0)
(-0.200664 -0.0579697 0)
(-0.175041 -0.0757941 0)
(-0.143165 -0.0868097 0)
(-0.107679 -0.0892197 0)
(-0.0718698 -0.0819786 0)
(-0.0393959 -0.0652249 0)
(-0.0145536 -0.0407202 0)
(-0.00232181 -0.012544 0)
(-0.00327842 0.0228505 0)
(-0.0187078 0.0640146 0)
(-0.0482299 0.0955596 0)
(-0.0853197 0.115235 0)
(-0.125264 0.122768 0)
(-0.16463 0.118931 0)
(-0.200451 0.105087 0)
(-0.230254 0.0829111 0)
(-0.252089 0.0542636 0)
(-0.264502 0.0211738 0)
(-0.266543 -0.0141131 0)
(-0.257807 -0.0490815 0)
(-0.238521 -0.0809327 0)
(-0.209657 -0.106662 0)
(-0.173062 -0.12327 0)
(-0.131549 -0.128125 0)
(-0.0888244 -0.119489 0)
(-0.0492824 -0.0970948 0)
(-0.0184414 -0.0627121 0)
(-0.00299642 -0.0208852 0)
(-0.00391714 0.0334172 0)
(-0.0221218 0.0899941 0)
(-0.0565854 0.131595 0)
(-0.0993688 0.156528 0)
(-0.144906 0.165181 0)
(-0.189357 0.159005 0)
(-0.229561 0.139999 0)
(-0.26298 0.110414 0)
(-0.287652 0.072629 0)
(-0.30211 0.0291641 0)
(-0.305329 -0.0172338 0)
(-0.296757 -0.0634827 0)
(-0.276402 -0.106103 0)
(-0.245 -0.141259 0)
(-0.204231 -0.164965 0)
(-0.156936 -0.17351 0)
(-0.10718 -0.164116 0)
(-0.060138 -0.135727 0)
(-0.0227562 -0.0898101 0)
(-0.00375312 -0.031291 0)
(-0.00457723 0.0457691 0)
(-0.0255822 0.120087 0)
(-0.064923 0.172886 0)
(-0.113164 0.203309 0)
(-0.163869 0.212741 0)
(-0.21285 0.203597 0)
(-0.256853 0.178712 0)
(-0.293394 0.141014 0)
(-0.320623 0.093418 0)
(-0.337143 0.0388834 0)
(-0.341902 -0.0194301 0)
(-0.334183 -0.0779755 0)
(-0.313693 -0.132667 0)
(-0.280777 -0.178836 0)
(-0.236735 -0.211386 0)
(-0.184219 -0.225242 0)
(-0.127486 -0.216139 0)
(-0.0724808 -0.1817 0)
(-0.0278055 -0.122623 0)
(-0.00467655 -0.0440655 0)
(-0.00529517 0.0599667 0)
(-0.0292042 0.154313 0)
(-0.0733815 0.219274 0)
(-0.126722 0.255177 0)
(-0.181898 0.264832 0)
(-0.234471 0.25198 0)
(-0.281256 0.220523 0)
(-0.320006 0.174175 0)
(-0.34915 0.116385 0)
(-0.367499 0.0504635 0)
(-0.374063 -0.0201628 0)
(-0.367976 -0.0916555 0)
(-0.348576 -0.159478 0)
(-0.315638 -0.21821 0)
(-0.269815 -0.261574 0)
(-0.213229 -0.28283 0)
(-0.150017 -0.275676 0)
(-0.0867447 -0.235665 0)
(-0.0338975 -0.161993 0)
(-0.00585915 -0.059689 0)
(-0.00612413 0.0761436 0)
(-0.0331443 0.192758 0)
(-0.0821196 0.270522 0)
(-0.139977 0.311467 0)
(-0.198477 0.320424 0)
(-0.253103 0.302915 0)
(-0.300989 0.264193 0)
(-0.340384 0.208866 0)
(-0.370232 0.140889 0)
(-0.389754 0.0637941 0)
(-0.398158 -0.0189373 0)
(-0.3945 -0.103432 0)
(-0.377714 -0.184969 0)
(-0.346841 -0.257578 0)
(-0.301558 -0.313842 0)
(-0.242985 -0.345111 0)
(-0.174606 -0.342404 0)
(-0.103229 -0.298174 0)
(-0.0413586 -0.208941 0)
(-0.0074169 -0.0788264 0)
(-0.00716374 0.0945528 0)
(-0.0376757 0.235595 0)
(-0.0913923 0.326251 0)
(-0.152808 0.371097 0)
(-0.212791 0.377845 0)
(-0.267053 0.354406 0)
(-0.313422 0.307702 0)
(-0.351001 0.243332 0)
(-0.37956 0.165692 0)
(-0.398976 0.0783506 0)
(-0.408856 -0.0154284 0)
(-0.408312 -0.112084 0)
(-0.39591 -0.207101 0)
(-0.369842 -0.294335 0)
(-0.328469 -0.365467 0)
(-0.271313 -0.409843 0)
(-0.200402 -0.415148 0)
(-0.122022 -0.36939 0)
(-0.0505637 -0.264574 0)
(-0.00951723 -0.102361 0)
(-0.00861287 0.115678 0)
(-0.0433019 0.283139 0)
(-0.101631 0.385828 0)
(-0.16501 0.432318 0)
(-0.223583 0.434484 0)
(-0.273833 0.403395 0)
(-0.314837 0.347977 0)
(-0.347014 0.274861 0)
(-0.371313 0.18875 0)
(-0.388553 0.0930079 0)
(-0.398971 -0.00964652 0)
(-0.401935 -0.116383 0)
(-0.39578 -0.223403 0)
(-0.377851 -0.324968 0)
(-0.344938 -0.412381 0)
(-0.294318 -0.473203 0)
(-0.225471 -0.491301 0)
(-0.14284 -0.448635 0)
(-0.061975 -0.329939 0)
(-0.0124274 -0.131472 0)
(-0.0108634 0.140453 0)
(-0.0509165 0.335921 0)
(-0.113465 0.448144 0)
(-0.176079 0.492322 0)
(-0.228749 0.486372 0)
(-0.269672 0.44542 0)
(-0.299959 0.380642 0)
(-0.321883 0.299604 0)
(-0.337917 0.207069 0)
(-0.350056 0.105889 0)
(-0.359384 -0.00211745 0)
(-0.365757 -0.115291 0)
(-0.367538 -0.231136 0)
(-0.361428 -0.345083 0)
(-0.342622 -0.448945 0)
(-0.305639 -0.529238 0)
(-0.246133 -0.566024 0)
(-0.164683 -0.533641 0)
(-0.0761625 -0.405719 0)
(-0.0165952 -0.167787 0)
(-0.0146569 0.17066 0)
(-0.0619752 0.394672 0)
(-0.127482 0.511099 0)
(-0.184496 0.546555 0)
(-0.224333 0.527599 0)
(-0.248479 0.474248 0)
(-0.261079 0.399865 0)
(-0.266755 0.312565 0)
(-0.269701 0.216736 0)
(-0.273156 0.114348 0)
(-0.279131 0.00598891 0)
(-0.288171 -0.108222 0)
(-0.299026 -0.227632 0)
(-0.308233 -0.349695 0)
(-0.3098 -0.467973 0)
(-0.295426 -0.569404 0)
(-0.255833 -0.631252 0)
(-0.185072 -0.619365 0)
(-0.0936971 -0.491605 0)
(-0.0227554 -0.213606 0)
(-0.0212773 0.209517 0)
(-0.0784576 0.459933 0)
(-0.143186 0.570457 0)
(-0.18582 0.587596 0)
(-0.20234 0.549631 0)
(-0.199849 0.481687 0)
(-0.186511 0.398546 0)
(-0.169475 0.307979 0)
(-0.154448 0.213324 0)
(-0.145617 0.115252 0)
(-0.145732 0.0129048 0)
(-0.156073 -0.0953005 0)
(-0.176163 -0.21086 0)
(-0.203133 -0.333958 0)
(-0.230836 -0.461321 0)
(-0.249015 -0.58255 0)
(-0.243238 -0.674693 0)
(-0.198341 -0.696199 0)
(-0.114497 -0.58491 0)
(-0.0319371 -0.272089 0)
(-0.0324602 0.262598 0)
(-0.101665 0.530556 0)
(-0.155616 0.617412 0)
(-0.16817 0.60344 0)
(-0.146416 0.54074 0)
(-0.105654 0.457948 0)
(-0.0582921 0.369215 0)
(-0.0132961 0.280407 0)
(0.0230617 0.192911 0)
(0.0464949 0.105751 0)
(0.0541143 0.016635 0)
(0.0441357 -0.0775164 0)
(0.0160077 -0.18017 0)
(-0.0289174 -0.294446 0)
(-0.0860235 -0.421354 0)
(-0.145338 -0.555855 0)
(-0.189088 -0.67927 0)
(-0.191886 -0.747517 0)
(-0.13541 -0.677943 0)
(-0.0447863 -0.347496 0)
(-0.0486853 0.339812 0)
(-0.126966 0.599273 0)
(-0.146016 0.633095 0)
(-0.102541 0.574558 0)
(-0.0243251 0.485725 0)
(0.0648167 0.392964 0)
(0.150435 0.305984 0)
(0.224103 0.226716 0)
(0.280941 0.153802 0)
(0.31801 0.0845764 0)
(0.333255 0.0157311 0)
(0.324939 -0.0566143 0)
(0.291526 -0.137039 0)
(0.232115 -0.230856 0)
(0.147812 -0.343392 0)
(0.0446605 -0.477053 0)
(-0.0613825 -0.623319 0)
(-0.138813 -0.746277 0)
(-0.143668 -0.75297 0)
(-0.0584613 -0.445962 0)
(-0.0601212 0.452564 0)
(-0.126186 0.639449 0)
(-0.059346 0.579852 0)
(0.0751588 0.472662 0)
(0.222685 0.369099 0)
(0.359587 0.280956 0)
(0.476417 0.208844 0)
(0.56961 0.149524 0)
(0.638299 0.0990495 0)
(0.682456 0.0537637 0)
(0.701827 0.0102738 0)
(0.695402 -0.0349422 0)
(0.661112 -0.0860838 0)
(0.595786 -0.148749 0)
(0.495775 -0.230576 0)
(0.359282 -0.340767 0)
(0.191448 -0.485446 0)
(0.0153881 -0.652778 0)
(-0.101287 -0.769001 0)
(-0.0552405 -0.565601 0)
(0.00666967 0.546621 0)
(0.020335 0.572108 0)
(0.246076 0.413531 0)
(0.488677 0.287604 0)
(0.686629 0.20027 0)
(0.841372 0.139547 0)
(0.959875 0.096821 0)
(1.04753 0.0656912 0)
(1.10876 0.0416107 0)
(1.14673 0.0214637 0)
(1.16304 0.00294985 0)
(1.1577 -0.0159777 0)
(1.12889 -0.0377522 0)
(1.07246 -0.065948 0)
(0.981309 -0.106602 0)
(0.845045 -0.170133 0)
(0.649296 -0.27302 0)
(0.382004 -0.434482 0)
(0.105423 -0.637564 0)
(0.0480654 -0.618442 0)
(0.590596 0.288689 0)
(0.773945 0.253569 0)
(1.08785 0.154344 0)
(1.32164 0.091214 0)
(1.46408 0.0549813 0)
(1.55521 0.0336881 0)
(1.61656 0.0208704 0)
(1.65783 0.0128134 0)
(1.68447 0.00734178 0)
(1.69967 0.00320657 0)
(1.70504 -0.00035316 0)
(1.70096 -0.00389022 0)
(1.68661 -0.00805073 0)
(1.65959 -0.0138317 0)
(1.6148 -0.0231977 0)
(1.54214 -0.0403133 0)
(1.41855 -0.0739284 0)
(1.19239 -0.140722 0)
(0.851347 -0.254697 0)
(0.627325 -0.301892 0)
)
;

boundaryField
{
    movingWall
    {
        type            fixedValue;
        value           uniform (2 0 0);
    }
    fixedWalls
    {
        type            noSlip;
    }
    frontAndBack
    {
        type            empty;
    }
}


// ************************************************************************* //
