/*--------------------------------*- C++ -*----------------------------------*\
  =========                 |
  \\      /  F ield         | OpenFOAM: The Open Source CFD Toolbox
   \\    /   O peration     | Website:  https://openfoam.org
    \\  /    A nd           | Version:  8
     \\/     M anipulation  |
\*---------------------------------------------------------------------------*/
FoamFile
{
    version     2.0;
    format      ascii;
    class       volScalarField;
    location    "0.5";
    object      p;
}
// * * * * * * * * * * * * * * * * * * * * * * * * * * * * * * * * * * * * * //

dimensions      [0 2 -2 0 0 0 0];

internalField   nonuniform List<scalar> 
400
(
2.52756e-06
-0.0128317
-0.0283117
-0.040016
-0.0443351
-0.0397039
-0.0259855
-0.00402011
0.0246552
0.0579528
0.0933309
0.127912
0.158675
0.182746
0.197792
0.202495
0.197071
0.18376
0.16719
0.154443
0.0127353
-0.000506597
-0.0126056
-0.0205866
-0.0228278
-0.0182535
-0.00669049
0.0112874
0.0345462
0.0614856
0.0901121
0.118146
0.143193
0.16299
0.175729
0.180422
0.17728
0.167914
0.154872
0.14185
0.0291215
0.0108241
-0.00218659
-0.00943541
-0.011221
-0.00703692
0.00313808
0.0187864
0.0389852
0.0624333
0.0874732
0.112161
0.134406
0.152183
0.163812
0.168275
0.165566
0.156717
0.14249
0.124358
0.0434264
0.0183056
0.0022654
-0.00592405
-0.00818335
-0.004518
0.00488486
0.019462
0.0383841
0.060519
0.0843917
0.108206
0.129945
0.147561
0.159227
0.163654
0.160493
0.150278
0.132383
0.107003
0.0517041
0.019566
-3.82807e-05
-0.00965664
-0.0126053
-0.00932113
-0.000181415
0.0141895
0.033019
0.0552897
0.0796371
0.104318
0.127269
0.146266
0.159171
0.164264
0.160748
0.14868
0.126261
0.0928858
0.0509707
0.0119603
-0.0112695
-0.0223656
-0.0258852
-0.0226311
-0.0131386
0.00191732
0.0218138
0.045627
0.0720665
0.0993854
0.12539
0.147564
0.163301
0.170285
0.16713
0.153355
0.126043
0.0840452
0.038667
-0.00704624
-0.0337458
-0.0460872
-0.0498092
-0.0460501
-0.0354787
-0.0187985
0.00333453
0.0301024
0.0602914
0.0921369
0.123269
0.150785
0.171463
0.182185
0.180764
0.166003
0.133708
0.082243
0.0122865
-0.0400131
-0.0698659
-0.082963
-0.0862743
-0.0812942
-0.0688169
-0.0495468
-0.0240306
0.00707012
0.0426709
0.0810293
0.119607
0.155061
0.18341
0.200494
0.20301
0.188705
0.151673
0.0896258
-0.030875
-0.0897346
-0.122259
-0.135324
-0.137316
-0.130171
-0.114828
-0.0919623
-0.0619449
-0.0251886
0.01746
0.0643886
0.112969
0.159431
0.198918
0.225954
0.235696
0.224274
0.183284
0.109333
-0.0939194
-0.159427
-0.193868
-0.205646
-0.204952
-0.19434
-0.174948
-0.147392
-0.111777
-0.0681291
-0.0168864
0.040658
0.101964
0.162944
0.217837
0.259587
0.281275
0.276596
0.233354
0.146164
-0.180635
-0.252993
-0.288044
-0.296438
-0.290898
-0.274907
-0.249885
-0.216357
-0.174038
-0.122383
-0.0611817
0.00886671
0.0856148
0.164925
0.240259
0.302815
0.343028
0.351038
0.308876
0.207486
-0.296092
-0.375501
-0.408687
-0.410054
-0.396151
-0.371848
-0.338954
-0.297827
-0.247623
-0.18698
-0.114742
-0.0306515
0.0639866
0.165459
0.266844
0.357694
0.42533
0.454979
0.420012
0.304652
-0.447967
-0.534049
-0.560439
-0.548368
-0.520355
-0.483237
-0.439233
-0.388359
-0.328935
-0.258477
-0.174531
-0.0754011
0.0389832
0.16606
0.299309
0.427224
0.53396
0.598459
0.581558
0.455444
-0.649544
-0.739322
-0.748808
-0.712106
-0.660845
-0.604242
-0.544639
-0.481268
-0.411152
-0.330259
-0.234418
-0.120046
0.0149902
0.170217
0.340778
0.515485
0.676195
0.79479
0.815141
0.688707
-0.926314
-1.00809
-0.979703
-0.899345
-0.811065
-0.725831
-0.645025
-0.566101
-0.483998
-0.392542
-0.285386
-0.15659
-0.00130146
0.183165
0.395356
0.626875
0.859892
1.06038
1.15202
1.05282
-1.32858
-1.36631
-1.25775
-1.10303
-0.958573
-0.833613
-0.725875
-0.62907
-0.534734
-0.433744
-0.317096
-0.176098
-0.00262977
0.210201
0.466431
0.764192
1.09121
1.41264
1.6345
1.62753
-1.95557
-1.85093
-1.58336
-1.30958
-1.08496
-0.908918
-0.77044
-0.655949
-0.551534
-0.444178
-0.321782
-0.172675
0.0148754
0.252904
0.553262
0.925607
1.37131
1.86533
2.31492
2.54269
-3.0423
-2.50719
-1.93305
-1.48565
-1.15924
-0.926811
-0.760822
-0.635054
-0.527667
-0.42104
-0.300045
-0.150294
0.0433673
0.298622
0.637476
1.0872
1.67378
2.40502
3.26085
4.07469
-5.23505
-3.35167
-2.15264
-1.49392
-1.08561
-0.825612
-0.660302
-0.547285
-0.456579
-0.367363
-0.263287
-0.129088
0.0517031
0.30046
0.648515
1.14436
1.85505
2.88359
4.51471
6.90024
-9.14842
-4.17339
-1.93622
-1.13053
-0.750532
-0.547554
-0.442666
-0.384427
-0.340978
-0.293175
-0.227268
-0.131052
0.0094687
0.213039
0.510933
0.962345
1.68256
2.95792
5.75017
11.2855
)
;

boundaryField
{
    movingWall
    {
        type            zeroGradient;
    }
    fixedWalls
    {
        type            zeroGradient;
    }
    frontAndBack
    {
        type            empty;
    }
}


// ************************************************************************* //
