/*--------------------------------*- C++ -*----------------------------------*\
  =========                 |
  \\      /  F ield         | OpenFOAM: The Open Source CFD Toolbox
   \\    /   O peration     | Website:  https://openfoam.org
    \\  /    A nd           | Version:  8
     \\/     M anipulation  |
\*---------------------------------------------------------------------------*/
FoamFile
{
    version     2.0;
    format      ascii;
    class       volScalarField;
    location    "0.1";
    object      p;
}
// * * * * * * * * * * * * * * * * * * * * * * * * * * * * * * * * * * * * * //

dimensions      [0 2 -2 0 0 0 0];

internalField   nonuniform List<scalar> 
400
(
-1.62858e-07
-0.0223785
-0.048913
-0.0687857
-0.0761804
-0.0686232
-0.0458163
-0.00888274
0.039982
0.0975791
0.159702
0.221239
0.276508
0.319889
0.346739
0.354471
0.343631
0.318763
0.288801
0.266664
0.0222186
-0.000978087
-0.0217096
-0.0351805
-0.0389924
-0.031473
-0.012264
0.0179178
0.0574975
0.104054
0.154303
0.204202
0.249232
0.28494
0.307683
0.315479
0.308821
0.291032
0.267354
0.24483
0.0502742
0.0182447
-0.00396696
-0.0160671
-0.0190763
-0.0123178
0.00432481
0.0302659
0.0643365
0.104677
0.148624
0.192739
0.233027
0.265412
0.286404
0.29389
0.287922
0.27081
0.24479
0.213236
0.0737767
0.0299729
0.00273158
-0.0108585
-0.0147745
-0.00924097
0.00555648
0.0290607
0.0603948
0.0981163
0.139973
0.182812
0.222724
0.255454
0.277064
0.284773
0.277907
0.257931
0.224863
0.180186
0.0853684
0.0296484
-0.00346427
-0.0194616
-0.0248816
-0.0206882
-0.00728653
0.0148349
0.0450985
0.0824541
0.12499
0.169712
0.212573
0.248822
0.273671
0.28325
0.275861
0.252091
0.210116
0.150456
0.079295
0.0121973
-0.026823
-0.0454755
-0.0525519
-0.0495974
-0.0371223
-0.0154581
0.015182
0.0541864
0.100001
0.149755
0.19914
0.242665
0.274306
0.28863
0.282462
0.255264
0.203378
0.126894
0.0506099
-0.0271689
-0.0717818
-0.0929694
-0.101589
-0.0996593
-0.0876879
-0.0657344
-0.0335274
0.00888409
0.0604244
0.118427
0.178318
0.2337
0.276931
0.300415
0.298823
0.269901
0.207666
0.111919
-0.00529685
-0.093036
-0.142696
-0.166008
-0.175847
-0.174672
-0.162909
-0.140215
-0.105665
-0.058531
0.000836018
0.0702167
0.144935
0.217653
0.278769
0.317809
0.326298
0.299191
0.226988
0.108881
-0.0929377
-0.189986
-0.243945
-0.268643
-0.279105
-0.278305
-0.266554
-0.242988
-0.205815
-0.15323
-0.0844765
-0.000895691
0.0931225
0.189499
0.276464
0.339894
0.36684
0.347737
0.267388
0.12339
-0.216853
-0.32273
-0.379901
-0.404641
-0.414564
-0.413391
-0.401364
-0.376996
-0.337397
-0.279313
-0.20037
-0.100405
0.0171532
0.144025
0.266391
0.365825
0.423313
0.422246
0.338152
0.164895
-0.381854
-0.49637
-0.554908
-0.577089
-0.584103
-0.580892
-0.567768
-0.542548
-0.500993
-0.437987
-0.348944
-0.231396
-0.0868428
0.0772364
0.245651
0.395478
0.500069
0.532461
0.453429
0.248898
-0.593764
-0.71703
-0.773375
-0.78789
-0.787318
-0.778599
-0.762319
-0.735504
-0.692287
-0.625252
-0.526978
-0.391815
-0.218134
-0.0111272
0.214116
0.430937
0.604096
0.692513
0.634506
0.400374
-0.861369
-0.993199
-1.04002
-1.03712
-1.02034
-0.99967
-0.976052
-0.945484
-0.900077
-0.829635
-0.723315
-0.571462
-0.368068
-0.114195
0.177543
0.479001
0.746958
0.922924
0.913149
0.659506
-1.20114
-1.33832
-1.36018
-1.32204
-1.27442
-1.23117
-1.19316
-1.15469
-1.10516
-1.03099
-0.917391
-0.750063
-0.517563
-0.214938
0.150771
0.554056
0.94714
1.25318
1.33662
1.09187
-1.648
-1.77527
-1.73935
-1.63502
-1.53388
-1.45267
-1.39039
-1.338
-1.28104
-1.2016
-1.08052
-0.898426
-0.637776
-0.286078
0.158519
0.679071
1.23082
1.7231
1.97355
1.80505
-2.27721
-2.34265
-2.18115
-1.96024
-1.77389
-1.63556
-1.53783
-1.46518
-1.39751
-1.31084
-1.18144
-0.984621
-0.696434
-0.295861
0.230839
0.882356
1.62908
2.38004
2.91548
2.96686
-3.24904
-3.10106
-2.68436
-2.2731
-1.96192
-1.74634
-1.60423
-1.50817
-1.42837
-1.33467
-1.1974
-0.986639
-0.671908
-0.222842
0.389171
1.18624
2.16917
3.27056
4.27572
4.83349
-4.95997
-4.12996
-3.21387
-2.52179
-2.04881
-1.74448
-1.55974
-1.44665
-1.36203
-1.26789
-1.12918
-0.91122
-0.577478
-0.0873454
0.606409
1.55917
2.82193
4.39616
6.20978
7.93497
-8.53042
-5.45524
-3.50482
-2.47274
-1.8705
-1.52206
-1.33861
-1.24629
-1.18789
-1.11975
-1.00452
-0.805713
-0.484256
0.00796881
0.735985
1.79603
3.32301
5.50586
8.82083
13.4918
-15.2484
-6.72983
-3.00507
-1.76046
-1.22086
-0.969493
-0.888176
-0.889836
-0.912977
-0.916098
-0.86588
-0.730204
-0.472938
-0.0492648
0.607233
1.61392
3.20471
5.9212
11.4045
21.6948
)
;

boundaryField
{
    movingWall
    {
        type            zeroGradient;
    }
    fixedWalls
    {
        type            zeroGradient;
    }
    frontAndBack
    {
        type            empty;
    }
}


// ************************************************************************* //
