/*--------------------------------*- C++ -*----------------------------------*\
  =========                 |
  \\      /  F ield         | OpenFOAM: The Open Source CFD Toolbox
   \\    /   O peration     | Website:  https://openfoam.org
    \\  /    A nd           | Version:  8
     \\/     M anipulation  |
\*---------------------------------------------------------------------------*/
FoamFile
{
    version     2.0;
    format      ascii;
    class       surfaceScalarField;
    location    "0.1";
    object      phi;
}
// * * * * * * * * * * * * * * * * * * * * * * * * * * * * * * * * * * * * * //

dimensions      [0 3 -1 0 0 0 0];

internalField   nonuniform List<scalar> 
760
(
4.92681e-08
-4.92687e-08
-9.79925e-08
1.47262e-07
-4.50564e-07
3.52573e-07
-9.42717e-07
4.92155e-07
-1.50304e-06
5.60322e-07
-2.06769e-06
5.64653e-07
-2.58232e-06
5.14631e-07
-3.00121e-06
4.18883e-07
-3.28634e-06
2.85134e-07
-3.40809e-06
1.21754e-07
-3.34779e-06
-6.02987e-08
-3.10171e-06
-2.4608e-07
-2.68533e-06
-4.16383e-07
-2.13643e-06
-5.489e-07
-1.51539e-06
-6.21042e-07
-9.01175e-07
-6.14215e-07
-3.82015e-07
-5.1916e-07
-4.0517e-08
-3.41498e-07
7.13123e-08
-1.1183e-07
7.13129e-08
-1.44175e-07
9.49065e-08
-7.19015e-07
7.22101e-07
-1.6902e-06
1.32375e-06
-2.93711e-06
1.73907e-06
-4.31694e-06
1.94015e-06
-5.69043e-06
1.93814e-06
-6.93199e-06
1.75619e-06
-7.9332e-06
1.42009e-06
-8.60473e-06
9.56661e-07
-8.87976e-06
3.96784e-07
-8.71983e-06
-2.20226e-07
-8.12236e-06
-8.43552e-07
-7.12798e-06
-1.41076e-06
-5.82491e-06
-1.85197e-06
-4.34738e-06
-2.09858e-06
-2.86513e-06
-2.09646e-06
-1.56205e-06
-1.82224e-06
-6.03561e-07
-1.29998e-06
-9.26612e-08
-6.22729e-07
-2.13465e-08
-3.73935e-07
4.68841e-07
-1.40906e-06
1.75723e-06
-2.96903e-06
2.88372e-06
-4.87402e-06
3.64406e-06
-6.92973e-06
3.99585e-06
-8.94779e-06
3.95621e-06
-1.07566e-05
3.56504e-06
-1.22069e-05
2.87035e-06
-1.31755e-05
1.92531e-06
-1.35714e-05
7.92593e-07
-1.33427e-05
-4.48905e-07
-1.24868e-05
-1.69941e-06
-1.10589e-05
-2.83865e-06
-9.17738e-06
-3.73351e-06
-7.0218e-06
-4.25416e-06
-4.8201e-06
-4.29816e-06
-2.82206e-06
-3.82028e-06
-1.25995e-06
-2.86209e-06
-3.00614e-07
-1.58206e-06
-3.21958e-07
-5.83567e-07
1.05241e-06
-2.0629e-06
3.23656e-06
-4.18483e-06
5.00565e-06
-6.69771e-06
6.15694e-06
-9.3578e-06
6.65595e-06
-1.19387e-05
6.53712e-06
-1.42373e-05
5.86358e-06
-1.60771e-05
4.71019e-06
-1.73125e-05
3.16069e-06
-1.78341e-05
1.31419e-06
-1.75775e-05
-7.05443e-07
-1.65342e-05
-2.7428e-06
-1.47618e-05
-4.61103e-06
-1.23929e-05
-6.10243e-06
-9.63547e-06
-7.01155e-06
-6.76241e-06
-7.17123e-06
-4.0849e-06
-6.49779e-06
-1.91102e-06
-5.03597e-06
-4.95794e-07
-2.99729e-06
-8.17752e-07
-7.72098e-07
1.8245e-06
-2.66849e-06
5.13295e-06
-5.32245e-06
7.65961e-06
-8.40642e-06
9.2409e-06
-1.16276e-05
9.87709e-06
-1.47271e-05
9.63666e-06
-1.74789e-05
8.61543e-06
-1.96887e-05
6.91995e-06
-2.11946e-05
4.66661e-06
-2.18719e-05
1.99143e-06
-2.16407e-05
-9.36592e-07
-2.04783e-05
-3.90518e-06
-1.84327e-05
-6.65669e-06
-1.56357e-05
-8.89942e-06
-1.23111e-05
-1.03361e-05
-8.77064e-06
-1.07117e-05
-5.3916e-06
-9.87684e-06
-2.57438e-06
-7.85318e-06
-6.85131e-07
-4.88654e-06
-1.50288e-06
-9.44634e-07
2.76914e-06
-3.23094e-06
7.41926e-06
-6.38595e-06
1.08146e-05
-1.00073e-05
1.28622e-05
-1.3755e-05
1.36248e-05
-1.73429e-05
1.32245e-05
-2.05287e-05
1.18012e-05
-2.3107e-05
9.49828e-06
-2.49051e-05
6.46474e-06
-2.5784e-05
2.87036e-06
-2.5645e-05
-1.07563e-06
-2.44419e-05
-5.10825e-06
-2.21992e-05
-8.89947e-06
-1.90321e-05
-1.20665e-05
-1.51661e-05
-1.42021e-05
-1.0945e-05
-1.49328e-05
-6.81799e-06
-1.40039e-05
-3.29742e-06
-1.13738e-05
-8.87856e-07
-7.29611e-06
-2.39074e-06
-1.10535e-06
3.87449e-06
-3.75632e-06
1.00702e-05
-7.37915e-06
1.44374e-05
-1.14995e-05
1.69826e-05
-1.57343e-05
1.78596e-05
-1.97756e-05
1.72658e-05
-2.33729e-05
1.53986e-05
-2.63175e-05
1.24428e-05
-2.84315e-05
8.57878e-06
-2.95643e-05
4.00315e-06
-2.95955e-05
-1.04443e-06
-2.84472e-05
-6.25655e-06
-2.61053e-05
-1.12414e-05
-2.26492e-05
-1.55225e-05
-1.8286e-05
-1.85653e-05
-1.33777e-05
-1.98411e-05
-8.44608e-06
-1.89355e-05
-4.13557e-06
-1.56843e-05
-1.12568e-06
-1.0306e-05
-3.51642e-06
-1.25696e-06
5.13145e-06
-4.24821e-06
1.30615e-05
-8.30018e-06
1.84894e-05
-1.28687e-05
2.15512e-05
-1.75326e-05
2.25235e-05
-2.19708e-05
2.1704e-05
-2.59345e-05
1.93622e-05
-2.92218e-05
1.57302e-05
-3.16593e-05
1.10163e-05
-3.30904e-05
5.43425e-06
-3.33742e-05
-7.60658e-07
-3.23948e-05
-7.23588e-06
-3.00853e-05
-1.3551e-05
-2.64657e-05
-1.91421e-05
-2.16956e-05
-2.33353e-05
-1.61287e-05
-2.5408e-05
-1.03473e-05
-2.47169e-05
-5.14398e-06
-2.08875e-05
-1.42108e-06
-1.40289e-05
-4.9375e-06
-1.40193e-06
6.53338e-06
-4.70951e-06
1.63691e-05
-9.1431e-06
2.2923e-05
-1.40879e-05
2.6496e-05
-1.90912e-05
2.75268e-05
-2.383e-05
2.64428e-05
-2.80713e-05
2.36034e-05
-3.1635e-05
1.92939e-05
-3.43656e-05
1.37469e-05
-3.61125e-05
7.18119e-06
-3.67213e-05
-1.51868e-07
-3.60379e-05
-7.91925e-06
-3.39308e-05
-1.56581e-05
-3.03353e-05
-2.27376e-05
-2.53246e-05
-2.83461e-05
-1.91986e-05
-3.1534e-05
-1.25665e-05
-3.1349e-05
-6.37236e-06
-2.70817e-05
-1.7974e-06
-1.86039e-05
-6.73491e-06
-1.54548e-06
8.07885e-06
-5.14863e-06
1.99722e-05
-9.90514e-06
2.76795e-05
-1.51245e-05
3.17154e-05
-2.03306e-05
3.27329e-05
-2.52148e-05
3.13269e-05
-2.95788e-05
2.79675e-05
-3.32849e-05
2.29999e-05
-3.62153e-05
1.66773e-05
-3.8244e-05
9.20987e-06
-3.92184e-05
8.22532e-07
-3.8955e-05
-8.18266e-06
-3.72539e-05
-1.73592e-05
-3.39434e-05
-2.60482e-05
-2.89633e-05
-3.33261e-05
-2.24933e-05
-3.8004e-05
-1.51028e-05
-3.87394e-05
-7.85983e-06
-3.43247e-05
-2.28015e-06
-2.41835e-05
-9.01506e-06
-1.70095e-06
9.7798e-06
-5.58996e-06
2.38612e-05
-1.05982e-05
3.26878e-05
-1.59494e-05
3.70666e-05
-2.11573e-05
3.79408e-05
-2.59512e-05
3.61207e-05
-3.01941e-05
3.22104e-05
-3.38163e-05
2.66221e-05
-3.67638e-05
1.96247e-05
-3.89604e-05
1.14065e-05
-4.02804e-05
2.14249e-06
-4.05315e-05
-7.93159e-06
-3.94558e-05
-1.84349e-05
-3.67622e-05
-2.87417e-05
-3.22118e-05
-3.78765e-05
-2.57778e-05
-4.44381e-05
-1.78794e-05
-4.66378e-05
-9.62649e-06
-4.25776e-05
-2.89913e-06
-3.09109e-05
-1.19142e-05
-1.89844e-06
1.16782e-05
-6.08827e-06
2.8051e-05
-1.12614e-05
3.78609e-05
-1.6544e-05
4.23492e-05
-2.14653e-05
4.28621e-05
-2.58291e-05
4.04845e-05
-2.95955e-05
3.59769e-05
-3.27946e-05
2.98212e-05
-3.54651e-05
2.22953e-05
-3.76108e-05
1.35522e-05
-3.9165e-05
3.69664e-06
-3.99604e-05
-7.13611e-06
-3.97103e-05
-1.8685e-05
-3.80147e-05
-3.04374e-05
-3.44254e-05
-4.14658e-05
-2.86162e-05
-5.02472e-05
-2.06989e-05
-5.45552e-05
-1.1657e-05
-5.16195e-05
-3.69138e-06
-3.88765e-05
-1.56056e-05
-2.19884e-06
1.38771e-05
-6.74559e-06
3.25978e-05
-1.19662e-05
4.30815e-05
-1.68897e-05
4.72727e-05
-2.11147e-05
4.70871e-05
-2.45781e-05
4.3948e-05
-2.73842e-05
3.8783e-05
-2.96975e-05
3.21345e-05
-3.16781e-05
2.42758e-05
-3.34373e-05
1.53114e-05
-3.5001e-05
5.26034e-06
-3.62702e-05
-5.86691e-06
-3.69787e-05
-1.79765e-05
-3.66609e-05
-3.07552e-05
-3.46673e-05
-4.34594e-05
-3.03007e-05
-5.46138e-05
-2.31755e-05
-6.16804e-05
-1.3868e-05
-6.09269e-05
-4.70388e-06
-4.80407e-05
-2.03094e-05
-2.71599e-06
1.65931e-05
-7.72295e-06
3.76048e-05
-1.27927e-05
4.81513e-05
-1.691e-05
5.13899e-05
-1.98543e-05
5.00314e-05
-2.17873e-05
4.5881e-05
-2.30154e-05
4.00111e-05
-2.387e-05
3.29891e-05
-2.46496e-05
2.50555e-05
-2.55882e-05
1.625e-05
-2.68277e-05
6.49986e-06
-2.83784e-05
-4.31623e-06
-3.00591e-05
-1.62958e-05
-3.14205e-05
-2.93938e-05
-3.16826e-05
-4.31973e-05
-2.97719e-05
-5.65245e-05
-2.46335e-05
-6.68187e-05
-1.60421e-05
-6.95184e-05
-5.9895e-06
-5.80932e-05
-2.62989e-05
-3.64469e-06
2.02378e-05
-9.21545e-06
4.31755e-05
-1.37154e-05
5.26513e-05
-1.62902e-05
5.39647e-05
-1.71156e-05
5.08568e-05
-1.67076e-05
4.5473e-05
-1.56322e-05
3.89358e-05
-1.44001e-05
3.17569e-05
-1.34408e-05
2.40962e-05
-1.30964e-05
1.59055e-05
-1.3622e-05
7.02551e-06
-1.51587e-05
-2.77957e-06
-1.76717e-05
-1.37828e-05
-2.08405e-05
-2.62249e-05
-2.39048e-05
-4.0133e-05
-2.55362e-05
-5.48931e-05
-2.39513e-05
-6.84037e-05
-1.76836e-05
-7.5786e-05
-7.56883e-06
-6.8208e-05
-3.38678e-05
-5.25821e-06
2.5496e-05
-1.12762e-05
4.91935e-05
-1.4241e-05
5.56162e-05
-1.40254e-05
5.3749e-05
-1.15616e-05
4.8393e-05
-7.85551e-06
4.17669e-05
-3.74752e-06
3.48278e-05
1.11684e-07
2.78977e-05
3.22756e-06
2.09803e-05
5.2015e-06
1.39316e-05
5.71184e-06
6.51517e-06
4.50572e-06
-1.57345e-06
1.44057e-06
-1.07177e-05
-3.40391e-06
-2.13805e-05
-9.50663e-06
-3.40303e-05
-1.55813e-05
-4.88184e-05
-1.93143e-05
-6.46707e-05
-1.77089e-05
-7.73914e-05
-9.27442e-06
-7.66425e-05
-4.31422e-05
-7.73045e-06
3.32264e-05
-1.31277e-05
5.45907e-05
-1.24153e-05
5.49038e-05
-7.41548e-06
4.87492e-05
-2.33016e-07
4.12105e-05
7.64037e-06
3.38935e-05
1.52235e-05
2.72446e-05
2.18801e-05
2.12411e-05
2.71748e-05
1.56856e-05
3.07752e-05
1.03312e-05
3.23815e-05
4.90882e-06
3.16953e-05
-8.87203e-07
2.84235e-05
-7.44591e-06
2.23444e-05
-1.53013e-05
1.35126e-05
-2.51986e-05
2.70667e-06
-3.80125e-05
-7.84622e-06
-5.41178e-05
-1.38636e-05
-7.1374e-05
-1.03351e-05
-8.0171e-05
-5.34773e-05
-1.03173e-05
4.35437e-05
-1.09572e-05
5.52307e-05
-2.41366e-06
4.63602e-05
9.85419e-06
3.64814e-05
2.27414e-05
2.83234e-05
3.47984e-05
2.18364e-05
4.53455e-05
1.66975e-05
5.40631e-05
1.25235e-05
6.07831e-05
8.96562e-06
6.53715e-05
5.74288e-06
6.76601e-05
2.62018e-06
6.74039e-05
-6.31002e-07
6.42481e-05
-4.29005e-06
5.7716e-05
-8.76921e-06
4.72832e-05
-1.47658e-05
3.27173e-05
-2.34465e-05
1.50418e-05
-3.64423e-05
-1.60219e-06
-5.47301e-05
-8.49762e-06
-7.32756e-05
-6.19749e-05
-6.16802e-06
4.97117e-05
9.09897e-06
3.99637e-05
3.04347e-05
2.50246e-05
5.02592e-05
1.66568e-05
6.70322e-05
1.15504e-05
8.07371e-05
8.13146e-06
9.16615e-05
5.77314e-06
0.000100113
4.07236e-06
0.000106325
2.75346e-06
0.000110428
1.63972e-06
0.000112435
6.12784e-07
0.000112232
-4.28041e-07
0.000109526
-1.5841e-06
0.000103781
-3.02362e-06
9.40837e-05
-5.06859e-06
7.90673e-05
-8.43015e-06
5.73193e-05
-1.46943e-05
2.94211e-05
-2.68319e-05
3.59431e-06
-4.74487e-05
-5.83806e-05
4.97117e-05
8.96754e-05
0.0001147
0.000131357
0.000142907
0.000151039
0.000156812
0.000160884
0.000163638
0.000165277
0.00016589
0.000165462
0.000163878
0.000160854
0.000155786
0.000147356
0.000132661
0.000105829
5.83806e-05
)
;

boundaryField
{
    movingWall
    {
        type            calculated;
        value           uniform 0;
    }
    fixedWalls
    {
        type            calculated;
        value           uniform 0;
    }
    frontAndBack
    {
        type            empty;
        value           nonuniform List<scalar> 0();
    }
}


// ************************************************************************* //
