/*--------------------------------*- C++ -*----------------------------------*\
  =========                 |
  \\      /  F ield         | OpenFOAM: The Open Source CFD Toolbox
   \\    /   O peration     | Website:  https://openfoam.org
    \\  /    A nd           | Version:  8
     \\/     M anipulation  |
\*---------------------------------------------------------------------------*/
FoamFile
{
    version     2.0;
    format      ascii;
    class       volVectorField;
    location    "0.1";
    object      U;
}
// * * * * * * * * * * * * * * * * * * * * * * * * * * * * * * * * * * * * * //

dimensions      [0 1 -1 0 0 0 0];

internalField   nonuniform List<vector> 
400
(
(0.000916833 -0.000914841 0)
(0.000344251 0.000494302 0)
(-0.00479707 0.00216659 0)
(-0.0135153 0.00330609 0)
(-0.0243169 0.00387089 0)
(-0.0358196 0.00394905 0)
(-0.0468321 0.00363119 0)
(-0.0563512 0.00298759 0)
(-0.0635373 0.00207129 0)
(-0.0677062 0.000934588 0)
(-0.0683621 -0.000351296 0)
(-0.0652658 -0.00168217 0)
(-0.058522 -0.0029158 0)
(-0.0486591 -0.00387959 0)
(-0.0366687 -0.004392 0)
(-0.0239741 -0.00429639 0)
(-0.0122997 -0.0035042 0)
(-0.00342617 -0.00204367 0)
(0.00118321 -0.000173929 0)
(0.00113722 0.00110292 0)
(-0.000436183 -0.000430853 0)
(-0.00662225 0.00658625 0)
(-0.0224373 0.0138668 0)
(-0.0453202 0.018937 0)
(-0.0722687 0.0214465 0)
(-0.100431 0.0215833 0)
(-0.127141 0.0196579 0)
(-0.15004 0.0159822 0)
(-0.167137 0.010856 0)
(-0.176848 0.00461368 0)
(-0.17809 -0.00231321 0)
(-0.170421 -0.00935025 0)
(-0.154195 -0.015774 0)
(-0.130696 -0.0207586 0)
(-0.102176 -0.0234804 0)
(-0.0717494 -0.0232767 0)
(-0.0430634 -0.019845 0)
(-0.0197458 -0.0134542 0)
(-0.00483568 -0.00528997 0)
(9.42135e-05 0.001323 0)
(-0.00224743 0.00473977 0)
(-0.0148984 0.0226296 0)
(-0.0414823 0.0391822 0)
(-0.0772148 0.0505889 0)
(-0.117788 0.0560559 0)
(-0.159408 0.0558227 0)
(-0.198467 0.0504894 0)
(-0.231725 0.0407653 0)
(-0.256434 0.0274168 0)
(-0.270421 0.0113407 0)
(-0.272218 -0.00632821 0)
(-0.26124 -0.02414 0)
(-0.237978 -0.0403339 0)
(-0.204161 -0.0529549 0)
(-0.162802 -0.0600981 0)
(-0.118073 -0.0602739 0)
(-0.0748752 -0.0528557 0)
(-0.0381469 -0.0385348 0)
(-0.0124617 -0.0198533 0)
(-0.00146596 -0.00257392 0)
(-0.00386 0.0143811 0)
(-0.0226702 0.0479441 0)
(-0.0596643 0.0762824 0)
(-0.10748 0.0951677 0)
(-0.160414 0.103703 0)
(-0.213887 0.102329 0)
(-0.263627 0.0920318 0)
(-0.305809 0.0740155 0)
(-0.337185 0.0496313 0)
(-0.355173 0.0204828 0)
(-0.357993 -0.0114185 0)
(-0.344864 -0.0435426 0)
(-0.316236 -0.0728531 0)
(-0.273989 -0.0959958 0)
(-0.221552 -0.109694 0)
(-0.163825 -0.111348 0)
(-0.106763 -0.0997737 0)
(-0.0566346 -0.0759299 0)
(-0.0198987 -0.043588 0)
(-0.00286011 -0.0105427 0)
(-0.00526394 0.0280025 0)
(-0.0297697 0.0818354 0)
(-0.0766271 0.12421 0)
(-0.135863 0.151335 0)
(-0.200334 0.162732 0)
(-0.264744 0.15934 0)
(-0.32431 0.142694 0)
(-0.374812 0.114582 0)
(-0.412671 0.0770003 0)
(-0.434995 0.0323037 0)
(-0.439693 -0.0165699 0)
(-0.425683 -0.0659393 0)
(-0.393154 -0.111374 0)
(-0.343854 -0.147923 0)
(-0.281332 -0.170648 0)
(-0.211007 -0.175458 0)
(-0.139855 -0.160181 0)
(-0.0756946 -0.125632 0)
(-0.0273132 -0.0764802 0)
(-0.00413345 -0.0223096 0)
(-0.00652438 0.0452248 0)
(-0.0363108 0.123782 0)
(-0.0924456 0.182451 0)
(-0.162443 0.218556 0)
(-0.237752 0.23259 0)
(-0.312418 0.226357 0)
(-0.381276 0.202157 0)
(-0.439857 0.16246 0)
(-0.484384 0.109925 0)
(-0.511724 0.0476302 0)
(-0.519458 -0.0206078 0)
(-0.506073 -0.089986 0)
(-0.471262 -0.154638 0)
(-0.416329 -0.207849 0)
(-0.344616 -0.242668 0)
(-0.261831 -0.25298 0)
(-0.175936 -0.234963 0)
(-0.0965552 -0.188648 0)
(-0.0353471 -0.11917 0)
(-0.00546437 -0.0379267 0)
(-0.00769239 0.0657713 0)
(-0.0424137 0.173275 0)
(-0.107231 0.250406 0)
(-0.187257 0.296188 0)
(-0.272598 0.312645 0)
(-0.356742 0.302859 0)
(-0.434278 0.270138 0)
(-0.500656 0.217735 0)
(-0.55204 0.148955 0)
(-0.585153 0.0675016 0)
(-0.597252 -0.0220786 0)
(-0.586282 -0.113999 0)
(-0.551206 -0.201018 0)
(-0.492527 -0.274544 0)
(-0.412966 -0.325241 0)
(-0.31814 -0.344284 0)
(-0.216827 -0.325276 0)
(-0.120642 -0.266501 0)
(-0.0447682 -0.172925 0)
(-0.00705449 -0.0578704 0)
(-0.00880298 0.089434 0)
(-0.0481636 0.229821 0)
(-0.121032 0.327366 0)
(-0.210171 0.38337 0)
(-0.304424 0.401976 0)
(-0.396854 0.388001 0)
(-0.481999 0.34604 0)
(-0.555437 0.280233 0)
(-0.613481 0.194483 0)
(-0.652868 0.0929479 0)
(-0.670609 -0.0193415 0)
(-0.664065 -0.135886 0)
(-0.631269 -0.248271 0)
(-0.571541 -0.346044 0)
(-0.486432 -0.41716 0)
(-0.380864 -0.449303 0)
(-0.26397 -0.432265 0)
(-0.149327 -0.361157 0)
(-0.0563819 -0.239693 0)
(-0.00912017 -0.0830669 0)
(-0.00988931 0.116051 0)
(-0.0536452 0.292933 0)
(-0.133872 0.412484 0)
(-0.230914 0.478912 0)
(-0.332418 0.499166 0)
(-0.431212 0.480335 0)
(-0.522044 0.428619 0)
(-0.600919 0.349158 0)
(-0.664592 0.246381 0)
(-0.710077 0.124679 0)
(-0.734339 -0.0107812 0)
(-0.734239 -0.153205 0)
(-0.706774 -0.293409 0)
(-0.649721 -0.419315 0)
(-0.562808 -0.516026 0)
(-0.449366 -0.566965 0)
(-0.317979 -0.556592 0)
(-0.183734 -0.474764 0)
(-0.0710105 -0.322044 0)
(-0.0119083 -0.114905 0)
(-0.0110166 0.145525 0)
(-0.0590421 0.362148 0)
(-0.145887 0.504708 0)
(-0.249218 0.581122 0)
(-0.35553 0.602025 0)
(-0.45768 0.577437 0)
(-0.551003 0.515545 0)
(-0.632331 0.422617 0)
(-0.699268 0.30353 0)
(-0.749493 0.162645 0)
(-0.780277 0.00483785 0)
(-0.788244 -0.163371 0)
(-0.769437 -0.332674 0)
(-0.719857 -0.489939 0)
(-0.636727 -0.617634 0)
(-0.520617 -0.694388 0)
(-0.378076 -0.697639 0)
(-0.224509 -0.609114 0)
(-0.0895011 -0.422995 0)
(-0.0157315 -0.155266 0)
(-0.0123426 0.177921 0)
(-0.0648083 0.437123 0)
(-0.157565 0.602749 0)
(-0.26504 0.687613 0)
(-0.372628 0.707267 0)
(-0.473646 0.675502 0)
(-0.564537 0.60294 0)
(-0.643492 0.497122 0)
(-0.70948 0.363292 0)
(-0.761358 0.2055 0)
(-0.797213 0.0278629 0)
(-0.813909 -0.164063 0)
(-0.806882 -0.361738 0)
(-0.770399 -0.551971 0)
(-0.698657 -0.715403 0)
(-0.588151 -0.825904 0)
(-0.441276 -0.852374 0)
(-0.27145 -0.764758 0)
(-0.11273 -0.545677 0)
(-0.0210248 -0.206585 0)
(-0.0142228 0.213711 0)
(-0.0719299 0.517857 0)
(-0.170034 0.705058 0)
(-0.278751 0.795056 0)
(-0.382574 0.810125 0)
(-0.476 0.7689 0)
(-0.557348 0.684918 0)
(-0.62684 0.567115 0)
(-0.685406 0.420999 0)
(-0.733661 0.250043 0)
(-0.771125 0.0571405 0)
(-0.795576 -0.153838 0)
(-0.802518 -0.376197 0)
(-0.784953 -0.598127 0)
(-0.733968 -0.800017 0)
(-0.640845 -0.952044 0)
(-0.501238 -1.01386 0)
(-0.322864 -0.93963 0)
(-0.14156 -0.692744 0)
(-0.0284367 -0.271991 0)
(-0.0173961 0.254242 0)
(-0.0823019 0.605026 0)
(-0.185319 0.809711 0)
(-0.291091 0.89874 0)
(-0.383875 0.903813 0)
(-0.460654 0.849673 0)
(-0.522722 0.753171 0)
(-0.573139 0.624619 0)
(-0.615399 0.469612 0)
(-0.652403 0.290788 0)
(-0.685693 0.0894411 0)
(-0.714723 -0.132873 0)
(-0.736019 -0.372393 0)
(-0.74234 -0.620433 0)
(-0.722336 -0.859543 0)
(-0.661656 -1.05874 0)
(-0.546717 -1.1695 0)
(-0.374447 -1.12699 0)
(-0.176645 -0.865269 0)
(-0.0389549 -0.355509 0)
(-0.0233052 0.302587 0)
(-0.0992013 0.700315 0)
(-0.206263 0.913896 0)
(-0.302292 0.991691 0)
(-0.373243 0.978693 0)
(-0.420872 0.906969 0)
(-0.450976 0.796693 0)
(-0.470302 0.65919 0)
(-0.485345 0.499766 0)
(-0.501564 0.319938 0)
(-0.522858 0.119181 0)
(-0.550966 -0.103626 0)
(-0.58448 -0.348468 0)
(-0.617443 -0.611481 0)
(-0.637785 -0.880377 0)
(-0.626535 -1.12725 0)
(-0.559541 -1.29935 0)
(-0.417338 -1.31257 0)
(-0.217753 -1.06065 0)
(-0.0539975 -0.462244 0)
(-0.0345482 0.364897 0)
(-0.127557 0.806287 0)
(-0.235149 1.01238 0)
(-0.308997 1.06292 0)
(-0.341565 1.02101 0)
(-0.34312 0.926481 0)
(-0.325747 0.801882 0)
(-0.300447 0.658484 0)
(-0.276675 0.500565 0)
(-0.262156 0.328148 0)
(-0.262908 0.138861 0)
(-0.283068 -0.071016 0)
(-0.324059 -0.305381 0)
(-0.382924 -0.566255 0)
(-0.449639 -0.849394 0)
(-0.503757 -1.13551 0)
(-0.512027 -1.37534 0)
(-0.434642 -1.47112 0)
(-0.261656 -1.2688 0)
(-0.0750792 -0.598098 0)
(-0.0550201 0.452618 0)
(-0.172486 0.92452 0)
(-0.26812 1.09359 0)
(-0.295656 1.09413 0)
(-0.26452 1.01123 0)
(-0.198408 0.890344 0)
(-0.116783 0.753594 0)
(-0.0343737 0.610039 0)
(0.0375083 0.461647 0)
(0.0901113 0.306572 0)
(0.116408 0.140738 0)
(0.11057 -0.0415407 0)
(0.0683463 -0.247283 0)
(-0.011581 -0.484084 0)
(-0.124494 -0.757269 0)
(-0.253922 -1.06162 0)
(-0.363652 -1.36251 0)
(-0.395217 -1.56323 0)
(-0.296405 -1.4666 0)
(-0.101667 -0.769411 0)
(-0.0875763 0.587004 0)
(-0.230737 1.04818 0)
(-0.277306 1.12886 0)
(-0.213401 1.05259 0)
(-0.0834975 0.92142 0)
(0.0728135 0.777796 0)
(0.23109 0.637651 0)
(0.37599 0.5046 0)
(0.497333 0.37684 0)
(0.587806 0.250367 0)
(0.641332 0.119916 0)
(0.652026 -0.0209773 0)
(0.613888 -0.180595 0)
(0.521265 -0.369865 0)
(0.371126 -0.602251 0)
(0.169328 -0.889149 0)
(-0.056871 -1.2225 0)
(-0.243629 -1.53252 0)
(-0.289073 -1.60882 0)
(-0.12378 -0.982737 0)
(-0.118983 0.79784 0)
(-0.257419 1.13707 0)
(-0.161596 1.05075 0)
(0.0647419 0.882792 0)
(0.326275 0.716753 0)
(0.580315 0.571203 0)
(0.808627 0.448028 0)
(1.0025 0.3429 0)
(1.15765 0.249924 0)
(1.27148 0.163461 0)
(1.34121 0.0781683 0)
(1.36291 -0.0115823 0)
(1.33071 -0.112806 0)
(1.23626 -0.235779 0)
(1.06892 -0.396543 0)
(0.819222 -0.618548 0)
(0.489377 -0.925705 0)
(0.116793 -1.30677 0)
(-0.161142 -1.60446 0)
(-0.0990966 -1.21721 0)
(-0.0186716 1.00807 0)
(-0.0223315 1.05049 0)
(0.373445 0.769231 0)
(0.813503 0.553664 0)
(1.18587 0.403318 0)
(1.48987 0.295413 0)
(1.735 0.216583 0)
(1.92789 0.156963 0)
(2.07389 0.109139 0)
(2.17677 0.0678687 0)
(2.23807 0.0292846 0)
(2.2569 -0.00997012 0)
(2.22939 -0.0537708 0)
(2.14761 -0.107984 0)
(1.99762 -0.183445 0)
(1.7573 -0.301673 0)
(1.39358 -0.50283 0)
(0.86947 -0.840134 0)
(0.293402 -1.28262 0)
(0.138024 -1.27132 0)
(1.12229 0.550679 0)
(1.44619 0.487003 0)
(2.02551 0.305276 0)
(2.4739 0.188635 0)
(2.75954 0.119766 0)
(2.95084 0.0774043 0)
(3.08636 0.0506454 0)
(3.18304 0.03309 0)
(3.25025 0.0207288 0)
(3.29359 0.0111385 0)
(3.3159 0.00283459 0)
(3.3179 -0.00521178 0)
(3.29834 -0.0140458 0)
(3.25345 -0.0251418 0)
(3.17485 -0.041497 0)
(3.04488 -0.0702297 0)
(2.82227 -0.128827 0)
(2.40225 -0.255 0)
(1.72916 -0.48735 0)
(1.25984 -0.596764 0)
)
;

boundaryField
{
    movingWall
    {
        type            fixedValue;
        value           uniform (3.9 0 0);
    }
    fixedWalls
    {
        type            noSlip;
    }
    frontAndBack
    {
        type            empty;
    }
}


// ************************************************************************* //
