/*--------------------------------*- C++ -*----------------------------------*\
  =========                 |
  \\      /  F ield         | OpenFOAM: The Open Source CFD Toolbox
   \\    /   O peration     | Website:  https://openfoam.org
    \\  /    A nd           | Version:  8
     \\/     M anipulation  |
\*---------------------------------------------------------------------------*/
FoamFile
{
    version     2.0;
    format      ascii;
    class       volScalarField;
    location    "0.1";
    object      p;
}
// * * * * * * * * * * * * * * * * * * * * * * * * * * * * * * * * * * * * * //

dimensions      [0 2 -2 0 0 0 0];

internalField   nonuniform List<scalar> 
400
(
3.29123e-07
-0.0285575
-0.0623915
-0.0878444
-0.0978914
-0.0897666
-0.0630992
-0.0190788
0.0398639
0.110033
0.186369
0.262496
0.331138
0.384966
0.417888
0.426551
0.411804
0.379745
0.341987
0.314836
0.0264893
-0.00301728
-0.0294313
-0.046786
-0.0523334
-0.04417
-0.0218267
0.0139793
0.0615358
0.118073
0.179663
0.241279
0.297129
0.34139
0.369248
0.378106
0.368695
0.345516
0.315616
0.288083
0.0595403
0.0194512
-0.00834762
-0.0237102
-0.0281381
-0.020906
-0.00180863
0.028633
0.0692465
0.117995
0.171752
0.226256
0.276363
0.316676
0.342515
0.351063
0.342467
0.319978
0.287027
0.2483
0.0866571
0.0323791
-0.0012203
-0.0181485
-0.0236423
-0.0180813
-0.001581
0.025454
0.0623102
0.107561
0.158657
0.211723
0.261685
0.302836
0.329805
0.338812
0.32903
0.302689
0.26064
0.205493
0.0985702
0.0299193
-0.0105695
-0.0303091
-0.0377925
-0.0343006
-0.020148
0.00445895
0.0393158
0.0836224
0.135366
0.190922
0.245026
0.291234
0.322918
0.334719
0.324364
0.292974
0.23929
0.165054
0.0876782
0.00547195
-0.0419637
-0.0649804
-0.0749086
-0.0737166
-0.061752
-0.0388801
-0.00467168
0.0408096
0.0961688
0.158052
0.220887
0.277183
0.318505
0.337182
0.328781
0.292887
0.22609
0.130003
0.0475368
-0.0471175
-0.101115
-0.127474
-0.140067
-0.141387
-0.131657
-0.110227
-0.0758418
-0.0276079
0.0339355
0.10591
0.182512
0.255029
0.312673
0.344545
0.342965
0.305021
0.224396
0.102817
-0.0276701
-0.133561
-0.193465
-0.222943
-0.238262
-0.242373
-0.235256
-0.215565
-0.180965
-0.129264
-0.0597196
0.025716
0.121367
0.217357
0.300096
0.35437
0.367669
0.332853
0.238888
0.0872461
-0.143316
-0.259259
-0.324195
-0.356239
-0.374109
-0.381283
-0.37746
-0.360437
-0.32651
-0.271741
-0.193491
-0.0920532
0.0277561
0.155358
0.274182
0.363569
0.404086
0.381588
0.276981
0.0901443
-0.304352
-0.429355
-0.498072
-0.531448
-0.55106
-0.561198
-0.561357
-0.548371
-0.516874
-0.460669
-0.374455
-0.255843
-0.107637
0.0599188
0.227684
0.368718
0.454229
0.459045
0.35047
0.123686
-0.515481
-0.648944
-0.719324
-0.75128
-0.770336
-0.782194
-0.786367
-0.778684
-0.751841
-0.696857
-0.604935
-0.469805
-0.290688
-0.0757578
0.154628
0.36729
0.521838
0.576911
0.477751
0.208529
-0.781936
-0.923775
-0.9917
-1.0164
-1.02967
-1.03964
-1.04615
-1.04401
-1.02368
-0.972905
-0.878597
-0.729394
-0.519158
-0.251625
0.054199
0.360554
0.61446
0.752771
0.68699
0.378742
-1.11173
-1.26184
-1.31878
-1.32469
-1.32194
-1.32249
-1.32672
-1.32819
-1.31473
-1.27029
-1.17683
-1.01692
-0.777401
-0.454951
-0.0635151
0.358498
0.747246
1.01344
1.02088
0.689967
-1.52117
-1.67654
-1.70444
-1.67018
-1.6337
-1.61192
-1.60533
-1.60544
-1.59666
-1.5585
-1.46744
-1.29934
-1.03295
-0.65556
-0.171826
0.385533
0.947875
1.3996
1.54381
1.2335
-2.04761
-2.19217
-2.15264
-2.0411
-1.94343
-1.88049
-1.8507
-1.84157
-1.8326
-1.7978
-1.70772
-1.53123
-1.23862
-0.806423
-0.226173
0.483048
1.25933
1.96904
2.34992
2.1575
-2.77593
-2.85213
-2.66543
-2.41651
-2.21974
-2.09236
-2.02522
-1.99801
-1.9828
-1.94654
-1.85327
-1.66494
-1.34331
-0.853827
-0.172173
0.704355
1.73673
2.79365
3.56432
3.68647
-3.89437
-3.72852
-3.24085
-2.76701
-2.42443
-2.20838
-2.09206
-2.04087
-2.01537
-1.9739
-1.87327
-1.66857
-1.31323
-0.76104
0.0308721
1.09503
2.43321
3.9488
5.34317
6.15278
-5.87929
-4.92086
-3.84194
-3.03569
-2.50319
-2.18375
-2.01844
-1.94831
-1.91766
-1.87484
-1.76985
-1.55176
-1.16604
-0.553987
0.350477
1.62128
3.32465
5.4556
7.90695
10.2378
-10.0927
-6.46237
-4.1515
-2.94379
-2.25974
-1.88789
-1.7236
-1.67736
-1.67628
-1.66152
-1.58006
-1.37855
-0.999215
-0.373316
0.5882
2.01183
4.07412
7.01365
11.397
17.4564
-18.2394
-7.93291
-3.47717
-2.03509
-1.43466
-1.17873
-1.13552
-1.20122
-1.29717
-1.3668
-1.36185
-1.23382
-0.92876
-0.37962
0.505848
1.88285
4.05898
7.7253
14.8563
27.8547
)
;

boundaryField
{
    movingWall
    {
        type            zeroGradient;
    }
    fixedWalls
    {
        type            zeroGradient;
    }
    frontAndBack
    {
        type            empty;
    }
}


// ************************************************************************* //
