/*--------------------------------*- C++ -*----------------------------------*\
  =========                 |
  \\      /  F ield         | OpenFOAM: The Open Source CFD Toolbox
   \\    /   O peration     | Website:  https://openfoam.org
    \\  /    A nd           | Version:  8
     \\/     M anipulation  |
\*---------------------------------------------------------------------------*/
FoamFile
{
    version     2.0;
    format      ascii;
    class       surfaceScalarField;
    location    "0.1";
    object      phi;
}
// * * * * * * * * * * * * * * * * * * * * * * * * * * * * * * * * * * * * * //

dimensions      [0 3 -1 0 0 0 0];

internalField   nonuniform List<scalar> 
760
(
5.92955e-08
-5.92917e-08
-1.23469e-07
1.82762e-07
-5.58022e-07
4.34554e-07
-1.16129e-06
6.0327e-07
-1.84684e-06
6.85546e-07
-2.53867e-06
6.91839e-07
-3.17218e-06
6.33515e-07
-3.69202e-06
5.19839e-07
-4.05057e-06
3.58551e-07
-4.20896e-06
1.58384e-07
-4.14096e-06
-6.79926e-08
-3.83913e-06
-3.0183e-07
-3.32119e-06
-5.17935e-07
-2.63472e-06
-6.86475e-07
-1.85749e-06
-7.77229e-07
-1.09157e-06
-7.65923e-07
-4.49794e-07
-6.4178e-07
-3.49824e-08
-4.14813e-07
9.3033e-08
-1.28019e-07
9.30313e-08
-1.82251e-07
1.22953e-07
-8.95096e-07
8.95612e-07
-2.0917e-06
1.63116e-06
-3.62298e-06
2.13454e-06
-5.31556e-06
2.37812e-06
-7.00243e-06
2.37871e-06
-8.53285e-06
2.16393e-06
-9.77472e-06
1.76171e-06
-1.06163e-05
1.20008e-06
-1.09706e-05
5.12709e-07
-1.07845e-05
-2.54082e-07
-1.00497e-05
-1.0366e-06
-8.8141e-06
-1.75356e-06
-7.18829e-06
-2.31229e-06
-5.34383e-06
-2.62169e-06
-3.49847e-06
-2.61129e-06
-1.88633e-06
-2.25392e-06
-7.13681e-07
-1.58746e-06
-1.01873e-07
-7.39821e-07
-8.83912e-09
-4.66901e-07
5.89855e-07
-1.74957e-06
2.17828e-06
-3.67239e-06
3.55399e-06
-6.01359e-06
4.47575e-06
-8.53792e-06
4.90245e-06
-1.10193e-05
4.86013e-06
-1.32513e-05
4.39592e-06
-1.50515e-05
3.56188e-06
-1.62658e-05
2.41442e-06
-1.67761e-05
1.02296e-06
-1.65111e-05
-5.19098e-07
-1.54607e-05
-2.08697e-06
-1.36895e-05
-3.52479e-06
-1.13449e-05
-4.6569e-06
-8.65537e-06
-5.31121e-06
-5.91277e-06
-5.35388e-06
-3.43575e-06
-4.73094e-06
-1.51586e-06
-3.50735e-06
-3.53539e-07
-1.90213e-06
-3.62375e-07
-7.28094e-07
1.31795e-06
-2.55932e-06
4.00951e-06
-5.17302e-06
6.16768e-06
-8.26002e-06
7.56275e-06
-1.15264e-05
8.16887e-06
-1.47013e-05
8.03502e-06
-1.75405e-05
7.23508e-06
-1.98286e-05
5.85e-06
-2.13831e-05
3.96887e-06
-2.20618e-05
1.70169e-06
-2.17757e-05
-8.05171e-07
-2.05046e-05
-3.35808e-06
-1.83135e-05
-5.71592e-06
-1.53652e-05
-7.60518e-06
-1.19231e-05
-8.75329e-06
-8.33678e-06
-8.9402e-06
-5.00546e-06
-8.06226e-06
-2.31973e-06
-6.19308e-06
-5.92064e-07
-3.62979e-06
-9.5444e-07
-9.62019e-07
2.27997e-06
-3.30499e-06
6.35248e-06
-6.56785e-06
9.43054e-06
-1.03505e-05
1.13454e-05
-1.43021e-05
1.21204e-05
-1.81147e-05
1.18476e-05
-2.15179e-05
1.06383e-05
-2.42748e-05
8.60689e-06
-2.61824e-05
5.87643e-06
-2.70774e-05
2.59673e-06
-2.68486e-05
-1.03402e-06
-2.54536e-05
-4.75304e-06
-2.29403e-05
-8.22923e-06
-1.94665e-05
-1.1079e-05
-1.53131e-05
-1.29067e-05
-1.08799e-05
-1.33734e-05
-6.65463e-06
-1.22876e-05
-3.15113e-06
-9.69658e-06
-8.26348e-07
-5.95457e-06
-1.78079e-06
-1.1732e-06
3.45318e-06
-3.98767e-06
9.16695e-06
-7.85331e-06
1.32962e-05
-1.22826e-05
1.57747e-05
-1.68715e-05
1.67094e-05
-2.12824e-05
1.62586e-05
-2.52277e-05
1.45836e-05
-2.84579e-05
1.18371e-05
-3.07558e-05
8.1743e-06
-3.19381e-05
3.77903e-06
-3.18654e-05
-1.10672e-06
-3.04603e-05
-6.15809e-06
-2.77337e-05
-1.09558e-05
-2.38157e-05
-1.4997e-05
-1.89844e-05
-1.7738e-05
-1.36803e-05
-1.86775e-05
-8.4884e-06
-1.74795e-05
-4.07515e-06
-1.41098e-05
-1.08216e-06
-8.94756e-06
-2.86295e-06
-1.36475e-06
4.81792e-06
-4.60929e-06
1.24115e-05
-9.02515e-06
1.7712e-05
-1.40435e-05
2.0793e-05
-1.92138e-05
2.18797e-05
-2.41768e-05
2.12216e-05
-2.86378e-05
1.90445e-05
-3.23442e-05
1.55435e-05
-3.5072e-05
1.09021e-05
-3.66207e-05
5.32774e-06
-3.68189e-05
-9.08441e-07
-3.55422e-05
-7.43485e-06
-3.27435e-05
-1.37545e-05
-2.84975e-05
-1.9243e-05
-2.30508e-05
-2.31847e-05
-1.68641e-05
-2.48642e-05
-1.06203e-05
-2.37233e-05
-5.16836e-06
-1.95618e-05
-1.38911e-06
-1.27268e-05
-4.25205e-06
-1.53797e-06
6.35589e-06
-5.16886e-06
1.60424e-05
-1.00726e-05
2.26157e-05
-1.56048e-05
2.63252e-05
-2.12762e-05
2.75511e-05
-2.67168e-05
2.66622e-05
-3.16369e-05
2.39646e-05
-3.5794e-05
1.97006e-05
-3.89685e-05
1.40766e-05
-4.09504e-05
7.3096e-06
-4.15378e-05
-3.20978e-07
-4.05514e-05
-8.42124e-06
-3.78672e-05
-1.64387e-05
-3.34721e-05
-2.36381e-05
-2.75394e-05
-2.91173e-05
-2.05108e-05
-3.18928e-05
-1.31485e-05
-3.10856e-05
-6.50735e-06
-2.62029e-05
-1.77827e-06
-1.74559e-05
-6.03032e-06
-1.69398e-06
8.04987e-06
-5.66526e-06
2.00137e-05
-1.09813e-05
2.79318e-05
-1.6925e-05
3.22689e-05
-2.29771e-05
3.36033e-05
-2.87706e-05
3.24556e-05
-3.40372e-05
2.92313e-05
-3.8562e-05
2.42254e-05
-4.21472e-05
1.76618e-05
-4.45883e-05
9.75075e-06
-4.56638e-05
7.54438e-07
-4.51406e-05
-8.94436e-06
-4.28046e-05
-1.87747e-05
-3.85219e-05
-2.79209e-05
-3.23389e-05
-3.53004e-05
-2.46121e-05
-3.96196e-05
-1.61319e-05
-3.95658e-05
-8.16083e-06
-3.41739e-05
-2.28225e-06
-2.33345e-05
-8.31257e-06
-1.83771e-06
9.88758e-06
-6.10572e-06
2.42817e-05
-1.17446e-05
3.35706e-05
-1.79614e-05
3.84857e-05
-2.42177e-05
3.98595e-05
-3.01668e-05
3.84048e-05
-3.55841e-05
3.46485e-05
-4.0305e-05
2.89464e-05
-4.4178e-05
2.15347e-05
-4.70286e-05
1.26014e-05
-4.86375e-05
2.36336e-06
-4.87338e-05
-8.84811e-06
-4.70129e-05
-2.04955e-05
-4.31947e-05
-3.17391e-05
-3.71376e-05
-4.13575e-05
-2.90195e-05
-4.77377e-05
-1.95591e-05
-4.90262e-05
-1.01808e-05
-4.35523e-05
-2.93661e-06
-3.05786e-05
-1.12492e-05
-1.98464e-06
1.18722e-05
-6.51983e-06
2.88168e-05
-1.23799e-05
3.94307e-05
-1.86866e-05
4.47925e-05
-2.48965e-05
4.60694e-05
-3.07093e-05
4.42175e-05
-3.59716e-05
3.99109e-05
-4.05992e-05
3.35739e-05
-4.45167e-05
2.54522e-05
-4.76127e-05
1.56975e-05
-4.97052e-05
4.4558e-06
-5.05178e-05
-8.03552e-06
-4.96775e-05
-2.13358e-05
-4.67516e-05
-3.4665e-05
-4.13572e-05
-4.67519e-05
-3.33787e-05
-5.57161e-05
-2.33033e-05
-5.91017e-05
-1.25872e-05
-5.42684e-05
-3.78207e-06
-3.93837e-05
-1.50313e-05
-2.17174e-06
1.4044e-05
-6.97903e-06
3.36241e-05
-1.29485e-05
4.54001e-05
-1.91031e-05
5.09472e-05
-2.49213e-05
5.18876e-05
-3.01875e-05
4.94836e-05
-3.48575e-05
4.4581e-05
-3.89615e-05
3.76778e-05
-4.25345e-05
2.90253e-05
-4.55657e-05
1.87287e-05
-4.79542e-05
6.84427e-06
-4.94687e-05
-6.52106e-06
-4.97162e-05
-2.10883e-05
-4.81402e-05
-3.6241e-05
-4.40927e-05
-5.07994e-05
-3.70516e-05
-6.27572e-05
-2.70558e-05
-6.90975e-05
-1.53402e-05
-6.59839e-05
-4.86666e-06
-4.98573e-05
-1.98979e-05
-2.47513e-06
1.65191e-05
-7.62027e-06
3.87693e-05
-1.35687e-05
5.13486e-05
-1.92413e-05
5.66198e-05
-2.41951e-05
5.68413e-05
-2.83611e-05
5.36496e-05
-3.18542e-05
4.8074e-05
-3.48561e-05
4.06797e-05
-3.75444e-05
3.17136e-05
-4.00428e-05
2.12271e-05
-4.23762e-05
9.17772e-06
-4.44187e-05
-4.47852e-06
-4.58327e-05
-1.96744e-05
-4.60122e-05
-3.60615e-05
-4.40797e-05
-5.2732e-05
-3.90376e-05
-6.77993e-05
-3.02361e-05
-7.78989e-05
-1.82884e-05
-7.79316e-05
-6.24539e-06
-6.19003e-05
-2.61433e-05
-3.03825e-06
1.95573e-05
-8.6661e-06
4.43971e-05
-1.43974e-05
5.70798e-05
-1.91015e-05
6.13239e-05
-2.25342e-05
6.02741e-05
-2.48723e-05
5.59877e-05
-2.64521e-05
4.96539e-05
-2.76427e-05
4.18703e-05
-2.8784e-05
3.28549e-05
-3.0153e-05
2.25961e-05
-3.19304e-05
1.09551e-05
-3.41497e-05
-2.2592e-06
-3.66172e-05
-1.72069e-05
-3.87985e-05
-3.38802e-05
-3.97075e-05
-5.1823e-05
-3.79073e-05
-6.95995e-05
-3.18728e-05
-8.39334e-05
-2.10734e-05
-8.8731e-05
-7.96633e-06
-7.50074e-05
-3.41096e-05
-4.10991e-06
2.36672e-05
-1.04069e-05
5.06941e-05
-1.55084e-05
6.21814e-05
-1.84503e-05
6.42658e-05
-1.9425e-05
6.12488e-05
-1.89997e-05
5.55623e-05
-1.77997e-05
4.8454e-05
-1.63993e-05
4.04699e-05
-1.52946e-05
3.17502e-05
-1.49021e-05
2.22035e-05
-1.55542e-05
1.16072e-05
-1.74676e-05
-3.45801e-07
-2.06664e-05
-1.4008e-05
-2.48333e-05
-2.97134e-05
-2.90873e-05
-4.7569e-05
-3.17582e-05
-6.69286e-05
-3.04412e-05
-8.52504e-05
-2.29448e-05
-9.62274e-05
-1.00058e-05
-8.79464e-05
-4.41154e-05
-6.05377e-06
2.9721e-05
-1.3012e-05
5.76522e-05
-1.64724e-05
6.56419e-05
-1.62692e-05
6.40626e-05
-1.34448e-05
5.84244e-05
-9.12042e-06
5.12379e-05
-4.2396e-06
4.35731e-05
4.52181e-07
3.57781e-05
4.36357e-06
2.78388e-05
7.00111e-06
1.9566e-05
7.93642e-06
1.06719e-05
6.79993e-06
7.90693e-07
3.33027e-06
-1.05384e-05
-2.49385e-06
-2.38892e-05
-1.01664e-05
-3.98964e-05
-1.81932e-05
-5.89018e-05
-2.36354e-05
-7.98082e-05
-2.23983e-05
-9.74645e-05
-1.20505e-05
-9.82942e-05
-5.61659e-05
-9.16239e-06
3.88834e-05
-1.57236e-05
6.42134e-05
-1.51305e-05
6.50488e-05
-9.45109e-06
5.83832e-05
-1.09013e-06
5.00635e-05
8.25009e-06
4.18977e-05
1.74358e-05
3.43874e-05
2.57078e-05
2.75062e-05
3.25228e-05
2.10238e-05
3.744e-05
1.46487e-05
4.00455e-05
8.06651e-06
3.99108e-05
9.2535e-07
3.65963e-05
-7.22382e-06
2.9712e-05
-1.7005e-05
1.91588e-05
-2.93432e-05
5.69492e-06
-4.5438e-05
-8.04538e-06
-6.60679e-05
-1.65663e-05
-8.89436e-05
-1.29828e-05
-0.000101878
-6.91487e-05
-1.27084e-05
5.15918e-05
-1.41126e-05
6.56176e-05
-4.45382e-06
5.53899e-05
9.84155e-06
4.40878e-05
2.513e-05
3.47751e-05
3.97055e-05
2.73222e-05
5.27367e-05
2.13562e-05
6.37964e-05
1.64464e-05
7.26277e-05
1.21925e-05
7.90099e-05
8.2666e-06
8.2681e-05
4.39538e-06
8.32842e-05
3.22093e-07
8.03364e-05
-4.27597e-06
7.3184e-05
-9.85268e-06
6.1071e-05
-1.72301e-05
4.35064e-05
-2.78734e-05
2.14807e-05
-4.40421e-05
-1.10905e-08
-6.74519e-05
-9.8837e-06
-9.2005e-05
-7.90324e-05
-8.60346e-06
6.01953e-05
8.99346e-06
4.80207e-05
3.42246e-05
3.01588e-05
5.79292e-05
2.03832e-05
7.82854e-05
1.44189e-05
9.52376e-05
1.03699e-05
0.000109057
7.53677e-06
0.000120039
5.46437e-06
0.000128401
3.83059e-06
0.000134242
2.42514e-06
0.000137531
1.10702e-06
0.000138089
-2.35721e-07
0.000135541
-1.72797e-06
0.000129227
-3.53939e-06
0.000118032
-6.0352e-06
0.000100214
-1.00551e-05
7.38006e-05
-1.76286e-05
3.91062e-05
-3.27575e-05
6.02214e-06
-5.89209e-05
-7.30103e-05
6.01953e-05
0.000108216
0.000138375
0.000158758
0.000173177
0.000183547
0.000191084
0.000196548
0.000200379
0.000202804
0.000203911
0.000203675
0.000201947
0.000198408
0.000192372
0.000182317
0.000164689
0.000131931
7.30103e-05
)
;

boundaryField
{
    movingWall
    {
        type            calculated;
        value           uniform 0;
    }
    fixedWalls
    {
        type            calculated;
        value           uniform 0;
    }
    frontAndBack
    {
        type            empty;
        value           nonuniform List<scalar> 0();
    }
}


// ************************************************************************* //
