/*--------------------------------*- C++ -*----------------------------------*\
  =========                 |
  \\      /  F ield         | OpenFOAM: The Open Source CFD Toolbox
   \\    /   O peration     | Website:  https://openfoam.org
    \\  /    A nd           | Version:  8
     \\/     M anipulation  |
\*---------------------------------------------------------------------------*/
FoamFile
{
    version     2.0;
    format      ascii;
    class       volVectorField;
    location    "0.5";
    object      U;
}
// * * * * * * * * * * * * * * * * * * * * * * * * * * * * * * * * * * * * * //

dimensions      [0 1 -1 0 0 0 0];

internalField   nonuniform List<vector> 
400
(
(0.000729953 -0.000726601 0)
(0.000311322 0.000373987 0)
(-0.00370076 0.00169848 0)
(-0.0105571 0.00260831 0)
(-0.0190813 0.00305896 0)
(-0.028158 0.00311348 0)
(-0.0368176 0.00284432 0)
(-0.0442494 0.00231383 0)
(-0.0497923 0.0015734 0)
(-0.0529315 0.000673195 0)
(-0.0533172 -0.000325772 0)
(-0.0508063 -0.00134258 0)
(-0.0455149 -0.00227316 0)
(-0.0378665 -0.00299475 0)
(-0.0286158 -0.00337855 0)
(-0.0188281 -0.00331064 0)
(-0.00979358 -0.00272074 0)
(-0.00286302 -0.00161751 0)
(0.000814537 -0.00017897 0)
(0.000859465 0.000836028 0)
(-0.000309167 -0.000385472 0)
(-0.00508974 0.00510141 0)
(-0.0174447 0.0108676 0)
(-0.0354184 0.0149125 0)
(-0.0566409 0.0169121 0)
(-0.0788157 0.0169902 0)
(-0.0997854 0.015397 0)
(-0.117658 0.0124075 0)
(-0.13087 0.00829838 0)
(-0.138223 0.00336968 0)
(-0.138942 -0.00201926 0)
(-0.132766 -0.0074227 0)
(-0.120035 -0.0123051 0)
(-0.101774 -0.0160703 0)
(-0.0797097 -0.0181272 0)
(-0.0561902 -0.0179926 0)
(-0.0339602 -0.0154261 0)
(-0.0157724 -0.0105857 0)
(-0.00400088 -0.00430508 0)
(8.53671e-06 0.00091765 0)
(-0.00170843 0.00358943 0)
(-0.011517 0.0175911 0)
(-0.0322872 0.0307018 0)
(-0.0603341 0.0397977 0)
(-0.0922499 0.0441495 0)
(-0.124976 0.0438967 0)
(-0.155598 0.0395273 0)
(-0.181524 0.0316659 0)
(-0.200599 0.0210055 0)
(-0.211178 0.00833123 0)
(-0.212211 -0.00542225 0)
(-0.203351 -0.0191288 0)
(-0.185074 -0.0314765 0)
(-0.158767 -0.0410438 0)
(-0.126752 -0.0464573 0)
(-0.0921838 -0.0466311 0)
(-0.0587496 -0.0410741 0)
(-0.0301792 -0.0302212 0)
(-0.0100156 -0.0158646 0)
(-0.00123524 -0.00228035 0)
(-0.00295261 0.0110304 0)
(-0.0175523 0.0373096 0)
(-0.0464646 0.0597617 0)
(-0.0839898 0.0748218 0)
(-0.125603 0.0816086 0)
(-0.167604 0.0803941 0)
(-0.206534 0.0719886 0)
(-0.239333 0.0574538 0)
(-0.263463 0.0380039 0)
(-0.276974 0.0150341 0)
(-0.278602 -0.00980246 0)
(-0.267886 -0.0345365 0)
(-0.245307 -0.056898 0)
(-0.212404 -0.074441 0)
(-0.171839 -0.0848029 0)
(-0.12732 -0.0860993 0)
(-0.0833059 -0.077425 0)
(-0.0444934 -0.0593731 0)
(-0.0158281 -0.0345687 0)
(-0.00234291 -0.00869046 0)
(-0.00403484 0.0215552 0)
(-0.0230754 0.0637256 0)
(-0.0597287 0.0973127 0)
(-0.10624 0.118944 0)
(-0.15692 0.127983 0)
(-0.207464 0.125071 0)
(-0.253987 0.111478 0)
(-0.293108 0.08879 0)
(-0.322035 0.0588029 0)
(-0.338602 0.0235719 0)
(-0.341344 -0.0144804 0)
(-0.32962 -0.0524785 0)
(-0.303771 -0.0871009 0)
(-0.265293 -0.114738 0)
(-0.216975 -0.131838 0)
(-0.162925 -0.135461 0)
(-0.108332 -0.123993 0)
(-0.0589875 -0.0978823 0)
(-0.0215288 -0.0603008 0)
(-0.00334411 -0.0180655 0)
(-0.00501241 0.0348788 0)
(-0.028204 0.096465 0)
(-0.0721985 0.142994 0)
(-0.127237 0.171778 0)
(-0.186467 0.182848 0)
(-0.245018 0.17751 0)
(-0.298668 0.157678 0)
(-0.343826 0.12556 0)
(-0.377555 0.0835698 0)
(-0.397534 0.0344203 0)
(-0.402096 -0.0187151 0)
(-0.39034 -0.0720622 0)
(-0.362312 -0.121212 0)
(-0.319255 -0.161272 0)
(-0.263867 -0.187269 0)
(-0.20049 -0.194852 0)
(-0.135015 -0.181249 0)
(-0.0744823 -0.146307 0)
(-0.0275583 -0.0933941 0)
(-0.00436615 -0.030387 0)
(-0.00593544 0.050816 0)
(-0.0330723 0.135197 0)
(-0.0840425 0.196411 0)
(-0.147125 0.232879 0)
(-0.214334 0.245733 0)
(-0.280292 0.23728 0)
(-0.340547 0.210295 0)
(-0.391426 0.167709 0)
(-0.429961 0.112567 0)
(-0.453755 0.0481885 0)
(-0.460952 -0.0215922 0)
(-0.450321 -0.0921881 0)
(-0.421457 -0.158136 0)
(-0.375107 -0.213181 0)
(-0.313599 -0.250678 0)
(-0.241266 -0.264411 0)
(-0.164579 -0.249836 0)
(-0.091938 -0.205539 0)
(-0.0344416 -0.134599 0)
(-0.00555031 -0.0459327 0)
(-0.00684314 0.0692603 0)
(-0.0377947 0.179647 0)
(-0.0953925 0.257129 0)
(-0.165932 0.301665 0)
(-0.240326 0.315962 0)
(-0.31279 0.303714 0)
(-0.378788 0.268802 0)
(-0.434741 0.214989 0)
(-0.477811 0.145942 0)
(-0.50565 0.065479 0)
(-0.516275 -0.0220669 0)
(-0.508095 -0.111476 0)
(-0.480108 -0.196365 0)
(-0.4323 -0.269117 0)
(-0.366261 -0.321194 0)
(-0.285909 -0.343995 0)
(-0.198002 -0.330392 0)
(-0.112277 -0.276758 0)
(-0.0427225 -0.185119 0)
(-0.00704449 -0.0652889 0)
(-0.00777443 0.0901693 0)
(-0.042487 0.229592 0)
(-0.106359 0.324643 0)
(-0.183572 0.377326 0)
(-0.263954 0.392497 0)
(-0.341464 0.375694 0)
(-0.411704 0.332192 0)
(-0.471432 0.266705 0)
(-0.518177 0.183483 0)
(-0.549844 0.086692 0)
(-0.564462 -0.0190814 0)
(-0.560123 -0.128276 0)
(-0.535134 -0.233858 0)
(-0.488451 -0.327001 0)
(-0.420459 -0.397155 0)
(-0.334068 -0.432812 0)
(-0.235738 -0.423251 0)
(-0.136263 -0.361274 0)
(-0.0529502 -0.246573 0)
(-0.00901351 -0.0893537 0)
(-0.00879347 0.113579 0)
(-0.0473377 0.284867 0)
(-0.117123 0.398323 0)
(-0.199917 0.458679 0)
(-0.284472 0.473702 0)
(-0.364719 0.451357 0)
(-0.436724 0.398652 0)
(-0.497922 0.321371 0)
(-0.546542 0.224299 0)
(-0.581034 0.111748 0)
(-0.599685 -0.0117643 0)
(-0.600427 -0.140748 0)
(-0.580882 -0.267967 0)
(-0.538757 -0.383754 0)
(-0.472723 -0.475663 0)
(-0.383865 -0.528875 0)
(-0.277376 -0.527934 0)
(-0.164372 -0.460193 0)
(-0.0656946 -0.320891 0)
(-0.011664 -0.119353 0)
(-0.0100354 0.139679 0)
(-0.0527319 0.345428 0)
(-0.128088 0.477354 0)
(-0.214911 0.543979 0)
(-0.300918 0.557069 0)
(-0.380391 0.527759 0)
(-0.45033 0.465191 0)
(-0.509312 0.376344 0)
(-0.55669 0.266455 0)
(-0.591852 0.139741 0)
(-0.613693 0.000268165 0)
(-0.620277 -0.14707 0)
(-0.60871 -0.295478 0)
(-0.575378 -0.435118 0)
(-0.516778 -0.552131 0)
(-0.431203 -0.62832 0)
(-0.321149 -0.642404 0)
(-0.196601 -0.573859 0)
(-0.0815711 -0.41011 0)
(-0.0152871 -0.15689 0)
(-0.0117866 0.16899 0)
(-0.05944 0.411488 0)
(-0.140059 0.560666 0)
(-0.228641 0.63066 0)
(-0.312051 0.638842 0)
(-0.385587 0.600479 0)
(-0.44787 0.527265 0)
(-0.499218 0.427453 0)
(-0.540607 0.306604 0)
(-0.572804 0.168566 0)
(-0.595743 0.0165366 0)
(-0.608042 -0.145782 0)
(-0.60667 -0.312842 0)
(-0.58688 -0.475635 0)
(-0.542763 -0.619902 0)
(-0.468876 -0.724632 0)
(-0.363179 -0.762052 0)
(-0.232094 -0.700986 0)
(-0.101256 -0.516042 0)
(-0.0203297 -0.204052 0)
(-0.0146273 0.202719 0)
(-0.0688861 0.483711 0)
(-0.15437 0.646735 0)
(-0.241162 0.71488 0)
(-0.315918 0.713512 0)
(-0.376125 0.663161 0)
(-0.423018 0.578405 0)
(-0.459361 0.46871 0)
(-0.488255 0.339727 0)
(-0.512248 0.194622 0)
(-0.532718 0.0353239 0)
(-0.549333 -0.136232 0)
(-0.559506 -0.316617 0)
(-0.557918 -0.498924 0)
(-0.536495 -0.670113 0)
(-0.48549 -0.807898 0)
(-0.396365 -0.878399 0)
(-0.268461 -0.83731 0)
(-0.12543 -0.639629 0)
(-0.0275045 -0.263605 0)
(-0.0196735 0.243383 0)
(-0.0834663 0.563357 0)
(-0.172682 0.733028 0)
(-0.251631 0.790685 0)
(-0.308539 0.773055 0)
(-0.345095 0.707004 0)
(-0.366473 0.609982 0)
(-0.3786 0.492265 0)
(-0.387034 0.359156 0)
(-0.396288 0.212777 0)
(-0.409399 0.0534618 0)
(-0.427494 -0.119037 0)
(-0.449124 -0.304146 0)
(-0.469369 -0.498388 0)
(-0.478978 -0.692071 0)
(-0.464236 -0.8644 0)
(-0.408713 -0.977662 0)
(-0.300431 -0.973565 0)
(-0.154452 -0.779663 0)
(-0.0379101 -0.339236 0)
(-0.0288996 0.295791 0)
(-0.106638 0.65196 0)
(-0.195689 0.814571 0)
(-0.255681 0.848481 0)
(-0.280664 0.805893 0)
(-0.279679 0.720371 0)
(-0.26329 0.611349 0)
(-0.240974 0.48889 0)
(-0.220618 0.357184 0)
(-0.208386 0.216879 0)
(-0.20876 0.0665415 0)
(-0.224409 -0.0963511 0)
(-0.255619 -0.274385 0)
(-0.299134 -0.468487 0)
(-0.346397 -0.67454 0)
(-0.381616 -0.877135 0)
(-0.380854 -1.03966 0)
(-0.317179 -1.09276 0)
(-0.187047 -0.930278 0)
(-0.0529149 -0.435595 0)
(-0.0451416 0.368603 0)
(-0.141486 0.749515 0)
(-0.218426 0.880608 0)
(-0.238642 0.872435 0)
(-0.210776 0.795769 0)
(-0.1551 0.688962 0)
(-0.0882233 0.570905 0)
(-0.0225118 0.449497 0)
(0.0329239 0.326677 0)
(0.0713718 0.201183 0)
(0.0877885 0.0698914 0)
(0.0784374 -0.0716027 0)
(0.0411196 -0.228607 0)
(-0.0237616 -0.406491 0)
(-0.110921 -0.60819 0)
(-0.20635 -0.827891 0)
(-0.282392 -1.03786 0)
(-0.297031 -1.16701 0)
(-0.216238 -1.07675 0)
(-0.072825 -0.558329 0)
(-0.069958 0.477587 0)
(-0.183517 0.848291 0)
(-0.21629 0.906233 0)
(-0.15993 0.835374 0)
(-0.0518798 0.720415 0)
(0.0750297 0.597015 0)
(0.200595 0.478544 0)
(0.312476 0.367989 0)
(0.402923 0.263851 0)
(0.466738 0.162786 0)
(0.49987 0.0604561 0)
(0.498615 -0.0484459 0)
(0.459369 -0.170569 0)
(0.379145 -0.314269 0)
(0.257498 -0.48899 0)
(0.10125 -0.701127 0)
(-0.0668527 -0.940998 0)
(-0.198054 -1.15396 0)
(-0.219564 -1.18815 0)
(-0.0916647 -0.714588 0)
(-0.0911173 0.643187 0)
(-0.194565 0.913268 0)
(-0.108899 0.837305 0)
(0.0779996 0.694468 0)
(0.288986 0.55444 0)
(0.489904 0.433086 0)
(0.666453 0.331758 0)
(0.812345 0.246588 0)
(0.925054 0.172551 0)
(1.00339 0.104892 0)
(1.04599 0.0391396 0)
(1.05056 -0.0294436 0)
(1.01323 -0.106723 0)
(0.928332 -0.200986 0)
(0.788876 -0.324427 0)
(0.589689 -0.49336 0)
(0.335433 -0.72173 0)
(0.0581402 -0.995745 0)
(-0.137817 -1.19822 0)
(-0.0796769 -0.89486 0)
(-0.00342757 0.795745 0)
(0.00403265 0.831421 0)
(0.324344 0.605746 0)
(0.675085 0.429603 0)
(0.967286 0.306825 0)
(1.20141 0.219816 0)
(1.38599 0.157222 0)
(1.52733 0.110619 0)
(1.63066 0.0738449 0)
(1.69973 0.0426117 0)
(1.73636 0.0137559 0)
(1.74027 -0.0155212 0)
(1.70871 -0.0485202 0)
(1.63557 -0.090216 0)
(1.51007 -0.149454 0)
(1.31568 -0.242667 0)
(1.02849 -0.398084 0)
(0.624852 -0.650503 0)
(0.193742 -0.974211 0)
(0.089732 -0.95476 0)
(0.873621 0.427901 0)
(1.1345 0.377526 0)
(1.59219 0.233659 0)
(1.9405 0.141584 0)
(2.15807 0.0878347 0)
(2.30085 0.0554021 0)
(2.39971 0.0353317 0)
(2.46836 0.0224057 0)
(2.51451 0.0134541 0)
(2.54274 0.00660913 0)
(2.5554 0.000733133 0)
(2.55315 -0.00498521 0)
(2.53498 -0.0114152 0)
(2.49775 -0.0198597 0)
(2.43444 -0.0329479 0)
(2.3307 -0.0566129 0)
(2.15311 -0.10435 0)
(1.82182 -0.203406 0)
(1.30572 -0.378949 0)
(0.955773 -0.456532 0)
)
;

boundaryField
{
    movingWall
    {
        type            fixedValue;
        value           uniform (3 0 0);
    }
    fixedWalls
    {
        type            noSlip;
    }
    frontAndBack
    {
        type            empty;
    }
}


// ************************************************************************* //
