/*--------------------------------*- C++ -*----------------------------------*\
  =========                 |
  \\      /  F ield         | OpenFOAM: The Open Source CFD Toolbox
   \\    /   O peration     | Website:  https://openfoam.org
    \\  /    A nd           | Version:  8
     \\/     M anipulation  |
\*---------------------------------------------------------------------------*/
FoamFile
{
    version     2.0;
    format      ascii;
    class       volScalarField;
    location    "0.1";
    object      p;
}
// * * * * * * * * * * * * * * * * * * * * * * * * * * * * * * * * * * * * * //

dimensions      [0 2 -2 0 0 0 0];

internalField   nonuniform List<scalar> 
400
(
7.38929e-08
-0.0211574
-0.0463979
-0.0653808
-0.0725897
-0.0657803
-0.0447218
-0.0105296
0.0346699
0.0878383
0.145055
0.201623
0.252373
0.292219
0.31696
0.32424
0.314517
0.291864
0.264384
0.243912
0.0199977
-0.0018361
-0.0215448
-0.0344768
-0.0383223
-0.0315313
-0.0138005
0.0141432
0.0507601
0.0937423
0.140027
0.185898
0.227247
0.260046
0.281006
0.288324
0.282418
0.266263
0.244562
0.223719
0.0452503
0.0154358
-0.00546345
-0.0170167
-0.0200491
-0.0139012
0.00151457
0.0255941
0.0571716
0.0944532
0.134944
0.175482
0.21244
0.242144
0.261456
0.26847
0.26321
0.247717
0.223901
0.194743
0.0665426
0.0259716
0.000518581
-0.0123301
-0.0161117
-0.0109906
0.00283894
0.0247884
0.0539466
0.0888886
0.127481
0.16682
0.203361
0.233287
0.253079
0.26025
0.254183
0.236131
0.205918
0.16472
0.077244
0.0256708
-0.00518628
-0.0201986
-0.0252593
-0.0212175
-0.00848551
0.0123864
0.0407358
0.0754711
0.114747
0.15579
0.194933
0.227933
0.250538
0.259319
0.252756
0.231301
0.193035
0.138169
0.0720585
0.00990124
-0.0264383
-0.0438418
-0.0502785
-0.0471459
-0.0349806
-0.0142247
0.0147551
0.0512281
0.0936378
0.139294
0.18429
0.223733
0.252304
0.265224
0.259688
0.235145
0.187954
0.117835
0.046462
-0.0257225
-0.0672805
-0.0869359
-0.094572
-0.0920421
-0.0799167
-0.0584359
-0.0275748
0.0123934
0.0602906
0.113566
0.168051
0.218044
0.256824
0.27775
0.276168
0.250023
0.19354
0.106065
-0.00379611
-0.0854416
-0.131728
-0.153199
-0.161628
-0.159302
-0.146759
-0.123928
-0.0902515
-0.0453672
0.0101244
0.0740022
0.141951
0.207416
0.261966
0.296487
0.30364
0.278969
0.213538
0.106025
-0.0829511
-0.173563
-0.223885
-0.246403
-0.254933
-0.25227
-0.238895
-0.214323
-0.177277
-0.126508
-0.0617179
0.0155531
0.10115
0.187804
0.265175
0.321009
0.344161
0.326317
0.253521
0.122903
-0.195371
-0.294615
-0.347946
-0.370156
-0.377543
-0.373631
-0.358888
-0.332318
-0.29172
-0.234633
-0.159424
-0.0664307
0.0409027
0.155018
0.263726
0.35105
0.400683
0.398332
0.32196
0.165284
-0.345821
-0.453615
-0.508199
-0.527564
-0.531435
-0.524508
-0.507356
-0.478397
-0.434276
-0.370945
-0.284918
-0.174647
-0.0420514
0.105834
0.255493
0.387008
0.477549
0.504029
0.431657
0.247088
-0.540189
-0.656683
-0.709142
-0.720791
-0.716649
-0.703295
-0.681577
-0.649227
-0.601467
-0.532255
-0.435693
-0.307569
-0.147249
0.0400077
0.240558
0.431106
0.581406
0.656343
0.601749
0.390564
-0.78734
-0.912306
-0.95571
-0.950467
-0.930198
-0.904302
-0.873969
-0.836008
-0.783835
-0.708962
-0.602524
-0.456889
-0.267749
-0.0369817
0.223655
0.489315
0.722718
0.873808
0.860656
0.631318
-1.10355
-1.23374
-1.25352
-1.21472
-1.16467
-1.11631
-1.07077
-1.02328
-0.964814
-0.883862
-0.76808
-0.605782
-0.387981
-0.111446
0.216682
0.573511
0.917501
1.18262
1.25049
1.02737
-1.52258
-1.64315
-1.60843
-1.50717
-1.4062
-1.32111
-1.25124
-1.18877
-1.12113
-1.03291
-0.907836
-0.729725
-0.484192
-0.161387
0.239242
0.702009
1.18758
1.61758
1.83233
1.67426
-2.11599
-2.17724
-2.02441
-1.81362
-1.63215
-1.49257
-1.38816
-1.30515
-1.22579
-1.12912
-0.994734
-0.801637
-0.529654
-0.161228
0.314848
0.896657
1.55785
2.21932
2.68774
2.72246
-3.03408
-2.89264
-2.50052
-2.11123
-1.81211
-1.59954
-1.45255
-1.34662
-1.25499
-1.15101
-1.00886
-0.80275
-0.506538
-0.0940427
0.459566
1.17362
2.04887
3.02671
3.91757
4.40419
-4.64591
-3.86242
-3.00295
-2.35068
-1.89966
-1.60333
-1.41612
-1.29397
-1.19775
-1.09362
-0.950808
-0.739163
-0.426965
0.0213812
0.647833
1.50222
2.63075
4.03653
5.65882
7.2018
-7.99008
-5.11038
-3.2853
-2.31439
-1.74187
-1.4042
-1.2183
-1.11571
-1.04434
-0.965118
-0.845201
-0.652834
-0.353942
0.0937949
0.748516
1.69723
3.0618
5.0153
8.00227
12.2386
-14.2237
-6.31386
-2.84058
-1.66621
-1.14974
-0.90253
-0.811965
-0.796924
-0.801458
-0.78862
-0.729354
-0.596048
-0.357595
0.0249883
0.610753
1.50568
2.9208
5.35018
10.3198
19.7375
)
;

boundaryField
{
    movingWall
    {
        type            zeroGradient;
    }
    fixedWalls
    {
        type            zeroGradient;
    }
    frontAndBack
    {
        type            empty;
    }
}


// ************************************************************************* //
