/*--------------------------------*- C++ -*----------------------------------*\
  =========                 |
  \\      /  F ield         | OpenFOAM: The Open Source CFD Toolbox
   \\    /   O peration     | Website:  https://openfoam.org
    \\  /    A nd           | Version:  8
     \\/     M anipulation  |
\*---------------------------------------------------------------------------*/
FoamFile
{
    version     2.0;
    format      ascii;
    class       surfaceScalarField;
    location    "0.1";
    object      phi;
}
// * * * * * * * * * * * * * * * * * * * * * * * * * * * * * * * * * * * * * //

dimensions      [0 3 -1 0 0 0 0];

internalField   nonuniform List<scalar> 
760
(
4.58018e-08
-4.57995e-08
-8.93514e-08
1.35152e-07
-4.15352e-07
3.26002e-07
-8.70943e-07
4.55591e-07
-1.38976e-06
5.18818e-07
-1.91221e-06
5.2245e-07
-2.38753e-06
4.75319e-07
-2.77325e-06
3.85728e-07
-3.03453e-06
2.61275e-07
-3.14462e-06
1.10096e-07
-3.08713e-06
-5.74947e-08
-2.85934e-06
-2.27787e-07
-2.47591e-06
-3.83428e-07
-1.9715e-06
-5.04411e-07
-1.40103e-06
-5.70474e-07
-8.36239e-07
-5.64791e-07
-3.57564e-07
-4.78675e-07
-4.0967e-08
-3.16596e-07
6.45769e-08
-1.05543e-07
6.45789e-08
-1.32466e-07
8.66639e-08
-6.62001e-07
6.64688e-07
-1.55864e-06
1.22264e-06
-2.71141e-06
1.60836e-06
-3.98748e-06
1.79488e-06
-5.25703e-06
1.792e-06
-6.4031e-06
1.62139e-06
-7.32521e-06
1.30784e-06
-7.94135e-06
8.77412e-07
-8.19098e-06
3.59729e-07
-8.04011e-06
-2.0837e-07
-7.48766e-06
-7.80235e-07
-6.57178e-06
-1.29931e-06
-5.37351e-06
-1.70269e-06
-4.01528e-06
-1.92871e-06
-2.6517e-06
-1.92837e-06
-1.45062e-06
-1.67976e-06
-5.64074e-07
-1.20314e-06
-8.84224e-08
-5.81198e-07
-2.38405e-08
-3.43056e-07
4.2972e-07
-1.29668e-06
1.61831e-06
-2.7366e-06
2.66256e-06
-4.497e-06
3.36876e-06
-6.39727e-06
3.69516e-06
-8.26188e-06
3.65661e-06
-9.9311e-06
3.29061e-06
-1.12666e-05
2.64334e-06
-1.21554e-05
1.7662e-06
-1.25148e-05
7.19093e-07
-1.2299e-05
-4.24164e-07
-1.15073e-05
-1.57191e-06
-1.01916e-05
-2.61498e-06
-8.46089e-06
-3.43342e-06
-6.47921e-06
-3.91039e-06
-4.45426e-06
-3.95331e-06
-2.61393e-06
-3.52009e-06
-1.17123e-06
-2.64584e-06
-2.81317e-07
-1.47111e-06
-3.05156e-07
-5.35884e-07
9.65603e-07
-1.89896e-06
2.98138e-06
-3.85784e-06
4.62145e-06
-6.18007e-06
5.69099e-06
-8.63889e-06
6.15398e-06
-1.10231e-05
6.04083e-06
-1.31435e-05
5.41098e-06
-1.48366e-05
4.3365e-06
-1.59688e-05
2.89836e-06
-1.64409e-05
1.19122e-06
-1.61961e-05
-6.68955e-07
-1.52288e-05
-2.53919e-06
-1.35941e-05
-4.24972e-06
-1.14143e-05
-5.61319e-06
-8.87987e-06
-6.44485e-06
-6.23929e-06
-6.5939e-06
-3.77599e-06
-5.98338e-06
-1.77161e-06
-4.65021e-06
-4.61901e-07
-2.78083e-06
-7.67058e-07
-7.09623e-07
1.67523e-06
-2.45832e-06
4.73008e-06
-4.91002e-06
7.07314e-06
-7.76147e-06
8.54245e-06
-1.07398e-05
9.13226e-06
-1.3603e-05
8.90409e-06
-1.61404e-05
7.94835e-06
-1.81717e-05
6.3678e-06
-1.95486e-05
4.27522e-06
-2.01582e-05
1.80084e-06
-1.99304e-05
-8.96768e-07
-1.88476e-05
-3.62192e-06
-1.69571e-05
-6.14023e-06
-1.43818e-05
-8.18854e-06
-1.13269e-05
-9.49975e-06
-8.07617e-06
-9.84459e-06
-4.9725e-06
-9.08706e-06
-2.38041e-06
-7.24229e-06
-6.36387e-07
-4.52485e-06
-1.40345e-06
-8.69426e-07
2.54466e-06
-2.98058e-06
6.84124e-06
-5.89874e-06
9.99129e-06
-9.25035e-06
1.18941e-05
-1.27177e-05
1.25996e-05
-1.60325e-05
1.22189e-05
-1.89684e-05
1.08843e-05
-2.13349e-05
8.73428e-06
-2.29737e-05
5.91402e-06
-2.37597e-05
2.58678e-06
-2.36062e-05
-1.05023e-06
-2.2476e-05
-4.75207e-06
-2.03964e-05
-8.21988e-06
-1.74767e-05
-1.11082e-05
-1.39248e-05
-1.30517e-05
-1.00537e-05
-1.37157e-05
-6.27052e-06
-1.28703e-05
-3.03966e-06
-1.04731e-05
-8.2199e-07
-6.74253e-06
-2.22544e-06
-1.01963e-06
3.56428e-06
-3.47265e-06
9.29426e-06
-6.82969e-06
1.33483e-05
-1.06488e-05
1.57132e-05
-1.45705e-05
1.65214e-05
-1.83055e-05
1.59538e-05
-2.16188e-05
1.41976e-05
-2.43166e-05
1.14321e-05
-2.62363e-05
7.83373e-06
-2.72428e-05
3.59327e-06
-2.7231e-05
-1.06201e-06
-2.61363e-05
-5.84676e-06
-2.3953e-05
-1.04032e-05
-2.07599e-05
-1.43012e-05
-1.67501e-05
-1.70616e-05
-1.22537e-05
-1.8212e-05
-7.74261e-06
-1.73813e-05
-3.79848e-06
-1.44173e-05
-1.03805e-06
-9.50296e-06
-3.26348e-06
-1.16325e-06
4.72753e-06
-3.93921e-06
1.20702e-05
-7.70329e-06
1.71124e-05
-1.19462e-05
1.9956e-05
-1.62711e-05
2.08463e-05
-2.03749e-05
2.00577e-05
-2.40238e-05
1.78464e-05
-2.703e-05
1.44383e-05
-2.92353e-05
1.0039e-05
-3.04999e-05
4.85794e-06
-3.07014e-05
-8.60575e-07
-2.97422e-05
-6.80596e-06
-2.75706e-05
-1.25748e-05
-2.42143e-05
-1.76575e-05
-1.98259e-05
-2.145e-05
-1.47297e-05
-2.33083e-05
-9.45196e-06
-2.26591e-05
-4.7056e-06
-1.91636e-05
-1.30447e-06
-1.29041e-05
-4.56795e-06
-1.30307e-06
6.0306e-06
-4.38416e-06
1.51513e-05
-8.51582e-06
2.12441e-05
-1.31196e-05
2.45598e-05
-1.77672e-05
2.54938e-05
-2.21523e-05
2.44428e-05
-2.6055e-05
2.17491e-05
-2.93081e-05
1.76913e-05
-3.177e-05
1.25009e-05
-3.33073e-05
6.39529e-06
-3.3786e-05
-3.81874e-07
-3.30752e-05
-7.51685e-06
-3.10662e-05
-1.45838e-05
-2.77128e-05
-2.10109e-05
-2.30923e-05
-2.60705e-05
-1.74837e-05
-2.89168e-05
-1.1439e-05
-2.87038e-05
-5.805e-06
-2.47976e-05
-1.64186e-06
-1.70672e-05
-6.20981e-06
-1.44434e-06
7.47494e-06
-4.81614e-06
1.85231e-05
-9.26561e-06
2.56935e-05
-1.41395e-05
2.94338e-05
-1.89854e-05
3.03397e-05
-2.35094e-05
2.89668e-05
-2.75239e-05
2.57637e-05
-3.0901e-05
2.10684e-05
-3.35348e-05
1.51347e-05
-3.53147e-05
8.17515e-06
-3.61086e-05
4.12102e-07
-3.57592e-05
-7.86629e-06
-3.40968e-05
-1.62462e-05
-3.09794e-05
-2.41283e-05
-2.63674e-05
-3.06824e-05
-2.04358e-05
-3.48484e-05
-1.37045e-05
-3.54352e-05
-7.13173e-06
-3.13703e-05
-2.07273e-06
-2.21262e-05
-8.28253e-06
-1.59966e-06
9.0746e-06
-5.25777e-06
2.21812e-05
-9.9628e-06
3.03986e-05
-1.49767e-05
3.44476e-05
-1.98355e-05
3.51985e-05
-2.42805e-05
3.34118e-05
-2.81823e-05
2.96655e-05
-3.14769e-05
2.4363e-05
-3.41179e-05
1.77757e-05
-3.60408e-05
1.0098e-05
-3.71373e-05
1.50865e-06
-3.72409e-05
-7.76271e-06
-3.61279e-05
-1.73592e-05
-3.35481e-05
-2.67081e-05
-2.93022e-05
-3.49283e-05
-2.33839e-05
-4.07667e-05
-1.61847e-05
-4.26343e-05
-8.70523e-06
-3.88498e-05
-2.62363e-06
-2.82078e-05
-1.09062e-05
-1.79684e-06
1.08714e-05
-5.75849e-06
2.61429e-05
-1.06398e-05
3.52798e-05
-1.56066e-05
3.94145e-05
-2.02089e-05
3.98007e-05
-2.42588e-05
3.74618e-05
-2.77193e-05
3.3126e-05
-3.06211e-05
2.72648e-05
-3.30048e-05
2.01594e-05
-3.48791e-05
1.19723e-05
-3.6188e-05
2.81756e-06
-3.67846e-05
-7.16605e-06
-3.64149e-05
-1.77289e-05
-3.47261e-05
-2.83969e-05
-3.13285e-05
-3.83259e-05
-2.59495e-05
-4.61458e-05
-1.87126e-05
-4.98712e-05
-1.0516e-05
-4.70464e-05
-3.32822e-06
-3.53956e-05
-1.42344e-05
-2.09177e-06
1.29632e-05
-6.40932e-06
3.04604e-05
-1.13541e-05
4.02246e-05
-1.59979e-05
4.40583e-05
-1.99564e-05
4.37592e-05
-2.31701e-05
4.06755e-05
-2.57401e-05
3.5696e-05
-2.78253e-05
2.935e-05
-2.95797e-05
2.19138e-05
-3.11105e-05
1.35031e-05
-3.24441e-05
4.15114e-06
-3.34906e-05
-6.11959e-06
-3.40074e-05
-1.72121e-05
-3.35741e-05
-2.88301e-05
-3.16119e-05
-4.02882e-05
-2.75114e-05
-5.02463e-05
-2.09571e-05
-5.64255e-05
-1.24983e-05
-5.55052e-05
-4.23047e-06
-4.36635e-05
-1.84649e-05
-2.58853e-06
1.55517e-05
-7.35199e-06
3.52239e-05
-1.21635e-05
4.50362e-05
-1.60537e-05
4.79484e-05
-1.88124e-05
4.65179e-05
-2.05965e-05
4.24596e-05
-2.17013e-05
3.68008e-05
-2.24442e-05
3.00929e-05
-2.31087e-05
2.25783e-05
-2.39138e-05
1.43083e-05
-2.4989e-05
5.22633e-06
-2.6338e-05
-4.77061e-06
-2.77864e-05
-1.57637e-05
-2.89162e-05
-2.77003e-05
-2.90161e-05
-4.01882e-05
-2.71267e-05
-5.21358e-05
-2.23297e-05
-6.12225e-05
-1.44727e-05
-6.33621e-05
-5.38296e-06
-5.27532e-05
-2.38478e-05
-3.46425e-06
1.9016e-05
-8.7526e-06
4.05122e-05
-1.30159e-05
4.92995e-05
-1.54429e-05
5.03754e-05
-1.62043e-05
4.72793e-05
-1.57967e-05
4.2052e-05
-1.47628e-05
3.57669e-05
-1.3589e-05
2.89191e-05
-1.26799e-05
2.16692e-05
-1.23521e-05
1.39804e-05
-1.2835e-05
5.70921e-06
-1.42461e-05
-3.35946e-06
-1.65359e-05
-1.34739e-05
-1.93897e-05
-2.48465e-05
-2.20951e-05
-3.74829e-05
-2.34399e-05
-5.07909e-05
-2.18341e-05
-6.28283e-05
-1.60163e-05
-6.91799e-05
-6.81584e-06
-6.19537e-05
-3.06637e-05
-4.96355e-06
2.39795e-05
-1.0632e-05
4.61807e-05
-1.34093e-05
5.20768e-05
-1.31826e-05
5.01487e-05
-1.08432e-05
4.49399e-05
-7.35362e-06
3.85624e-05
-3.51298e-06
3.19262e-05
6.39851e-08
2.53422e-05
2.9162e-06
1.8817e-05
4.67952e-06
1.22171e-05
5.06728e-06
5.32145e-06
3.86303e-06
-2.1552e-06
9.59057e-07
-1.05699e-05
-3.54039e-06
-2.03471e-05
-9.12256e-06
-3.19007e-05
-1.45844e-05
-4.53291e-05
-1.7822e-05
-5.95908e-05
-1.61736e-05
-7.08284e-05
-8.39981e-06
-6.97275e-05
-3.90635e-05
-7.22578e-06
3.12053e-05
-1.22209e-05
5.11758e-05
-1.14783e-05
5.13342e-05
-6.73039e-06
4.54008e-05
2.78848e-08
3.81817e-05
7.38649e-06
3.12038e-05
1.44184e-05
2.48943e-05
2.05324e-05
1.92281e-05
2.53315e-05
1.40179e-05
2.85187e-05
9.02986e-06
2.98312e-05
4.00899e-06
2.90108e-05
-1.33483e-06
2.58094e-05
-7.3685e-06
2.00536e-05
-1.45913e-05
1.18365e-05
-2.36836e-05
1.92244e-06
-3.5415e-05
-7.6165e-06
-5.00518e-05
-1.28958e-05
-6.55491e-05
-9.4656e-06
-7.31576e-05
-4.85291e-05
-9.51569e-06
4.0721e-05
-9.9357e-06
5.15958e-05
-1.81907e-06
4.32176e-05
9.71574e-06
3.38659e-05
2.17552e-05
2.61422e-05
3.29414e-05
2.00177e-05
4.26492e-05
1.51865e-05
5.05953e-05
1.12821e-05
5.66398e-05
7.97339e-06
6.06749e-05
4.99478e-06
6.25603e-05
2.12363e-06
6.20834e-05
-8.57993e-07
5.89301e-05
-4.21514e-06
5.26782e-05
-8.33945e-06
4.28748e-05
-1.38801e-05
2.93585e-05
-2.18987e-05
1.31374e-05
-3.38308e-05
-1.95251e-06
-5.04592e-05
-7.97488e-06
-6.71352e-05
-5.65039e-05
-5.42403e-06
4.6145e-05
8.98262e-06
3.71891e-05
2.89432e-05
2.32569e-05
4.74145e-05
1.53947e-05
6.29574e-05
1.05993e-05
7.55698e-05
7.40534e-06
8.55419e-05
5.21435e-06
9.31812e-05
3.64273e-06
9.87235e-05
2.43112e-06
0.000102304
1.41407e-06
0.000103947
4.80676e-07
0.000103553
-4.64291e-07
0.000100856
-1.51758e-06
9.53573e-05
-2.84082e-06
8.62166e-05
-4.73946e-06
7.21928e-05
-7.87491e-06
5.20465e-05
-1.36845e-05
2.64101e-05
-2.48228e-05
2.9171e-06
-4.36422e-05
-5.35868e-05
4.6145e-05
8.33342e-05
0.000106591
0.000121986
0.000132585
0.00013999
0.000145205
0.000148848
0.000151279
0.000152693
0.000153173
0.000152709
0.000151192
0.000148351
0.000143611
0.000135736
0.000122052
9.7229e-05
5.35868e-05
)
;

boundaryField
{
    movingWall
    {
        type            calculated;
        value           uniform 0;
    }
    fixedWalls
    {
        type            calculated;
        value           uniform 0;
    }
    frontAndBack
    {
        type            empty;
        value           nonuniform List<scalar> 0();
    }
}


// ************************************************************************* //
