/*--------------------------------*- C++ -*----------------------------------*\
  =========                 |
  \\      /  F ield         | OpenFOAM: The Open Source CFD Toolbox
   \\    /   O peration     | Website:  https://openfoam.org
    \\  /    A nd           | Version:  8
     \\/     M anipulation  |
\*---------------------------------------------------------------------------*/
FoamFile
{
    version     2.0;
    format      ascii;
    class       volVectorField;
    location    "0.1";
    object      U;
}
// * * * * * * * * * * * * * * * * * * * * * * * * * * * * * * * * * * * * * //

dimensions      [0 1 -1 0 0 0 0];

internalField   nonuniform List<vector> 
400
(
(0.000836262 -0.000859797 0)
(0.000332486 0.000439178 0)
(-0.00441542 0.00200257 0)
(-0.0124734 0.00306253 0)
(-0.0224766 0.00358657 0)
(-0.0331254 0.00365548 0)
(-0.0433073 0.00335363 0)
(-0.0520876 0.00274872 0)
(-0.0586908 0.00189372 0)
(-0.0624944 0.000840609 0)
(-0.0630559 -0.000343094 0)
(-0.060171 -0.00156176 0)
(-0.0539485 -0.00268721 0)
(-0.0448781 -0.00356522 0)
(-0.0338642 -0.00403343 0)
(-0.0221998 -0.00395024 0)
(-0.0114532 -0.00323272 0)
(-0.0032532 -0.00190055 0)
(0.00104257 -0.000181894 0)
(0.0010377 0.00100717 0)
(-0.000406288 -0.000409056 0)
(-0.00609521 0.00604718 0)
(-0.0206743 0.0128097 0)
(-0.0418154 0.01752 0)
(-0.0667379 0.0198477 0)
(-0.0927803 0.0199607 0)
(-0.117456 0.0181494 0)
(-0.138572 0.0147141 0)
(-0.154292 0.00994762 0)
(-0.163171 0.00417298 0)
(-0.164237 -0.00220431 0)
(-0.157111 -0.00865718 0)
(-0.142144 -0.0145313 0)
(-0.120522 -0.0190846 0)
(-0.0943058 -0.0215777 0)
(-0.0663315 -0.0214108 0)
(-0.0399222 -0.0182997 0)
(-0.0183961 -0.0124675 0)
(-0.00456618 -0.00496728 0)
(5.85004e-05 0.00116993 0)
(-0.0020555 0.00433097 0)
(-0.0136896 0.0208334 0)
(-0.0382042 0.036179 0)
(-0.0712078 0.0467725 0)
(-0.108713 0.0518442 0)
(-0.147183 0.0516008 0)
(-0.183254 0.0466052 0)
(-0.213917 0.0375393 0)
(-0.236635 0.0251462 0)
(-0.249425 0.0102837 0)
(-0.250968 -0.00598566 0)
(-0.240764 -0.0223306 0)
(-0.219298 -0.0371545 0)
(-0.188171 -0.0486969 0)
(-0.150146 -0.055244 0)
(-0.109024 -0.0554477 0)
(-0.0692735 -0.0487215 0)
(-0.035403 -0.0356522 0)
(-0.0116327 -0.0185001 0)
(-0.00139264 -0.00249616 0)
(-0.00353412 0.0131891 0)
(-0.0208396 0.0441553 0)
(-0.0549616 0.0704229 0)
(-0.0991309 0.0879644 0)
(-0.148062 0.095884 0)
(-0.197482 0.094565 0)
(-0.243405 0.0849355 0)
(-0.282276 0.0681529 0)
(-0.3111 0.0455237 0)
(-0.327519 0.0185785 0)
(-0.329937 -0.0108007 0)
(-0.317687 -0.0402883 0)
(-0.291228 -0.0671276 0)
(-0.252316 -0.0882938 0)
(-0.204101 -0.100839 0)
(-0.151055 -0.102413 0)
(-0.0985948 -0.0919208 0)
(-0.0524336 -0.0701686 0)
(-0.0185046 -0.0404958 0)
(-0.00268778 -0.00993549 0)
(-0.00482427 0.0256994 0)
(-0.0273885 0.0753892 0)
(-0.0706402 0.114676 0)
(-0.125392 0.139876 0)
(-0.185013 0.150449 0)
(-0.244551 0.147228 0)
(-0.299535 0.131661 0)
(-0.346039 0.10547 0)
(-0.380761 0.0705847 0)
(-0.401066 0.029256 0)
(-0.405087 -0.0157637 0)
(-0.391898 -0.0610858 0)
(-0.361742 -0.102682 0)
(-0.316277 -0.136087 0)
(-0.25878 -0.15686 0)
(-0.1942 -0.161314 0)
(-0.128875 -0.147462 0)
(-0.0699046 -0.11596 0)
(-0.0253252 -0.0709061 0)
(-0.00386772 -0.020884 0)
(-0.00598849 0.0415357 0)
(-0.0334546 0.114088 0)
(-0.0853392 0.168502 0)
(-0.150113 0.202051 0)
(-0.219814 0.215054 0)
(-0.288861 0.209139 0)
(-0.352412 0.186477 0)
(-0.406303 0.149454 0)
(-0.447048 0.100648 0)
(-0.471803 0.0430127 0)
(-0.478415 -0.0198659 0)
(-0.465588 -0.0835556 0)
(-0.433147 -0.142716 0)
(-0.382376 -0.191289 0)
(-0.316394 -0.223033 0)
(-0.240423 -0.232456 0)
(-0.161691 -0.216095 0)
(-0.0889027 -0.173879 0)
(-0.0326663 -0.110267 0)
(-0.00509311 -0.035371 0)
(-0.00707806 0.0604629 0)
(-0.0391656 0.159827 0)
(-0.0991957 0.2314 0)
(-0.173374 0.273944 0)
(-0.252461 0.289149 0)
(-0.330325 0.279828 0)
(-0.401879 0.24911 0)
(-0.462874 0.200148 0)
(-0.509772 0.136163 0)
(-0.539605 0.0607295 0)
(-0.549946 -0.0218573 0)
(-0.539033 -0.10624 0)
(-0.506063 -0.185813 0)
(-0.451636 -0.252824 0)
(-0.378347 -0.2989 0)
(-0.291365 -0.316145 0)
(-0.198655 -0.298806 0)
(-0.110689 -0.245236 0)
(-0.0412095 -0.159668 0)
(-0.00654421 -0.0538048 0)
(-0.00812966 0.08232 0)
(-0.0446189 0.212213 0)
(-0.112291 0.302789 0)
(-0.195105 0.354819 0)
(-0.282598 0.371924 0)
(-0.368211 0.358534 0)
(-0.44679 0.319005 0)
(-0.514195 0.257361 0)
(-0.567028 0.177437 0)
(-0.602345 0.0832799 0)
(-0.617514 -0.0203198 0)
(-0.610272 -0.127315 0)
(-0.579006 -0.230013 0)
(-0.523291 -0.318973 0)
(-0.444714 -0.383402 0)
(-0.347864 -0.41231 0)
(-0.241045 -0.396576 0)
(-0.136475 -0.331726 0)
(-0.0516668 -0.220798 0)
(-0.00841293 -0.0769935 0)
(-0.0091787 0.107 0)
(-0.04991 0.270879 0)
(-0.124677 0.381969 0)
(-0.215093 0.443648 0)
(-0.309518 0.462119 0)
(-0.401139 0.443942 0)
(-0.484983 0.395012 0)
(-0.557298 0.32034 0)
(-0.615102 0.224315 0)
(-0.655716 0.111263 0)
(-0.676481 -0.0138415 0)
(-0.674701 -0.144633 0)
(-0.647851 -0.272682 0)
(-0.594151 -0.387064 0)
(-0.513594 -0.474427 0)
(-0.4094 -0.520004 0)
(-0.289428 -0.509972 0)
(-0.167258 -0.435211 0)
(-0.0647626 -0.295895 0)
(-0.0109166 -0.106154 0)
(-0.01029 0.134463 0)
(-0.0552223 0.335488 0)
(-0.136499 0.468062 0)
(-0.233107 0.53894 0)
(-0.332254 0.557758 0)
(-0.427133 0.533841 0)
(-0.513304 0.474993 0)
(-0.58779 0.387344 0)
(-0.648404 0.275766 0)
(-0.693089 0.144624 0)
(-0.719476 -0.00131284 0)
(-0.724654 -0.155872 0)
(-0.705241 -0.310464 0)
(-0.657868 -0.45317 0)
(-0.580309 -0.56826 0)
(-0.47337 -0.636694 0)
(-0.343171 -0.638452 0)
(-0.203631 -0.557256 0)
(-0.0812455 -0.387594 0)
(-0.0143293 -0.142934 0)
(-0.0116131 0.164829 0)
(-0.0609823 0.405819 0)
(-0.148205 0.559961 0)
(-0.249074 0.638546 0)
(-0.349699 0.655833 0)
(-0.443684 0.62473 0)
(-0.527637 0.555385 0)
(-0.599865 0.455185 0)
(-0.659463 0.329406 0)
(-0.70547 0.182183 0)
(-0.736257 0.0176409 0)
(-0.749115 -0.158874 0)
(-0.740081 -0.339412 0)
(-0.70419 -0.511945 0)
(-0.636489 -0.659041 0)
(-0.534171 -0.757382 0)
(-0.399741 -0.779371 0)
(-0.245474 -0.698365 0)
(-0.101901 -0.498651 0)
(-0.0190349 -0.189479 0)
(-0.013479 0.198598 0)
(-0.0680962 0.48196 0)
(-0.160793 0.656291 0)
(-0.263234 0.739399 0)
(-0.360621 0.751921 0)
(-0.447681 0.711388 0)
(-0.522812 0.63076 0)
(-0.586258 0.518786 0)
(-0.638963 0.381032 0)
(-0.681598 0.221138 0)
(-0.713828 0.0421298 0)
(-0.73373 -0.152153 0)
(-0.737326 -0.355389 0)
(-0.718417 -0.55672 0)
(-0.669172 -0.738387 0)
(-0.58208 -0.87366 0)
(-0.453705 -0.926656 0)
(-0.291416 -0.856786 0)
(-0.127534 -0.631438 0)
(-0.0256107 -0.248547 0)
(-0.0165722 0.237074 0)
(-0.0782911 0.564584 0)
(-0.176026 0.755254 0)
(-0.276038 0.837066 0)
(-0.363288 0.839645 0)
(-0.434892 0.786381 0)
(-0.49211 0.693419 0)
(-0.537903 0.570842 0)
(-0.575638 0.424309 0)
(-0.608104 0.256678 0)
(-0.636794 0.0694908 0)
(-0.661239 -0.13554 0)
(-0.678267 -0.354741 0)
(-0.681295 -0.58001 0)
(-0.660118 -0.795392 0)
(-0.602028 -0.972914 0)
(-0.495301 -1.06919 0)
(-0.337866 -1.02671 0)
(-0.158824 -0.787018 0)
(-0.0349493 -0.323728 0)
(-0.0222247 0.283143 0)
(-0.0945352 0.655216 0)
(-0.196308 0.854097 0)
(-0.287278 0.924866 0)
(-0.354059 0.909859 0)
(-0.398366 0.839499 0)
(-0.425793 0.733123 0)
(-0.442825 0.601768 0)
(-0.455661 0.45079 0)
(-0.469456 0.281944 0)
(-0.487826 0.0950238 0)
(-0.512295 -0.110775 0)
(-0.541426 -0.335227 0)
(-0.569584 -0.57457 0)
(-0.585634 -0.817359 0)
(-0.572417 -1.03808 0)
(-0.508525 -1.18919 0)
(-0.377271 -1.19567 0)
(-0.195784 -0.963337 0)
(-0.0483648 -0.41964 0)
(-0.0328243 0.342502 0)
(-0.121244 0.756033 0)
(-0.223325 0.947599 0)
(-0.293138 0.992183 0)
(-0.323606 0.949444 0)
(-0.324607 0.857254 0)
(-0.307747 0.737207 0)
(-0.283549 0.600241 0)
(-0.260973 0.450655 0)
(-0.247241 0.288701 0)
(-0.247853 0.11234 0)
(-0.266443 -0.0817399 0)
(-0.304017 -0.29699 0)
(-0.357455 -0.535042 0)
(-0.417154 -0.791639 0)
(-0.46419 -1.04872 0)
(-0.468511 -1.26127 0)
(-0.394887 -1.34135 0)
(-0.235935 -1.15189 0)
(-0.0673438 -0.541791 0)
(-0.0519057 0.425645 0)
(-0.162816 0.867992 0)
(-0.252736 1.02432 0)
(-0.278186 1.0214 0)
(-0.248334 0.93983 0)
(-0.185813 0.822878 0)
(-0.109192 0.691655 0)
(-0.0324374 0.554908 0)
(0.0338331 0.414627 0)
(0.0815391 0.269172 0)
(0.104332 0.114784 0)
(0.0970999 -0.0538109 0)
(0.0563245 -0.24308 0)
(-0.0186612 -0.459877 0)
(-0.122835 -0.70868 0)
(-0.240422 -0.983934 0)
(-0.338017 -1.25315 0)
(-0.362804 -1.42828 0)
(-0.26914 -1.33256 0)
(-0.0916947 -0.696356 0)
(-0.0818624 0.551953 0)
(-0.215483 0.983798 0)
(-0.257573 1.05664 0)
(-0.196111 0.981463 0)
(-0.0733331 0.854865 0)
(0.073283 0.7172 0)
(0.220644 0.583626 0)
(0.35442 0.45758 0)
(0.465214 0.337365 0)
(0.546432 0.2192 0)
(0.592705 0.09811 0)
(0.598909 -0.0320169 0)
(0.559887 -0.17896 0)
(0.470937 -0.352833 0)
(0.329998 -0.565751 0)
(0.143415 -0.827311 0)
(-0.062877 -1.12861 0)
(-0.229991 -1.40466 0)
(-0.266104 -1.4651 0)
(-0.112899 -0.890262 0)
(-0.10968 0.747975 0)
(-0.236382 1.06472 0)
(-0.143444 0.981346 0)
(0.0703068 0.82098 0)
(0.315415 0.662851 0)
(0.551946 0.524722 0)
(0.762955 0.408364 0)
(0.940568 0.309577 0)
(1.08113 0.222743 0)
(1.18254 0.142504 0)
(1.24257 0.063787 0)
(1.25786 -0.0187703 0)
(1.22325 -0.111849 0)
(1.13133 -0.225123 0)
(0.972689 -0.373405 0)
(0.739414 -0.577725 0)
(0.43473 -0.858373 0)
(0.0945597 -1.20273 0)
(-0.154684 -1.46688 0)
(-0.092987 -1.1069 0)
(-0.0129022 0.938516 0)
(-0.0123253 0.978968 0)
(0.359155 0.71574 0)
(0.770175 0.51269 0)
(1.11619 0.371041 0)
(1.39692 0.269765 0)
(1.6216 0.196151 0)
(1.79682 0.140774 0)
(1.92798 0.096613 0)
(2.0189 0.0587309 0)
(2.07128 0.0234823 0)
(2.08448 -0.0123199 0)
(2.05502 -0.0523879 0)
(1.97558 -0.102331 0)
(1.83327 -0.172389 0)
(1.60778 -0.28245 0)
(1.26912 -0.468597 0)
(0.785006 -0.777429 0)
(0.257928 -1.17934 0)
(0.120727 -1.16439 0)
(1.04005 0.510033 0)
(1.34363 0.45075 0)
(1.8832 0.281416 0)
(2.29855 0.172798 0)
(2.56146 0.108879 0)
(2.73632 0.0697958 0)
(2.85924 0.0452703 0)
(2.94615 0.0292801 0)
(3.0059 0.0180878 0)
(3.04379 0.00945312 0)
(3.06254 0.00200588 0)
(3.06284 -0.00521225 0)
(3.04357 -0.0131932 0)
(3.00114 -0.0233622 0)
(2.92759 -0.0386163 0)
(2.80631 -0.0657254 0)
(2.59845 -0.120896 0)
(2.20744 -0.23828 0)
(1.58656 -0.451619 0)
(1.1576 -0.549957 0)
)
;

boundaryField
{
    movingWall
    {
        type            fixedValue;
        value           uniform (3.6 0 0);
    }
    fixedWalls
    {
        type            noSlip;
    }
    frontAndBack
    {
        type            empty;
    }
}


// ************************************************************************* //
