/*--------------------------------*- C++ -*----------------------------------*\
  =========                 |
  \\      /  F ield         | OpenFOAM: The Open Source CFD Toolbox
   \\    /   O peration     | Website:  https://openfoam.org
    \\  /    A nd           | Version:  8
     \\/     M anipulation  |
\*---------------------------------------------------------------------------*/
FoamFile
{
    version     2.0;
    format      ascii;
    class       volScalarField;
    location    "0.2";
    object      p;
}
// * * * * * * * * * * * * * * * * * * * * * * * * * * * * * * * * * * * * * //

dimensions      [0 2 -2 0 0 0 0];

internalField   nonuniform List<scalar> 
400
(
1.61842e-06
-0.0227936
-0.0498502
-0.0701613
-0.0778429
-0.0704037
-0.0475421
-0.010387
0.0388478
0.0969297
0.159595
0.221653
0.277332
0.320931
0.347747
0.355183
0.343834
0.318363
0.287867
0.265425
0.0226474
-0.000948124
-0.0220761
-0.0358695
-0.0399214
-0.03255
-0.0133877
0.0168553
0.0566015
0.103414
0.153975
0.204186
0.249463
0.285289
0.307973
0.315522
0.308465
0.29021
0.266108
0.24329
0.0512916
0.0187296
-0.00388143
-0.0162744
-0.0195271
-0.0129667
0.00353362
0.0294038
0.063487
0.103924
0.148037
0.192343
0.232794
0.26525
0.286171
0.293427
0.287099
0.269562
0.243116
0.211176
0.0753371
0.030827
0.00312633
-0.0107802
-0.0149814
-0.00971941
0.00483299
0.0281434
0.0593617
0.0970627
0.138989
0.181958
0.222001
0.254797
0.276348
0.283846
0.276635
0.256231
0.222683
0.177493
0.0872257
0.0306693
-0.00295526
-0.0193057
-0.0250732
-0.0212431
-0.00820242
0.0135959
0.0436169
0.0808447
0.123376
0.16819
0.211183
0.247529
0.272367
0.281786
0.274086
0.249891
0.207385
0.147092
0.0810615
0.0130802
-0.0264749
-0.0455171
-0.0530115
-0.0505239
-0.038537
-0.0173325
0.0129375
0.0517118
0.0974585
0.147287
0.196834
0.240526
0.272252
0.286512
0.280108
0.252516
0.200071
0.122867
0.0518272
-0.0267843
-0.0719144
-0.0935203
-0.10263
-0.101276
-0.0899249
-0.0685711
-0.0368639
0.00521606
0.0566295
0.114703
0.174811
0.230468
0.273927
0.297498
0.295796
0.266558
0.203776
0.10726
-0.0050896
-0.093511
-0.143627
-0.167372
-0.177764
-0.177268
-0.166254
-0.1443
-0.110382
-0.0636848
-0.00450512
0.0649464
0.13995
0.213077
0.274604
0.313934
0.322497
0.295209
0.222524
0.103646
-0.0941339
-0.191623
-0.245936
-0.271058
-0.282117
-0.28208
-0.271195
-0.248501
-0.212093
-0.160057
-0.0915605
-0.00791739
0.0864514
0.183378
0.270961
0.334923
0.362183
0.343097
0.262393
0.117681
-0.219707
-0.325714
-0.383098
-0.408224
-0.418753
-0.418394
-0.407323
-0.383946
-0.345241
-0.287824
-0.209221
-0.109219
0.00873682
0.136287
0.259474
0.359697
0.417776
0.416982
0.332729
0.15888
-0.386419
-0.500717
-0.559294
-0.581779
-0.589358
-0.586964
-0.574851
-0.550718
-0.510175
-0.447955
-0.359345
-0.241805
-0.096832
0.0680216
0.237427
0.388278
0.49374
0.52669
0.447755
0.242829
-0.599848
-0.722552
-0.778737
-0.793421
-0.793306
-0.78535
-0.770091
-0.744432
-0.702331
-0.636194
-0.538445
-0.403341
-0.22924
-0.021401
0.204949
0.42297
0.597229
0.686472
0.628851
0.394605
-0.868525
-0.999499
-1.04595
-1.04302
-1.02652
-1.00649
-0.98387
-0.954504
-0.910302
-0.840858
-0.735143
-0.583389
-0.379572
-0.124829
0.168083
0.470836
0.740026
0.917006
0.90789
0.654482
-1.2087
-1.34483
-1.36608
-1.32765
-1.28007
-1.23732
-1.20027
-1.16305
-1.1148
-1.04172
-0.928788
-0.761567
-0.528607
-0.225053
0.141886
0.546502
0.94084
1.24794
1.33223
1.0881
-1.65515
-1.7813
-1.74456
-1.63963
-1.53827
-1.45742
-1.39607
-1.34502
-1.28941
-1.21117
-1.09079
-0.908777
-0.647579
-0.294833
0.151095
0.673015
1.22597
1.71923
1.97058
1.80301
-2.28315
-2.34752
-2.18502
-1.96322
-1.77642
-1.63838
-1.54164
-1.47052
-1.4041
-1.31882
-1.19017
-0.993374
-0.704517
-0.302725
0.225479
0.878477
1.6264
2.37819
2.91441
2.96689
-3.25322
-3.10433
-2.68648
-2.27413
-1.96235
-1.74714
-1.60605
-1.51154
-1.43333
-1.34101
-1.2045
-0.993729
-0.678231
-0.227788
0.385926
1.18467
2.16889
3.27106
4.27682
4.83564
-4.96235
-4.13165
-3.21437
-2.52111
-2.04756
-1.74356
-1.55993
-1.44844
-1.36551
-1.27277
-1.13486
-0.91692
-0.582415
-0.0908699
0.604683
1.55928
2.82354
4.39866
6.21286
7.93886
-8.5317
-5.45602
-3.50438
-2.47105
-1.86819
-1.52002
-1.33765
-1.2469
-1.1902
-1.12351
-1.00917
-0.810539
-0.488482
0.00501057
0.734736
1.79663
3.32525
5.50926
8.82488
13.4965
-15.2495
-6.73047
-3.00441
-1.75835
-1.21789
-0.966575
-0.886175
-0.889355
-0.914249
-0.918987
-0.869924
-0.734722
-0.477159
-0.0524839
0.605533
1.61397
3.20643
5.92422
11.4084
21.6993
)
;

boundaryField
{
    movingWall
    {
        type            zeroGradient;
    }
    fixedWalls
    {
        type            zeroGradient;
    }
    frontAndBack
    {
        type            empty;
    }
}


// ************************************************************************* //
