/*--------------------------------*- C++ -*----------------------------------*\
  =========                 |
  \\      /  F ield         | OpenFOAM: The Open Source CFD Toolbox
   \\    /   O peration     | Website:  https://openfoam.org
    \\  /    A nd           | Version:  8
     \\/     M anipulation  |
\*---------------------------------------------------------------------------*/
FoamFile
{
    version     2.0;
    format      ascii;
    class       volVectorField;
    location    "0.2";
    object      U;
}
// * * * * * * * * * * * * * * * * * * * * * * * * * * * * * * * * * * * * * //

dimensions      [0 1 -1 0 0 0 0];

internalField   nonuniform List<vector> 
400
(
(0.000936336 -0.000934284 0)
(0.000357095 0.000502188 0)
(-0.00487997 0.00220595 0)
(-0.0137584 0.00336385 0)
(-0.0247546 0.00393632 0)
(-0.0364592 0.00401411 0)
(-0.0476601 0.00368967 0)
(-0.0573364 0.0030343 0)
(-0.0646331 0.00210147 0)
(-0.0688539 0.000944303 0)
(-0.0694948 -0.00036451 0)
(-0.0663146 -0.00171821 0)
(-0.059425 -0.00297118 0)
(-0.0493699 -0.00394739 0)
(-0.037165 -0.0044624 0)
(-0.0242631 -0.00435807 0)
(-0.0124182 -0.00354663 0)
(-0.00343434 -0.00206022 0)
(0.00121723 -0.00016605 0)
(0.0011554 0.00112069 0)
(-0.000437572 -0.000446798 0)
(-0.00673631 0.00670423 0)
(-0.0228491 0.0141247 0)
(-0.0461627 0.019284 0)
(-0.0736117 0.0218313 0)
(-0.102286 0.021962 0)
(-0.129468 0.019993 0)
(-0.152754 0.0162418 0)
(-0.170115 0.0110136 0)
(-0.17994 0.00464986 0)
(-0.181131 -0.0024072 0)
(-0.173246 -0.00956922 0)
(-0.156659 -0.0160964 0)
(-0.132691 -0.0211466 0)
(-0.103649 -0.0238839 0)
(-0.0727114 -0.0236407 0)
(-0.0435869 -0.02012 0)
(-0.0199516 -0.0136096 0)
(-0.00486652 -0.00532719 0)
(0.000104491 0.00135724 0)
(-0.00228281 0.0048149 0)
(-0.0151697 0.0230491 0)
(-0.0422524 0.0399201 0)
(-0.0786523 0.0515305 0)
(-0.119972 0.0570799 0)
(-0.16234 0.0568183 0)
(-0.202078 0.0513596 0)
(-0.235884 0.0414274 0)
(-0.26096 0.027805 0)
(-0.275096 0.0114105 0)
(-0.276807 -0.00659288 0)
(-0.265513 -0.0247203 0)
(-0.241735 -0.0411725 0)
(-0.207251 -0.0539581 0)
(-0.165149 -0.0611457 0)
(-0.119678 -0.0612359 0)
(-0.0758246 -0.0536165 0)
(-0.0385898 -0.0390207 0)
(-0.0125868 -0.0200572 0)
(-0.00147346 -0.00257216 0)
(-0.00392811 0.0146353 0)
(-0.0230853 0.048836 0)
(-0.0607507 0.0777098 0)
(-0.109422 0.0969261 0)
(-0.163283 0.105582 0)
(-0.217669 0.104135 0)
(-0.268226 0.0935944 0)
(-0.311058 0.0751901 0)
(-0.342864 0.0503053 0)
(-0.361021 0.0205837 0)
(-0.363733 -0.0119125 0)
(-0.350228 -0.0445936 0)
(-0.320986 -0.0743595 0)
(-0.277947 -0.0977968 0)
(-0.224615 -0.111586 0)
(-0.165982 -0.113111 0)
(-0.108093 -0.101211 0)
(-0.0572978 -0.0769083 0)
(-0.0201134 -0.0440747 0)
(-0.00288481 -0.010624 0)
(-0.00535558 0.028506 0)
(-0.030285 0.0833311 0)
(-0.0779278 0.126477 0)
(-0.138136 0.154057 0)
(-0.20364 0.165599 0)
(-0.26905 0.162068 0)
(-0.329503 0.145034 0)
(-0.380707 0.116327 0)
(-0.419028 0.0779887 0)
(-0.441536 0.0324363 0)
(-0.446127 -0.0173194 0)
(-0.431725 -0.0675126 0)
(-0.398549 -0.113624 0)
(-0.348403 -0.150622 0)
(-0.28491 -0.173505 0)
(-0.21358 -0.178159 0)
(-0.141485 -0.162437 0)
(-0.0765349 -0.127234 0)
(-0.0275995 -0.0773493 0)
(-0.00417122 -0.0225171 0)
(-0.00662666 0.0460188 0)
(-0.0368663 0.125954 0)
(-0.0938225 0.185633 0)
(-0.16482 0.222309 0)
(-0.241177 0.236498 0)
(-0.316851 0.230048 0)
(-0.386598 0.205306 0)
(-0.445885 0.164797 0)
(-0.490882 0.111244 0)
(-0.518424 0.0478083 0)
(-0.526079 -0.0216021 0)
(-0.512336 -0.0920771 0)
(-0.476913 -0.157639 0)
(-0.421158 -0.211471 0)
(-0.348477 -0.246542 0)
(-0.26466 -0.256695 0)
(-0.177766 -0.238131 0)
(-0.097521 -0.19097 0)
(-0.0356852 -0.120497 0)
(-0.00551139 -0.0382924 0)
(-0.00779129 0.0668615 0)
(-0.042941 0.176123 0)
(-0.108527 0.254488 0)
(-0.189481 0.300946 0)
(-0.275791 0.317563 0)
(-0.360866 0.30748 0)
(-0.439227 0.274068 0)
(-0.506266 0.220652 0)
(-0.558106 0.150614 0)
(-0.591442 0.0677557 0)
(-0.603517 -0.0232668 0)
(-0.592274 -0.116544 0)
(-0.55669 -0.204704 0)
(-0.497294 -0.279036 0)
(-0.416853 -0.330103 0)
(-0.32105 -0.34902 0)
(-0.218753 -0.329395 0)
(-0.121681 -0.269597 0)
(-0.0451405 -0.174759 0)
(-0.00710844 -0.0584161 0)
(-0.00888414 0.0907881 0)
(-0.0485935 0.233263 0)
(-0.122087 0.332238 0)
(-0.211983 0.389007 0)
(-0.307031 0.407778 0)
(-0.400233 0.393442 0)
(-0.486072 0.35067 0)
(-0.560081 0.283684 0)
(-0.618544 0.19648 0)
(-0.658172 0.0933227 0)
(-0.675964 -0.0206347 0)
(-0.669276 -0.13876 0)
(-0.636138 -0.252501 0)
(-0.575877 -0.351267 0)
(-0.490063 -0.422896 0)
(-0.383662 -0.454985 0)
(-0.265876 -0.437305 0)
(-0.150385 -0.365035 0)
(-0.0567729 -0.242058 0)
(-0.00918005 -0.0838068 0)
(-0.00993943 0.1176 0)
(-0.0539143 0.296813 0)
(-0.13454 0.417942 0)
(-0.232079 0.48521 0)
(-0.334121 0.505643 0)
(-0.433452 0.486415 0)
(-0.524787 0.433811 0)
(-0.604099 0.353061 0)
(-0.668124 0.248697 0)
(-0.713858 0.125224 0)
(-0.738255 -0.0120638 0)
(-0.738165 -0.156238 0)
(-0.710571 -0.297974 0)
(-0.653236 -0.42505 0)
(-0.565876 -0.522432 0)
(-0.451835 -0.573432 0)
(-0.319735 -0.562452 0)
(-0.18475 -0.47938 0)
(-0.0714034 -0.324934 0)
(-0.0119734 -0.115846 0)
(-0.0110252 0.147167 0)
(-0.0591007 0.366244 0)
(-0.146057 0.510469 0)
(-0.249556 0.587782 0)
(-0.356081 0.608895 0)
(-0.458478 0.583912 0)
(-0.552063 0.52111 0)
(-0.633653 0.426853 0)
(-0.700844 0.306126 0)
(-0.751305 0.163404 0)
(-0.782298 0.00369022 0)
(-0.790434 -0.166365 0)
(-0.771731 -0.337318 0)
(-0.72216 -0.495896 0)
(-0.638906 -0.624423 0)
(-0.522513 -0.70139 0)
(-0.379527 -0.704135 0)
(-0.225407 -0.614363 0)
(-0.0898738 -0.42637 0)
(-0.0157999 -0.156405 0)
(-0.0123039 0.179533 0)
(-0.0646296 0.441169 0)
(-0.157176 0.60848 0)
(-0.264453 0.694287 0)
(-0.371897 0.7142 0)
(-0.472836 0.682086 0)
(-0.563717 0.608653 0)
(-0.642731 0.50154 0)
(-0.708845 0.366098 0)
(-0.760916 0.206494 0)
(-0.797024 0.0269603 0)
(-0.814021 -0.166822 0)
(-0.807319 -0.366189 0)
(-0.771142 -0.557822 0)
(-0.699629 -0.722222 0)
(-0.589215 -0.833107 0)
(-0.442243 -0.859235 0)
(-0.272137 -0.770462 0)
(-0.113052 -0.549456 0)
(-0.0210933 -0.20791 0)
(-0.0141374 0.215162 0)
(-0.0715181 0.521575 0)
(-0.169096 0.710409 0)
(-0.277256 0.801374 0)
(-0.380579 0.81677 0)
(-0.473602 0.775284 0)
(-0.554662 0.690532 0)
(-0.623995 0.571539 0)
(-0.682538 0.423918 0)
(-0.730908 0.251255 0)
(-0.768626 0.0565555 0)
(-0.793461 -0.156199 0)
(-0.800896 -0.380206 0)
(-0.783895 -0.603546 0)
(-0.733476 -0.806486 0)
(-0.640837 -0.959056 0)
(-0.501536 -1.02074 0)
(-0.323228 -0.945534 0)
(-0.14179 -0.696791 0)
(-0.0284994 -0.27347 0)
(-0.0172732 0.255413 0)
(-0.0816987 0.608164 0)
(-0.183926 0.814363 0)
(-0.288836 0.904363 0)
(-0.380813 0.909842 0)
(-0.4569 0.855565 0)
(-0.518426 0.758441 0)
(-0.568475 0.628862 0)
(-0.610551 0.47252 0)
(-0.647564 0.292163 0)
(-0.68106 0.0891902 0)
(-0.71049 -0.134741 0)
(-0.732369 -0.375776 0)
(-0.739427 -0.625145 0)
(-0.720256 -0.865306 0)
(-0.660411 -1.06516 0)
(-0.546184 -1.17599 0)
(-0.374374 -1.13277 0)
(-0.176734 -0.86939 0)
(-0.0390022 -0.357089 0)
(-0.023163 0.30339 0)
(-0.0984884 0.702686 0)
(-0.204595 0.917606 0)
(-0.29956 0.996353 0)
(-0.369488 0.98384 0)
(-0.416208 0.912122 0)
(-0.445568 0.801403 0)
(-0.464345 0.663073 0)
(-0.479049 0.502523 0)
(-0.495152 0.321381 0)
(-0.516562 0.11922 0)
(-0.545019 -0.104986 0)
(-0.579116 -0.351139 0)
(-0.61288 -0.615312 0)
(-0.634206 -0.885163 0)
(-0.62404 -1.1327 0)
(-0.558097 -1.30505 0)
(-0.41674 -1.31786 0)
(-0.21765 -1.06459 0)
(-0.0540161 -0.463841 0)
(-0.0344137 0.365303 0)
(-0.126852 0.807815 0)
(-0.233462 1.01503 0)
(-0.306185 1.06647 0)
(-0.337637 1.02511 0)
(-0.338165 0.930724 0)
(-0.319912 0.805865 0)
(-0.293928 0.661854 0)
(-0.26968 0.503027 0)
(-0.25491 0.329538 0)
(-0.255663 0.139093 0)
(-0.276075 -0.0719325 0)
(-0.317573 -0.307361 0)
(-0.377199 -0.569162 0)
(-0.444912 -0.853071 0)
(-0.500213 -1.13977 0)
(-0.50974 -1.37993 0)
(-0.433501 -1.47555 0)
(-0.261324 -1.27229 0)
(-0.0750551 -0.599603 0)
(-0.0549254 0.452672 0)
(-0.171925 0.925267 0)
(-0.266703 1.09523 0)
(-0.29321 1.09657 0)
(-0.260998 1.01423 0)
(-0.193843 0.893592 0)
(-0.111277 0.756735 0)
(-0.0281022 0.61276 0)
(0.0443684 0.463697 0)
(0.0973534 0.307786 0)
(0.123765 0.141043 0)
(0.117787 -0.0421276 0)
(0.0751692 -0.248672 0)
(-0.00540897 -0.486142 0)
(-0.119222 -0.759859 0)
(-0.249774 -1.06462 0)
(-0.360782 -1.3658 0)
(-0.393631 -1.56654 0)
(-0.295848 -1.46936 0)
(-0.10159 -0.770694 0)
(-0.0875477 0.586828 0)
(-0.230434 1.04835 0)
(-0.276404 1.12966 0)
(-0.211701 1.05405 0)
(-0.0808736 0.923398 0)
(0.0764016 0.780045 0)
(0.235603 0.639894 0)
(0.381323 0.50658 0)
(0.503328 0.378368 0)
(0.59426 0.251291 0)
(0.647995 0.120178 0)
(0.658647 -0.0213539 0)
(0.620218 -0.181522 0)
(0.52707 -0.371217 0)
(0.376187 -0.603901 0)
(0.173444 -0.891009 0)
(-0.0538748 -1.22453 0)
(-0.241845 -1.53462 0)
(-0.288364 -1.61068 0)
(-0.123654 -0.983677 0)
(-0.119022 0.797602 0)
(-0.257405 1.13693 0)
(-0.161293 1.051 0)
(0.0655472 0.8835 0)
(0.327772 0.717846 0)
(0.582624 0.572516 0)
(0.811782 0.449379 0)
(1.00644 0.344109 0)
(1.16227 0.250856 0)
(1.27657 0.164015 0)
(1.34655 0.0783102 0)
(1.36824 -0.0118316 0)
(1.33582 -0.113378 0)
(1.24095 -0.236573 0)
(1.07302 -0.397457 0)
(0.822611 -0.619511 0)
(0.491934 -0.926701 0)
(0.118408 -1.3078 0)
(-0.160441 -1.60543 0)
(-0.0989528 -1.21773 0)
(-0.0187431 1.0079 0)
(-0.0224989 1.05031 0)
(0.373311 0.769214 0)
(0.813594 0.553877 0)
(1.18639 0.403733 0)
(1.49099 0.295951 0)
(1.73678 0.217149 0)
(1.93031 0.157467 0)
(2.07686 0.109513 0)
(2.18012 0.068069 0)
(2.24161 0.0292987 0)
(2.26043 -0.0101262 0)
(2.23273 -0.0540584 0)
(2.15061 -0.108349 0)
(2.00019 -0.183833 0)
(1.75941 -0.30204 0)
(1.39519 -0.503169 0)
(0.870528 -0.840465 0)
(0.293889 -1.28293 0)
(0.13813 -1.27149 0)
(1.12225 0.550628 0)
(1.44604 0.486927 0)
(2.0253 0.305233 0)
(2.47373 0.188649 0)
(2.75955 0.119833 0)
(2.95112 0.0775054 0)
(3.08696 0.0507543 0)
(3.18395 0.0331834 0)
(3.2514 0.02079 0)
(3.29489 0.0111586 0)
(3.31725 0.0028126 0)
(3.31919 -0.0052695 0)
(3.2995 -0.014128 0)
(3.25443 -0.0252342 0)
(3.17562 -0.0415859 0)
(3.04547 -0.0703057 0)
(2.82269 -0.128889 0)
(2.40252 -0.255056 0)
(1.72928 -0.487399 0)
(1.25986 -0.596781 0)
)
;

boundaryField
{
    movingWall
    {
        type            fixedValue;
        value           uniform (3.9 0 0);
    }
    fixedWalls
    {
        type            noSlip;
    }
    frontAndBack
    {
        type            empty;
    }
}


// ************************************************************************* //
