/*--------------------------------*- C++ -*----------------------------------*\
  =========                 |
  \\      /  F ield         | OpenFOAM: The Open Source CFD Toolbox
   \\    /   O peration     | Website:  https://openfoam.org
    \\  /    A nd           | Version:  8
     \\/     M anipulation  |
\*---------------------------------------------------------------------------*/
FoamFile
{
    version     2.0;
    format      ascii;
    class       volScalarField;
    location    "0.2";
    object      p;
}
// * * * * * * * * * * * * * * * * * * * * * * * * * * * * * * * * * * * * * //

dimensions      [0 2 -2 0 0 0 0];

internalField   nonuniform List<scalar> 
400
(
5.27584e-07
-0.0281389
-0.0613317
-0.086235
-0.0958895
-0.087373
-0.0602515
-0.0156769
0.0439477
0.114921
0.19212
0.269062
0.338336
0.392499
0.425384
0.433643
0.418217
0.385377
0.346945
0.319446
0.0279734
-0.00120319
-0.0271223
-0.0440292
-0.0492283
-0.0407655
-0.0181291
0.0180081
0.0659779
0.123023
0.185179
0.247338
0.303609
0.348074
0.375864
0.384387
0.374444
0.35066
0.320227
0.292348
0.0631096
0.0228608
-0.00481283
-0.0199358
-0.0241635
-0.0167868
0.00242455
0.0329951
0.073805
0.122844
0.17697
0.231856
0.282271
0.322729
0.348493
0.356736
0.347661
0.324614
0.291119
0.251927
0.0920677
0.0371465
0.00334562
-0.0135745
-0.0190687
-0.0135606
0.00285148
0.0298114
0.0666668
0.112033
0.16336
0.216718
0.26695
0.308252
0.335179
0.34392
0.33368
0.306766
0.26409
0.2083
0.105155
0.0355723
-0.00533283
-0.0252572
-0.0329451
-0.0297248
-0.0158875
0.00842087
0.0430713
0.0873225
0.139177
0.194972
0.249356
0.29578
0.327514
0.339137
0.328374
0.296405
0.242004
0.166949
0.0947037
0.0114296
-0.0365463
-0.0598988
-0.0702247
-0.0695319
-0.0581272
-0.0357945
-0.00200988
0.0432417
0.0986019
0.160693
0.223861
0.280496
0.322033
0.340694
0.332002
0.295567
0.227998
0.130946
0.054215
-0.0414899
-0.0960702
-0.122879
-0.136047
-0.138094
-0.129177
-0.10854
-0.0748088
-0.0269889
0.0344428
0.106605
0.183625
0.256662
0.314764
0.346875
0.345209
0.306842
0.22545
0.102814
-0.022103
-0.128877
-0.189331
-0.219337
-0.235387
-0.240439
-0.234387
-0.215748
-0.182046
-0.13096
-0.0616547
0.023944
0.120109
0.216839
0.300349
0.35521
0.368737
0.33372
0.239082
0.0863537
-0.139505
-0.256031
-0.321413
-0.354023
-0.372742
-0.381041
-0.378513
-0.362795
-0.330017
-0.27608
-0.19822
-0.096666
0.0237417
0.152307
0.272251
0.362643
0.403806
0.381445
0.276365
0.0884923
-0.302733
-0.427912
-0.496909
-0.530835
-0.551357
-0.562746
-0.564381
-0.552925
-0.522815
-0.467665
-0.382012
-0.263367
-0.11452
0.0541858
0.2234
0.365879
0.452517
0.457913
0.349177
0.121508
-0.516193
-0.649365
-0.719804
-0.752222
-0.77216
-0.785307
-0.791066
-0.785081
-0.75983
-0.706109
-0.614925
-0.479871
-0.300124
-0.0839292
0.148159
0.362648
0.518798
0.574942
0.476034
0.2062
-0.784768
-0.92584
-0.993556
-1.01854
-1.03255
-1.04373
-1.05185
-1.0515
-1.03292
-0.983576
-0.890158
-0.741137
-0.530312
-0.261474
0.04619
0.354625
0.610502
0.75033
0.685264
0.376813
-1.1161
-1.26503
-1.32145
-1.32734
-1.32506
-1.32664
-1.33241
-1.33571
-1.3241
-1.2812
-1.18874
-1.02907
-0.788982
-0.465212
-0.0718908
0.352296
0.743186
1.01118
1.01976
0.689174
-1.52616
-1.68005
-1.70709
-1.67242
-1.63602
-1.615
-1.60984
-1.61178
-1.60493
-1.5684
-1.47838
-1.3105
-1.04347
-0.664688
-0.179026
0.380493
0.944942
1.39849
1.54411
1.23471
-2.05208
-2.19503
-2.1543
-2.04186
-1.94384
-1.8814
-1.85294
-1.8457
-1.83874
-1.80566
-1.7166
-1.54025
-1.24681
-0.813009
-0.230679
0.480725
1.25897
1.97028
2.35257
2.16155
-2.77871
-2.85335
-2.66512
-2.41484
-2.21735
-2.0903
-2.0245
-1.99931
-1.98622
-1.95177
-1.85952
-1.67117
-1.34846
-0.857054
-0.17301
0.705881
1.74016
2.79838
3.57021
3.69398
-3.8946
-3.72739
-3.23797
-2.76241
-2.41892
-2.20318
-2.08831
-2.03928
-2.01607
-1.97649
-1.87686
-1.67204
-1.3154
-0.760972
0.033693
1.10054
2.44079
3.95759
5.35276
6.16385
-5.8769
-4.91742
-3.83665
-3.02853
-2.49507
-2.17599
-2.01222
-1.94433
-1.91606
-1.87517
-1.77121
-1.55299
-1.16593
-0.551522
0.355886
1.62966
3.33545
5.46783
7.91984
10.2519
-10.0888
-6.45762
-4.14487
-2.93518
-2.25009
-1.87853
-1.71569
-1.67164
-1.67293
-1.66015
-1.57984
-1.37835
-0.997899
-0.369838
0.59451
2.02114
4.08606
7.02739
11.4116
17.4718
-18.2353
-7.92804
-3.47032
-2.02601
-1.4242
-1.16823
-1.12624
-1.19402
-1.29237
-1.36417
-1.3607
-1.23312
-0.927322
-0.376383
0.511647
1.89152
4.07032
7.73864
14.8708
27.8699
)
;

boundaryField
{
    movingWall
    {
        type            zeroGradient;
    }
    fixedWalls
    {
        type            zeroGradient;
    }
    frontAndBack
    {
        type            empty;
    }
}


// ************************************************************************* //
