/*--------------------------------*- C++ -*----------------------------------*\
  =========                 |
  \\      /  F ield         | OpenFOAM: The Open Source CFD Toolbox
   \\    /   O peration     | Website:  https://openfoam.org
    \\  /    A nd           | Version:  8
     \\/     M anipulation  |
\*---------------------------------------------------------------------------*/
FoamFile
{
    version     2.0;
    format      ascii;
    class       surfaceScalarField;
    location    "0.2";
    object      phi;
}
// * * * * * * * * * * * * * * * * * * * * * * * * * * * * * * * * * * * * * //

dimensions      [0 3 -1 0 0 0 0];

internalField   nonuniform List<scalar> 
760
(
6.08769e-08
-6.08817e-08
-1.25689e-07
1.86566e-07
-5.6774e-07
4.42053e-07
-1.1816e-06
6.13867e-07
-1.87914e-06
6.97536e-07
-2.58295e-06
7.03811e-07
-3.22723e-06
6.44283e-07
-3.7556e-06
5.28372e-07
-4.1195e-06
3.63901e-07
-4.27928e-06
1.5978e-07
-4.2083e-06
-7.09763e-08
-3.8992e-06
-3.09103e-07
-3.37042e-06
-5.28781e-07
-2.67087e-06
-6.99545e-07
-1.88018e-06
-7.9069e-07
-1.10242e-06
-7.77767e-07
-4.52167e-07
-6.50252e-07
-3.32507e-08
-4.18919e-07
9.48884e-08
-1.28139e-07
9.48901e-08
-1.84369e-07
1.23487e-07
-9.10575e-07
9.12775e-07
-2.13021e-06
1.66169e-06
-3.69038e-06
2.17403e-06
-5.4144e-06
2.42156e-06
-7.13199e-06
2.4214e-06
-8.68939e-06
2.20169e-06
-9.95189e-06
1.79088e-06
-1.08055e-05
1.21755e-06
-1.1162e-05
5.16223e-07
-1.09674e-05
-2.6553e-07
-1.02142e-05
-1.06235e-06
-8.95192e-06
-1.79104e-06
-7.29437e-06
-2.35709e-06
-5.41702e-06
-2.66804e-06
-3.5418e-06
-2.65298e-06
-1.90647e-06
-2.28559e-06
-7.19383e-07
-1.60601e-06
-1.0179e-07
-7.45731e-07
-6.90021e-09
-4.76193e-07
5.99681e-07
-1.78374e-06
2.22033e-06
-3.74392e-06
3.62187e-06
-6.12973e-06
4.55984e-06
-8.70105e-06
4.99287e-06
-1.12273e-05
4.94762e-06
-1.34978e-05
4.4722e-06
-1.53267e-05
3.61975e-06
-1.65571e-05
2.44801e-06
-1.70691e-05
1.02822e-06
-1.6791e-05
-5.43674e-07
-1.57136e-05
-2.13971e-06
-1.39041e-05
-3.60052e-06
-1.1514e-05
-4.74718e-06
-8.77692e-06
-5.40516e-06
-5.99002e-06
-5.43988e-06
-3.4768e-06
-4.79881e-06
-1.53194e-06
-3.55086e-06
-3.56563e-07
-1.92111e-06
-3.63465e-07
-7.42856e-07
1.34254e-06
-2.60975e-06
4.08723e-06
-5.27324e-06
6.28535e-06
-8.41741e-06
7.70402e-06
-1.17424e-05
8.31788e-06
-1.4972e-05
8.17723e-06
-1.78574e-05
7.35759e-06
-2.01794e-05
5.9417e-06
-2.17523e-05
4.02095e-06
-2.24324e-05
1.70832e-06
-2.21303e-05
-8.45834e-07
-2.08268e-05
-3.44315e-06
-1.859e-05
-5.83736e-06
-1.5587e-05
-7.75016e-06
-1.20868e-05
-8.90541e-06
-8.44488e-06
-9.08176e-06
-5.06632e-06
-8.17737e-06
-2.34594e-06
-6.27124e-06
-5.98136e-07
-3.66892e-06
-9.61603e-07
-9.80708e-07
2.32324e-06
-3.3667e-06
6.47322e-06
-6.68761e-06
9.60626e-06
-1.05354e-05
1.15518e-05
-1.45524e-05
1.23349e-05
-1.84254e-05
1.20502e-05
-2.1879e-05
1.08112e-05
-2.46725e-05
8.73521e-06
-2.66001e-05
5.94856e-06
-2.7497e-05
2.60523e-06
-2.72515e-05
-1.09131e-06
-2.58226e-05
-4.87205e-06
-2.32607e-05
-8.3993e-06
-1.97277e-05
-1.12831e-05
-1.55099e-05
-1.31232e-05
-1.10134e-05
-1.35783e-05
-6.73228e-06
-1.24585e-05
-3.186e-06
-9.81752e-06
-8.34958e-07
-6.01996e-06
-1.79656e-06
-1.19363e-06
3.51687e-06
-4.05401e-06
9.3336e-06
-7.98049e-06
1.35327e-05
-1.2477e-05
1.60483e-05
-1.7133e-05
1.69909e-05
-2.16051e-05
1.65223e-05
-2.56014e-05
1.48075e-05
-2.88689e-05
1.20027e-05
-3.11879e-05
8.26758e-06
-3.23738e-05
3.79109e-06
-3.22867e-05
-1.17836e-06
-3.08502e-05
-6.30859e-06
-2.8077e-05
-1.11725e-05
-2.41004e-05
-1.52597e-05
-1.92033e-05
-1.80203e-05
-1.38322e-05
-1.89493e-05
-8.57906e-06
-1.77117e-05
-4.11694e-06
-1.42796e-05
-1.09279e-06
-9.04411e-06
-2.88935e-06
-1.38444e-06
4.90131e-06
-4.67266e-06
1.26218e-05
-9.14591e-06
1.8006e-05
-1.42274e-05
2.11298e-05
-1.94604e-05
2.22238e-05
-2.44806e-05
2.15425e-05
-2.89895e-05
1.93164e-05
-3.27318e-05
1.5745e-05
-3.54813e-05
1.10171e-05
-3.70365e-05
5.34624e-06
-3.72254e-05
-9.89416e-07
-3.59238e-05
-7.61025e-06
-3.30856e-05
-1.40107e-05
-2.87874e-05
-1.95579e-05
-2.32791e-05
-2.35286e-05
-1.70266e-05
-2.52018e-05
-1.07197e-05
-2.40185e-05
-5.21533e-06
-1.9784e-05
-1.40136e-06
-1.28581e-05
-4.29072e-06
-1.55435e-06
6.45566e-06
-5.22139e-06
1.62889e-05
-1.01726e-05
2.29572e-05
-1.57574e-05
2.67145e-05
-2.14812e-05
2.79476e-05
-2.69701e-05
2.70315e-05
-3.19315e-05
2.42778e-05
-3.61206e-05
1.99341e-05
-3.93166e-05
1.42131e-05
-4.13084e-05
7.33802e-06
-4.18937e-05
-4.04151e-07
-4.08925e-05
-8.61139e-06
-3.81807e-05
-1.67225e-05
-3.37454e-05
-2.39932e-05
-2.77616e-05
-2.95124e-05
-2.06742e-05
-3.22892e-05
-1.32517e-05
-3.1441e-05
-6.55762e-06
-2.64781e-05
-1.79181e-06
-1.76239e-05
-6.08252e-06
-1.70464e-06
8.1603e-06
-5.69962e-06
2.02838e-05
-1.10475e-05
2.83051e-05
-1.70271e-05
3.26942e-05
-2.3116e-05
3.40366e-05
-2.89443e-05
3.28597e-05
-3.42418e-05
2.95753e-05
-3.87922e-05
2.44846e-05
-4.2397e-05
1.78179e-05
-4.48513e-05
9.79224e-06
-4.59326e-05
6.77154e-07
-4.54072e-05
-9.1368e-06
-4.30594e-05
-1.90703e-05
-3.87539e-05
-2.82987e-05
-3.25362e-05
-3.57301e-05
-2.47641e-05
-4.00613e-05
-1.62324e-05
-3.99727e-05
-8.21194e-06
-3.44986e-05
-2.29665e-06
-2.35392e-05
-8.37918e-06
-1.84067e-06
1.0001e-05
-6.11603e-06
2.45592e-05
-1.17663e-05
3.39554e-05
-1.79979e-05
3.89257e-05
-2.42708e-05
4.03095e-05
-3.02374e-05
3.88263e-05
-3.56719e-05
3.50098e-05
-4.04095e-05
2.92222e-05
-4.42982e-05
2.17066e-05
-4.71637e-05
1.26577e-05
-4.87859e-05
2.2994e-06
-4.88928e-05
-9.02987e-06
-4.71779e-05
-2.07852e-05
-4.33579e-05
-3.21188e-05
-3.72882e-05
-4.17997e-05
-2.9145e-05
-4.82045e-05
-1.96483e-05
-4.94694e-05
-1.02292e-05
-4.39177e-05
-2.95121e-06
-3.08171e-05
-1.13304e-05
-1.97874e-06
1.19797e-05
-6.50269e-06
2.90831e-05
-1.23511e-05
3.98037e-05
-1.86485e-05
4.52232e-05
-2.48525e-05
4.65135e-05
-3.06629e-05
4.46367e-05
-3.59266e-05
4.02736e-05
-4.05596e-05
3.38551e-05
-4.44868e-05
2.56338e-05
-4.75971e-05
1.5768e-05
-4.97081e-05
4.41041e-06
-5.05425e-05
-8.19544e-06
-4.97251e-05
-2.16027e-05
-4.68195e-05
-3.50244e-05
-4.14378e-05
-4.71814e-05
-3.34598e-05
-5.61825e-05
-2.337e-05
-5.95592e-05
-1.26279e-05
-5.46598e-05
-3.79577e-06
-3.96493e-05
-1.51262e-05
-2.15694e-06
1.41367e-05
-6.93442e-06
3.38606e-05
-1.28691e-05
4.57385e-05
-1.89904e-05
5.13444e-05
-2.47797e-05
5.23028e-05
-3.00233e-05
4.98804e-05
-3.46783e-05
4.49285e-05
-3.87753e-05
3.79521e-05
-4.23501e-05
2.92087e-05
-4.53924e-05
1.88103e-05
-4.78013e-05
6.81931e-06
-4.9345e-05
-6.65179e-06
-4.96287e-05
-2.13189e-05
-4.80925e-05
-3.65606e-05
-4.40828e-05
-5.11911e-05
-3.70703e-05
-6.3195e-05
-2.70873e-05
-6.95421e-05
-1.53669e-05
-6.63801e-05
-4.87784e-06
-5.01384e-05
-2.0004e-05
-2.45278e-06
1.65894e-05
-7.55235e-06
3.89602e-05
-1.34462e-05
5.16324e-05
-1.90643e-05
5.69625e-05
-2.39689e-05
5.72074e-05
-2.80942e-05
5.40057e-05
-3.15569e-05
4.83912e-05
-3.45398e-05
4.0935e-05
-3.72213e-05
3.18901e-05
-3.97254e-05
2.13145e-05
-4.20776e-05
9.17143e-06
-4.41516e-05
-4.57773e-06
-4.56091e-05
-1.98614e-05
-4.58419e-05
-3.63279e-05
-4.39674e-05
-5.30656e-05
-3.89802e-05
-6.81822e-05
-3.02206e-05
-7.83017e-05
-1.8294e-05
-7.83068e-05
-6.25186e-06
-6.21805e-05
-2.62559e-05
-3.01127e-06
1.96007e-05
-8.58359e-06
4.45325e-05
-1.4247e-05
5.72958e-05
-1.88818e-05
6.15973e-05
-2.22505e-05
6.05761e-05
-2.4534e-05
5.62891e-05
-2.60712e-05
4.99285e-05
-2.72326e-05
4.20963e-05
-2.83586e-05
3.30162e-05
-2.97269e-05
2.26827e-05
-3.15182e-05
1.09628e-05
-3.37666e-05
-2.32942e-06
-3.62781e-05
-1.73499e-05
-3.85177e-05
-3.40883e-05
-3.94963e-05
-5.2087e-05
-3.77702e-05
-6.99083e-05
-3.18029e-05
-8.42689e-05
-2.10515e-05
-8.90583e-05
-7.96561e-06
-7.52663e-05
-3.42215e-05
-4.08283e-06
2.36835e-05
-1.03227e-05
5.07724e-05
-1.53527e-05
6.23258e-05
-1.82193e-05
6.44638e-05
-1.91225e-05
6.14794e-05
-1.86346e-05
5.58012e-05
-1.73839e-05
4.86779e-05
-1.59466e-05
4.0659e-05
-1.48194e-05
3.1889e-05
-1.44193e-05
2.22826e-05
-1.5079e-05
1.16225e-05
-1.70156e-05
-3.9288e-07
-2.02534e-05
-1.41121e-05
-2.44756e-05
-2.98661e-05
-2.88002e-05
-4.77624e-05
-3.15528e-05
-6.71557e-05
-3.03191e-05
-8.55026e-05
-2.28926e-05
-9.64848e-05
-9.99567e-06
-8.81633e-05
-4.42171e-05
-6.0322e-06
2.97157e-05
-1.29417e-05
5.7682e-05
-1.63377e-05
6.57217e-05
-1.60633e-05
6.41894e-05
-1.31684e-05
5.85845e-05
-8.77949e-06
5.14123e-05
-3.84391e-06
4.37423e-05
8.90509e-07
3.59246e-05
4.83026e-06
2.79492e-05
7.48167e-06
1.96312e-05
8.4159e-06
1.06883e-05
7.26333e-06
7.59699e-07
3.76227e-06
-1.0611e-05
-2.10886e-06
-2.3995e-05
-9.84427e-06
-4.0027e-05
-1.79483e-05
-5.90517e-05
-2.3476e-05
-7.99749e-05
-2.23199e-05
-9.76408e-05
-1.20303e-05
-9.84529e-05
-5.62475e-05
-9.15146e-06
3.88672e-05
-1.56812e-05
6.42117e-05
-1.50402e-05
6.50808e-05
-9.30272e-06
5.84519e-05
-8.79405e-07
5.01612e-05
8.52194e-06
4.20109e-05
1.77629e-05
3.45014e-05
2.60804e-05
2.76071e-05
3.29288e-05
2.11008e-05
3.78653e-05
1.46947e-05
4.04752e-05
8.07844e-06
4.03302e-05
9.04723e-07
3.69912e-05
-7.272e-06
3.00691e-05
-1.7073e-05
1.94651e-05
-2.94229e-05
5.93761e-06
-4.55243e-05
-7.87694e-06
-6.61603e-05
-1.64749e-05
-8.90429e-05
-1.2955e-05
-0.000101973
-6.92025e-05
-1.27097e-05
5.15769e-05
-1.41031e-05
6.5605e-05
-4.41789e-06
5.53956e-05
9.91746e-06
4.41166e-05
2.52552e-05
3.48234e-05
3.98839e-05
2.73822e-05
5.29669e-05
2.14184e-05
6.40719e-05
1.6502e-05
7.29381e-05
1.22346e-05
7.93419e-05
8.29083e-06
8.30203e-05
4.4001e-06
8.36163e-05
3.08685e-07
8.06485e-05
-4.30419e-06
7.34656e-05
-9.8901e-06
6.13136e-05
-1.72709e-05
4.37027e-05
-2.79133e-05
2.16231e-05
-4.40807e-05
7.22387e-08
-6.74921e-05
-9.85452e-06
-9.2046e-05
-7.9057e-05
-8.61222e-06
6.01891e-05
8.98023e-06
4.80126e-05
3.42189e-05
3.01569e-05
5.79452e-05
2.03903e-05
7.83347e-05
1.44339e-05
9.53273e-05
1.03896e-05
0.000109188
7.55727e-06
0.000120208
5.48227e-06
0.000128599
3.84337e-06
0.000134459
2.43137e-06
0.000137752
1.10646e-06
0.000138304
-2.42526e-07
0.000135738
-1.73899e-06
0.000129401
-3.55259e-06
0.000118178
-6.04817e-06
0.000100331
-1.0066e-05
7.3887e-05
-1.76369e-05
3.91597e-05
-3.27647e-05
6.04242e-06
-5.89287e-05
-7.30146e-05
6.01891e-05
0.000108202
0.000138359
0.000158749
0.000173183
0.000183572
0.00019113
0.000196612
0.000200455
0.000202887
0.000203993
0.000203751
0.000202012
0.000198459
0.000192411
0.000182345
0.000164708
0.000131943
7.30146e-05
)
;

boundaryField
{
    movingWall
    {
        type            calculated;
        value           uniform 0;
    }
    fixedWalls
    {
        type            calculated;
        value           uniform 0;
    }
    frontAndBack
    {
        type            empty;
        value           nonuniform List<scalar> 0();
    }
}


// ************************************************************************* //
