/*--------------------------------*- C++ -*----------------------------------*\
  =========                 |
  \\      /  F ield         | OpenFOAM: The Open Source CFD Toolbox
   \\    /   O peration     | Website:  https://openfoam.org
    \\  /    A nd           | Version:  8
     \\/     M anipulation  |
\*---------------------------------------------------------------------------*/
FoamFile
{
    version     2.0;
    format      ascii;
    class       volVectorField;
    location    "0.2";
    object      U;
}
// * * * * * * * * * * * * * * * * * * * * * * * * * * * * * * * * * * * * * //

dimensions      [0 1 -1 0 0 0 0];

internalField   nonuniform List<vector> 
400
(
(0.00114163 -0.00114291 0)
(0.000393245 0.000632943 0)
(-0.00607932 0.00271266 0)
(-0.0169777 0.00411256 0)
(-0.0304325 0.00480489 0)
(-0.0447547 0.00491129 0)
(-0.0585056 0.00454307 0)
(-0.0704634 0.0037762 0)
(-0.0795756 0.00266056 0)
(-0.0849483 0.00124725 0)
(-0.0858987 -0.000381712 0)
(-0.082063 -0.00209215 0)
(-0.0735329 -0.00369107 0)
(-0.0609757 -0.00494047 0)
(-0.0456919 -0.0055916 0)
(-0.0295624 -0.00543737 0)
(-0.0148478 -0.00437562 0)
(-0.00382806 -0.00247449 0)
(0.00171759 -0.000111909 0)
(0.00147462 0.00142653 0)
(-0.000577683 -0.000497143 0)
(-0.00843283 0.00833497 0)
(-0.0283494 0.0173971 0)
(-0.0570276 0.0236483 0)
(-0.0907098 0.026737 0)
(-0.125898 0.0269414 0)
(-0.159339 0.0246401 0)
(-0.188132 0.0201752 0)
(-0.209771 0.0138574 0)
(-0.222202 0.00605087 0)
(-0.223958 -0.00272699 0)
(-0.214371 -0.0117366 0)
(-0.193826 -0.0200089 0)
(-0.163946 -0.0264208 0)
(-0.127666 -0.0298567 0)
(-0.0890645 -0.0294475 0)
(-0.0528965 -0.0248529 0)
(-0.0238115 -0.0165394 0)
(-0.00553753 -0.00618675 0)
(0.000254673 0.00189787 0)
(-0.00288496 0.00609493 0)
(-0.0189298 0.0286071 0)
(-0.0524183 0.0492111 0)
(-0.097235 0.0632892 0)
(-0.147999 0.0700235 0)
(-0.200058 0.0697972 0)
(-0.249003 0.0633372 0)
(-0.290838 0.0514269 0)
(-0.322103 0.0348922 0)
(-0.339985 0.014745 0)
(-0.342509 -0.00763672 0)
(-0.328803 -0.0303892 0)
(-0.299399 -0.0511724 0)
(-0.25647 -0.0673501 0)
(-0.203915 -0.0763596 0)
(-0.147174 -0.0762488 0)
(-0.0926356 -0.0663088 0)
(-0.0466565 -0.0476714 0)
(-0.014918 -0.0239214 0)
(-0.00163687 -0.00263376 0)
(-0.00494939 0.018376 0)
(-0.0287858 0.0605859 0)
(-0.0753393 0.0958314 0)
(-0.135249 0.119124 0)
(-0.201421 0.129629 0)
(-0.26827 0.128022 0)
(-0.330589 0.115491 0)
(-0.383667 0.0933655 0)
(-0.423422 0.0631213 0)
(-0.446512 0.0265877 0)
(-0.45054 -0.0137877 0)
(-0.434348 -0.0547649 0)
(-0.398362 -0.0923306 0)
(-0.344897 -0.121983 0)
(-0.278345 -0.139321 0)
(-0.205076 -0.140921 0)
(-0.132864 -0.125386 0)
(-0.0698462 -0.0943185 0)
(-0.0241568 -0.0531023 0)
(-0.00333991 -0.0121785 0)
(-0.00673709 0.0357086 0)
(-0.0377038 0.103322 0)
(-0.0964833 0.155939 0)
(-0.170475 0.189344 0)
(-0.250857 0.203363 0)
(-0.331222 0.199333 0)
(-0.405783 0.179084 0)
(-0.469367 0.144591 0)
(-0.517485 0.0980308 0)
(-0.546393 0.042087 0)
(-0.553258 -0.0196824 0)
(-0.536468 -0.0825909 0)
(-0.496027 -0.140812 0)
(-0.433979 -0.187722 0)
(-0.354789 -0.216679 0)
(-0.265465 -0.222243 0)
(-0.175144 -0.201725 0)
(-0.0940707 -0.156658 0)
(-0.0334803 -0.0938503 0)
(-0.00490564 -0.0264391 0)
(-0.00830762 0.0575459 0)
(-0.0457362 0.155994 0)
(-0.115758 0.228673 0)
(-0.202737 0.273064 0)
(-0.296218 0.290356 0)
(-0.38908 0.282993 0)
(-0.475136 0.253695 0)
(-0.548952 0.205174 0)
(-0.605805 0.140301 0)
(-0.641627 0.0625456 0)
(-0.653113 -0.023521 0)
(-0.638002 -0.111837 0)
(-0.595529 -0.194733 0)
(-0.527014 -0.263245 0)
(-0.436515 -0.308 0)
(-0.331337 -0.32078 0)
(-0.221928 -0.296654 0)
(-0.121022 -0.236204 0)
(-0.0437588 -0.147159 0)
(-0.00656949 -0.0455494 0)
(-0.00970432 0.0834186 0)
(-0.0529464 0.217705 0)
(-0.133126 0.312976 0)
(-0.231828 0.369191 0)
(-0.337111 0.38959 0)
(-0.441293 0.378212 0)
(-0.537979 0.338938 0)
(-0.621688 0.275306 0)
(-0.687646 0.190822 0)
(-0.731578 0.0895723 0)
(-0.749702 -0.0230919 0)
(-0.738949 -0.139959 0)
(-0.697449 -0.251634 0)
(-0.625289 -0.34668 0)
(-0.525514 -0.412475 0)
(-0.405161 -0.437039 0)
(-0.275719 -0.411858 0)
(-0.152675 -0.335199 0)
(-0.0560499 -0.2149 0)
(-0.00860586 -0.0702148 0)
(-0.0109511 0.112897 0)
(-0.0593644 0.287499 0)
(-0.1485 0.407582 0)
(-0.257376 0.4763 0)
(-0.372734 0.499644 0)
(-0.48652 0.483769 0)
(-0.592376 0.434014 0)
(-0.685038 0.354829 0)
(-0.759933 0.250256 0)
(-0.812783 0.12474 0)
(-0.839432 -0.0159525 0)
(-0.835956 -0.163865 0)
(-0.799119 -0.308196 0)
(-0.727249 -0.435093 0)
(-0.621605 -0.528259 0)
(-0.488066 -0.570842 0)
(-0.338451 -0.548959 0)
(-0.190925 -0.45649 0)
(-0.0714755 -0.29989 0)
(-0.0113151 -0.10176 0)
(-0.0120721 0.145567 0)
(-0.0650345 0.364366 0)
(-0.161803 0.510995 0)
(-0.278917 0.592526 0)
(-0.40195 0.618464 0)
(-0.522716 0.597667 0)
(-0.635202 0.537273 0)
(-0.734712 0.442739 0)
(-0.817234 0.318523 0)
(-0.87882 0.169113 0)
(-0.915216 0.000207523 0)
(-0.921784 -0.180082 0)
(-0.893833 -0.360139 0)
(-0.827492 -0.524082 0)
(-0.721354 -0.651796 0)
(-0.578864 -0.72052 0)
(-0.410808 -0.708813 0)
(-0.237289 -0.603128 0)
(-0.0911844 -0.405808 0)
(-0.0150449 -0.142155 0)
(-0.0131356 0.181066 0)
(-0.07015 0.447291 0)
(-0.173173 0.621458 0)
(-0.296126 0.715394 0)
(-0.423522 0.743056 0)
(-0.547349 0.716705 0)
(-0.662356 0.645681 0)
(-0.764869 0.536578 0)
(-0.851911 0.394154 0)
(-0.92036 0.222601 0)
(-0.966342 0.026997 0)
(-0.98492 -0.185158 0)
(-0.970147 -0.402332 0)
(-0.915759 -0.607468 0)
(-0.816854 -0.777054 0)
(-0.672856 -0.881789 0)
(-0.491356 -0.890342 0)
(-0.292522 -0.777554 0)
(-0.116345 -0.536916 0)
(-0.0202375 -0.194052 0)
(-0.0143291 0.219218 0)
(-0.0752755 0.535418 0)
(-0.183289 0.736973 0)
(-0.309158 0.841657 0)
(-0.436427 0.869162 0)
(-0.557709 0.836034 0)
(-0.669078 0.754291 0)
(-0.768458 0.631823 0)
(-0.8545 0.473601 0)
(-0.925533 0.283215 0)
(-0.978752 0.0645542 0)
(-1.00962 -0.176352 0)
(-1.01156 -0.429249 0)
(-0.976157 -0.677318 0)
(-0.894528 -0.894915 0)
(-0.760439 -1.0465 0)
(-0.575348 -1.08892 0)
(-0.356012 -0.980267 0)
(-0.148114 -0.697539 0)
(-0.0275045 -0.260875 0)
(-0.0160893 0.260353 0)
(-0.0816824 0.628388 0)
(-0.193782 0.855382 0)
(-0.319 0.967117 0)
(-0.440105 0.990911 0)
(-0.551098 0.948723 0)
(-0.650173 0.855757 0)
(-0.737569 0.721351 0)
(-0.814224 0.550626 0)
(-0.880612 0.346326 0)
(-0.935805 0.110678 0)
(-0.976636 -0.152596 0)
(-0.996926 -0.435864 0)
(-0.987022 -0.724486 0)
(-0.934298 -0.993004 0)
(-0.82568 -1.20146 0)
(-0.653164 -1.29442 0)
(-0.424779 -1.20782 0)
(-0.187494 -0.891112 0)
(-0.0377341 -0.346961 0)
(-0.0193294 0.305912 0)
(-0.0918336 0.726857 0)
(-0.207639 0.974383 0)
(-0.327565 1.08627 0)
(-0.434257 1.10035 0)
(-0.524479 1.0453 0)
(-0.599708 0.939953 0)
(-0.663346 0.795112 0)
(-0.719272 0.615944 0)
(-0.770723 0.404174 0)
(-0.819398 0.160078 0)
(-0.86453 -0.115546 0)
(-0.90174 -0.418935 0)
(-0.921742 -0.739843 0)
(-0.909515 -1.05633 0)
(-0.845172 -1.32789 0)
(-0.708438 -1.48903 0)
(-0.491863 -1.44995 0)
(-0.234916 -1.11846 0)
(-0.0522158 -0.457767 0)
(-0.0258346 0.359521 0)
(-0.110015 0.833058 0)
(-0.229265 1.09115 0)
(-0.33687 1.19148 0)
(-0.417334 1.1866 0)
(-0.472656 1.11321 0)
(-0.509248 0.993747 0)
(-0.534595 0.840161 0)
(-0.556012 0.657368 0)
(-0.579822 0.445936 0)
(-0.610775 0.204127 0)
(-0.651285 -0.0703816 0)
(-0.700165 -0.378456 0)
(-0.750655 -0.716204 0)
(-0.787991 -1.06908 0)
(-0.787554 -1.40199 0)
(-0.716017 -1.64574 0)
(-0.5438 -1.68595 0)
(-0.289078 -1.37465 0)
(-0.0726536 -0.599869 0)
(-0.038847 0.428748 0)
(-0.142813 0.950953 0)
(-0.263113 1.20081 0)
(-0.345617 1.27111 0)
(-0.381832 1.23449 0)
(-0.383169 1.13613 0)
(-0.363012 1.00107 0)
(-0.333653 0.841308 0)
(-0.305862 0.660823 0)
(-0.288779 0.458797 0)
(-0.28995 0.231643 0)
(-0.315071 -0.0257295 0)
(-0.367007 -0.318696 0)
(-0.443638 -0.650647 0)
(-0.534169 -1.01777 0)
(-0.61395 -1.39765 0)
(-0.639806 -1.72845 0)
(-0.556605 -1.88087 0)
(-0.343862 -1.64382 0)
(-0.100496 -0.780194 0)
(-0.0633801 0.528012 0)
(-0.197743 1.08447 0)
(-0.307415 1.29212 0)
(-0.338922 1.30564 0)
(-0.302507 1.22233 0)
(-0.224803 1.0935 0)
(-0.127666 0.943785 0)
(-0.0278699 0.782967 0)
(0.0614143 0.612779 0)
(0.129521 0.430616 0)
(0.167355 0.231368 0)
(0.166891 0.00809172 0)
(0.121498 -0.247849 0)
(0.0274992 -0.546239 0)
(-0.111992 -0.895208 0)
(-0.279315 -1.29137 0)
(-0.430413 -1.69493 0)
(-0.489282 -1.98319 0)
(-0.380981 -1.89244 0)
(-0.133762 -1.00507 0)
(-0.103831 0.684427 0)
(-0.273645 1.22908 0)
(-0.332683 1.33449 0)
(-0.261552 1.25844 0)
(-0.110825 1.11771 0)
(0.0739782 0.960237 0)
(0.264712 0.803898 0)
(0.443303 0.652687 0)
(0.597273 0.504425 0)
(0.717151 0.354341 0)
(0.79464 0.196324 0)
(0.821454 0.0229279 0)
(0.788879 -0.175449 0)
(0.688116 -0.411889 0)
(0.512653 -0.703774 0)
(0.265874 -1.06851 0)
(-0.0223344 -1.50248 0)
(-0.274244 -1.92369 0)
(-0.356004 -2.05939 0)
(-0.157288 -1.27881 0)
(-0.146943 0.938123 0)
(-0.32079 1.34153 0)
(-0.218846 1.24899 0)
(0.0422582 1.06228 0)
(0.350676 0.876513 0)
(0.655841 0.712067 0)
(0.935803 0.571124 0)
(1.17936 0.448919 0)
(1.38026 0.338778 0)
(1.53411 0.234216 0)
(1.63636 0.129142 0)
(1.68103 0.0172274 0)
(1.65996 -0.10933 0)
(1.56187 -0.262224 0)
(1.37216 -0.460717 0)
(1.07628 -0.735471 0)
(0.672167 -1.12282 0)
(0.199433 -1.61918 0)
(-0.17212 -2.02828 0)
(-0.114842 -1.56477 0)
(-0.0399655 1.20986 0)
(-0.0590969 1.25646 0)
(0.40491 0.923668 0)
(0.927811 0.673914 0)
(1.37681 0.500213 0)
(1.75002 0.37432 0)
(2.05745 0.281085 0)
(2.3055 0.209465 0)
(2.49912 0.15096 0)
(2.64152 0.0994627 0)
(2.73348 0.050474 0)
(2.77301 0.000174121 0)
(2.75485 -0.0556248 0)
(2.66915 -0.123383 0)
(2.49902 -0.21529 0)
(2.21711 -0.357162 0)
(1.78125 -0.601616 0)
(1.13888 -1.02454 0)
(0.412962 -1.59384 0)
(0.197305 -1.59982 0)
(1.36533 0.671005 0)
(1.74636 0.594299 0)
(2.44036 0.376624 0)
(2.98565 0.236838 0)
(3.33948 0.153661 0)
(3.58124 0.101703 0)
(3.75645 0.0682872 0)
(3.88478 0.0459708 0)
(3.97685 0.0299688 0)
(4.03893 0.017319 0)
(4.0741 0.00618988 0)
(4.08293 -0.00466444 0)
(4.06376 -0.0163788 0)
(4.01211 -0.0305731 0)
(3.91851 -0.050431 0)
(3.76257 -0.0838234 0)
(3.49671 -0.15165 0)
(2.99304 -0.302487 0)
(2.16481 -0.591825 0)
(1.57177 -0.737196 0)
)
;

boundaryField
{
    movingWall
    {
        type            fixedValue;
        value           uniform (4.8 0 0);
    }
    fixedWalls
    {
        type            noSlip;
    }
    frontAndBack
    {
        type            empty;
    }
}


// ************************************************************************* //
