/*--------------------------------*- C++ -*----------------------------------*\
  =========                 |
  \\      /  F ield         | OpenFOAM: The Open Source CFD Toolbox
   \\    /   O peration     | Website:  https://openfoam.org
    \\  /    A nd           | Version:  8
     \\/     M anipulation  |
\*---------------------------------------------------------------------------*/
FoamFile
{
    version     2.0;
    format      ascii;
    class       volScalarField;
    location    "0.2";
    object      p;
}
// * * * * * * * * * * * * * * * * * * * * * * * * * * * * * * * * * * * * * //

dimensions      [0 2 -2 0 0 0 0];

internalField   nonuniform List<scalar> 
400
(
3.29269e-05
-0.0233225
-0.0510426
-0.0718513
-0.0797365
-0.0721567
-0.0487963
-0.0107915
0.0396183
0.0991431
0.163423
0.227125
0.284304
0.329073
0.356575
0.364128
0.352365
0.326111
0.294756
0.27175
0.0232942
-0.000904925
-0.0225538
-0.0366825
-0.0408471
-0.0333345
-0.0137614
0.0171617
0.057843
0.105806
0.157659
0.209194
0.255686
0.292471
0.315732
0.323412
0.316068
0.297231
0.272444
0.24906
0.0526723
0.0192674
-0.00389958
-0.0165877
-0.0199349
-0.0132623
0.00356711
0.0299891
0.0648458
0.106257
0.151488
0.196967
0.238517
0.271858
0.293324
0.300711
0.294112
0.275998
0.248791
0.216044
0.0772779
0.0316204
0.00324528
-0.0109896
-0.0153187
-0.0100025
0.00479248
0.0285474
0.060427
0.0990039
0.141984
0.186102
0.227264
0.260992
0.28314
0.290793
0.283282
0.262197
0.227667
0.181303
0.0893262
0.0313306
-0.00310194
-0.0198427
-0.0258022
-0.0220025
-0.00882312
0.013309
0.0438946
0.0819387
0.125521
0.171548
0.215783
0.25322
0.278808
0.288478
0.280472
0.255465
0.211684
0.149771
0.082735
0.0130592
-0.0274329
-0.0469438
-0.0547207
-0.0523778
-0.0403831
-0.018973
0.0117623
0.0513126
0.0981543
0.149338
0.200361
0.245439
0.27821
0.292942
0.286307
0.257791
0.203734
0.124369
0.0523297
-0.0281841
-0.0743676
-0.0965339
-0.106045
-0.104988
-0.093802
-0.0724097
-0.0403639
0.00244468
0.0550222
0.114661
0.176597
0.234099
0.279094
0.303553
0.30185
0.271652
0.206894
0.10756
-0.00663052
-0.0971072
-0.148377
-0.172787
-0.183734
-0.183737
-0.173122
-0.151363
-0.117297
-0.0699644
-0.00956376
0.0617048
0.139002
0.214625
0.278437
0.319354
0.328403
0.300287
0.225276
0.102774
-0.0986842
-0.198323
-0.253872
-0.279779
-0.291583
-0.292308
-0.282136
-0.259969
-0.223705
-0.171224
-0.101514
-0.0158052
0.08141
0.181686
0.272617
0.339261
0.36789
0.348405
0.265113
0.115812
-0.228282
-0.336479
-0.39516
-0.421196
-0.432691
-0.433414
-0.423463
-0.401064
-0.36294
-0.305414
-0.225733
-0.123488
-0.00209921
0.129834
0.257787
0.362288
0.423185
0.422912
0.336031
0.156488
-0.40003
-0.516518
-0.576422
-0.599922
-0.608688
-0.607735
-0.597226
-0.574645
-0.535283
-0.47348
-0.384116
-0.264303
-0.115361
0.0550264
0.230955
0.388262
0.498743
0.533874
0.452718
0.240938
-0.619462
-0.744339
-0.801818
-0.817539
-0.818768
-0.812591
-0.799456
-0.776017
-0.735844
-0.670845
-0.572887
-0.435691
-0.257228
-0.0426977
0.192196
0.419439
0.601825
0.695946
0.637293
0.395191
-0.89505
-1.02819
-1.07577
-1.0737
-1.05853
-1.0405
-1.02048
-0.99402
-0.95258
-0.885139
-0.779951
-0.626505
-0.418135
-0.155645
0.147953
0.463204
0.744606
0.930495
0.922786
0.661114
-1.24307
-1.38138
-1.40331
-1.36517
-1.31857
-1.27779
-1.24365
-1.20995
-1.16528
-1.09509
-0.983504
-0.815119
-0.57758
-0.265373
0.114385
0.535118
0.946698
1.26832
1.35834
1.10698
-1.69864
-1.82687
-1.78971
-1.68382
-1.58256
-1.50329
-1.44491
-1.39779
-1.34642
-1.27184
-1.15352
-0.970802
-0.70499
-0.342739
0.118096
0.659946
1.23599
1.75117
2.01529
1.84452
-2.3382
-2.40387
-2.23847
-2.01336
-1.8251
-1.68778
-1.59374
-1.5267
-1.46491
-1.38379
-1.2576
-1.06026
-0.766481
-0.354134
0.191188
0.868126
1.64571
2.42874
2.98856
3.04736
-3.32554
-3.17451
-2.74854
-2.32896
-2.01334
-1.79749
-1.65853
-1.56798
-1.49451
-1.40647
-1.27242
-1.0608
-0.739588
-0.277069
0.356429
1.18364
2.20504
3.35003
4.39559
4.97953
-5.06672
-4.22092
-3.28501
-2.57864
-2.09801
-1.79173
-1.60946
-1.50169
-1.42343
-1.33488
-1.19914
-0.979748
-0.638438
-0.132961
0.585496
1.57386
2.88437
4.51759
6.39789
8.1868
-8.71007
-5.57041
-3.57755
-2.5241
-1.91162
-1.56024
-1.37921
-1.29256
-1.24096
-1.17877
-1.06674
-0.866533
-0.537239
-0.0287893
0.726006
1.82622
3.41086
5.6739
9.10197
13.9216
-15.5884
-6.86788
-3.05886
-1.78985
-1.242
-0.989637
-0.912784
-0.922147
-0.953968
-0.964787
-0.91944
-0.783977
-0.520389
-0.0818271
0.600513
1.64762
3.30088
6.11769
11.777
22.3621
)
;

boundaryField
{
    movingWall
    {
        type            zeroGradient;
    }
    fixedWalls
    {
        type            zeroGradient;
    }
    frontAndBack
    {
        type            empty;
    }
}


// ************************************************************************* //
