/*--------------------------------*- C++ -*----------------------------------*\
  =========                 |
  \\      /  F ield         | OpenFOAM: The Open Source CFD Toolbox
   \\    /   O peration     | Website:  https://openfoam.org
    \\  /    A nd           | Version:  8
     \\/     M anipulation  |
\*---------------------------------------------------------------------------*/
FoamFile
{
    version     2.0;
    format      ascii;
    class       surfaceScalarField;
    location    "0.2";
    object      phi;
}
// * * * * * * * * * * * * * * * * * * * * * * * * * * * * * * * * * * * * * //

dimensions      [0 3 -1 0 0 0 0];

internalField   nonuniform List<scalar> 
760
(
5.14245e-08
-5.16968e-08
-1.02441e-07
1.53864e-07
-4.70717e-07
3.68284e-07
-9.84344e-07
5.13626e-07
-1.56876e-06
5.84415e-07
-2.15755e-06
5.88795e-07
-2.69422e-06
5.36661e-07
-3.13111e-06
4.36888e-07
-3.42846e-06
2.97351e-07
-3.55512e-06
1.26661e-07
-3.49137e-06
-6.37522e-08
-3.23322e-06
-2.58147e-07
-2.797e-06
-4.36225e-07
-2.22256e-06
-5.74432e-07
-1.57354e-06
-6.49019e-07
-9.3291e-07
-6.40628e-07
-3.92942e-07
-5.39966e-07
-3.93423e-08
-3.53597e-07
7.50017e-08
-1.14339e-07
7.50065e-08
-1.50734e-07
9.90215e-08
-7.51736e-07
7.54875e-07
-1.76668e-06
1.38323e-06
-3.06903e-06
1.81598e-06
-4.50955e-06
2.02494e-06
-5.94305e-06
2.0223e-06
-7.2386e-06
1.83222e-06
-8.28304e-06
1.48133e-06
-8.9829e-06
9.97213e-07
-9.26812e-06
4.11878e-07
-9.09831e-06
-2.33562e-07
-8.47084e-06
-8.85619e-07
-7.42864e-06
-1.47843e-06
-6.06474e-06
-1.93833e-06
-4.52043e-06
-2.19333e-06
-2.97387e-06
-2.18719e-06
-1.61723e-06
-1.89661e-06
-6.22245e-07
-1.34858e-06
-9.42676e-08
-6.42326e-07
-1.92573e-08
-3.91178e-07
4.90204e-07
-1.4735e-06
1.8372e-06
-3.10367e-06
3.0134e-06
-5.09326e-06
3.80557e-06
-7.2393e-06
4.17097e-06
-9.34533e-06
4.12832e-06
-1.12324e-05
3.7193e-06
-1.27446e-05
2.99355e-06
-1.37534e-05
2.00595e-06
-1.41631e-05
8.21642e-07
-1.39199e-05
-4.76795e-07
-1.30211e-05
-1.78441e-06
-1.1525e-05
-2.97448e-06
-9.55645e-06
-3.90692e-06
-7.30414e-06
-4.44563e-06
-5.00715e-06
-4.48418e-06
-2.92648e-06
-3.97728e-06
-1.30351e-06
-2.97155e-06
-3.09764e-07
-1.63607e-06
-3.2902e-07
-6.10606e-07
1.10082e-06
-2.15658e-06
3.38317e-06
-4.3723e-06
5.22912e-06
-6.99458e-06
6.42785e-06
-9.76918e-06
6.94558e-06
-1.24603e-05
6.8194e-06
-1.48561e-05
6.11518e-06
-1.67729e-05
4.91032e-06
-1.80584e-05
3.29145e-06
-1.85984e-05
1.36162e-06
-1.83257e-05
-7.4952e-07
-1.72314e-05
-2.87866e-06
-1.53767e-05
-4.82921e-06
-1.29008e-05
-6.38285e-06
-1.0022e-05
-7.32437e-06
-7.02627e-06
-7.47995e-06
-4.2386e-06
-6.76494e-06
-1.9795e-06
-5.23065e-06
-5.12239e-07
-3.10333e-06
-8.41259e-07
-8.07036e-07
1.90785e-06
-2.78591e-06
5.36204e-06
-5.55268e-06
7.99589e-06
-8.76564e-06
9.64082e-06
-1.21201e-05
1.03001e-05
-1.53471e-05
1.00464e-05
-1.82116e-05
8.97964e-06
-2.05112e-05
7.20991e-06
-2.20772e-05
4.85754e-06
-2.27796e-05
2.06394e-06
-2.25349e-05
-9.94194e-07
-2.13194e-05
-4.09411e-06
-1.91835e-05
-6.96513e-06
-1.62653e-05
-9.30103e-06
-1.27992e-05
-1.07905e-05
-9.11096e-06
-1.11681e-05
-5.59484e-06
-1.02811e-05
-2.66767e-06
-8.15782e-06
-7.08466e-07
-5.06253e-06
-1.54973e-06
-9.85079e-07
2.89293e-06
-3.36489e-06
7.74185e-06
-6.64581e-06
1.12768e-05
-1.04096e-05
1.34046e-05
-1.43037e-05
1.41942e-05
-1.80315e-05
1.37742e-05
-2.13419e-05
1.22901e-05
-2.40217e-05
9.88968e-06
-2.58911e-05
6.72692e-06
-2.68051e-05
2.97797e-06
-2.66605e-05
-1.13878e-06
-2.54088e-05
-5.34579e-06
-2.3075e-05
-9.29901e-06
-1.97789e-05
-1.25971e-05
-1.57558e-05
-1.48137e-05
-1.13643e-05
-1.55596e-05
-7.07347e-06
-1.45719e-05
-3.41699e-06
-1.18143e-05
-9.18346e-07
-7.56117e-06
-2.46807e-06
-1.14861e-06
4.04154e-06
-3.89849e-06
1.04917e-05
-7.65351e-06
1.50318e-05
-1.19228e-05
1.76739e-05
-1.63107e-05
1.8582e-05
-2.04994e-05
1.79629e-05
-2.423e-05
1.60207e-05
-2.72864e-05
1.29461e-05
-2.94839e-05
8.92441e-06
-3.06654e-05
4.15944e-06
-3.07048e-05
-1.09938e-06
-2.95198e-05
-6.53077e-06
-2.70942e-05
-1.17246e-05
-2.35092e-05
-1.6182e-05
-1.89794e-05
-1.93435e-05
-1.38815e-05
-2.06575e-05
-8.75951e-06
-1.96939e-05
-4.28511e-06
-1.62887e-05
-1.16451e-06
-1.06818e-05
-3.63259e-06
-1.30018e-06
5.34172e-06
-4.38979e-06
1.35814e-05
-8.57293e-06
1.9215e-05
-1.32894e-05
2.23903e-05
-1.81063e-05
2.33989e-05
-2.26936e-05
2.25502e-05
-2.67952e-05
2.01224e-05
-3.02028e-05
1.63536e-05
-3.27362e-05
1.14579e-05
-3.42324e-05
5.65564e-06
-3.45436e-05
-7.88252e-07
-3.35472e-05
-7.52717e-06
-3.11706e-05
-1.41011e-05
-2.74319e-05
-1.99207e-05
-2.24943e-05
-2.42812e-05
-1.67239e-05
-2.64279e-05
-1.07269e-05
-2.56909e-05
-5.32943e-06
-2.16862e-05
-1.47042e-06
-1.45408e-05
-5.103e-06
-1.44228e-06
6.78399e-06
-4.8418e-06
1.69809e-05
-9.39826e-06
2.37714e-05
-1.44824e-05
2.74745e-05
-1.96313e-05
2.85478e-05
-2.45145e-05
2.74334e-05
-2.88932e-05
2.4501e-05
-3.25819e-05
2.00423e-05
-3.54195e-05
1.42955e-05
-3.72488e-05
7.48502e-06
-3.79079e-05
-1.29214e-07
-3.72338e-05
-8.20124e-06
-3.5086e-05
-1.6249e-05
-3.13926e-05
-2.36141e-05
-2.62247e-05
-2.94491e-05
-1.98902e-05
-3.27623e-05
-1.30215e-05
-3.25597e-05
-6.60138e-06
-2.81063e-05
-1.86033e-06
-1.92818e-05
-6.96333e-06
-1.58049e-06
8.36448e-06
-5.26407e-06
2.06645e-05
-1.01286e-05
2.8636e-05
-1.54715e-05
3.28174e-05
-2.08084e-05
3.38847e-05
-2.5825e-05
3.24501e-05
-3.03193e-05
2.89953e-05
-3.41495e-05
2.38725e-05
-3.71935e-05
1.73395e-05
-3.93197e-05
9.6112e-06
-4.03678e-05
9.18878e-07
-4.01442e-05
-8.4248e-06
-3.84371e-05
-1.7956e-05
-3.50621e-05
-2.69891e-05
-2.99498e-05
-3.45614e-05
-2.328e-05
-3.9432e-05
-1.56404e-05
-4.01993e-05
-8.14093e-06
-3.56057e-05
-2.36064e-06
-2.50621e-05
-9.32397e-06
-1.72903e-06
1.00935e-05
-5.68351e-06
2.46189e-05
-1.07801e-05
3.37326e-05
-1.62328e-05
3.827e-05
-2.15496e-05
3.92014e-05
-2.64563e-05
3.73568e-05
-3.0814e-05
3.33531e-05
-3.45512e-05
2.76096e-05
-3.76111e-05
2.03995e-05
-3.99137e-05
1.19138e-05
-4.13266e-05
2.3318e-06
-4.16478e-05
-8.1036e-06
-4.06058e-05
-1.89981e-05
-3.78925e-05
-2.97025e-05
-3.32515e-05
-3.92024e-05
-2.66454e-05
-4.60382e-05
-1.85009e-05
-4.83438e-05
-9.96757e-06
-4.4139e-05
-3.00205e-06
-3.20277e-05
-1.2326e-05
-1.9196e-06
1.20131e-05
-6.15933e-06
2.88587e-05
-1.13987e-05
3.8972e-05
-1.67565e-05
4.36278e-05
-2.17585e-05
4.42034e-05
-2.62075e-05
4.18059e-05
-3.0064e-05
3.72095e-05
-3.3358e-05
3.09036e-05
-3.61283e-05
2.31698e-05
-3.8377e-05
1.41625e-05
-4.00334e-05
3.9882e-06
-4.09228e-05
-7.21426e-06
-4.07453e-05
-1.91755e-05
-3.9082e-05
-3.13658e-05
-3.54604e-05
-4.2824e-05
-2.95304e-05
-5.19682e-05
-2.13941e-05
-5.64801e-05
-1.2063e-05
-5.34701e-05
-3.82246e-06
-4.02682e-05
-1.61485e-05
-2.21587e-06
1.4229e-05
-6.80051e-06
3.34433e-05
-1.20667e-05
4.42381e-05
-1.7037e-05
4.85982e-05
-2.13093e-05
4.84757e-05
-2.48223e-05
4.53189e-05
-2.76829e-05
4.00701e-05
-3.00584e-05
3.32792e-05
-3.21112e-05
2.52226e-05
-3.39544e-05
1.60058e-05
-3.56138e-05
5.64755e-06
-3.69868e-05
-5.84121e-06
-3.77984e-05
-1.8364e-05
-3.75654e-05
-3.15988e-05
-3.56104e-05
-4.4779e-05
-3.11995e-05
-5.63791e-05
-2.39154e-05
-6.37642e-05
-1.43372e-05
-6.30483e-05
-4.86952e-06
-4.97359e-05
-2.1018e-05
-2.73608e-06
1.69651e-05
-7.778e-06
3.84853e-05
-1.28775e-05
4.93376e-05
-1.70131e-05
5.27338e-05
-1.99666e-05
5.14292e-05
-2.1905e-05
4.72572e-05
-2.31403e-05
4.13053e-05
-2.40095e-05
3.41484e-05
-2.48167e-05
2.60298e-05
-2.58013e-05
1.69903e-05
-2.71095e-05
6.95584e-06
-2.87541e-05
-4.19665e-06
-3.05514e-05
-1.65667e-05
-3.20409e-05
-3.01092e-05
-3.24165e-05
-4.44035e-05
-3.05603e-05
-5.82353e-05
-2.53616e-05
-6.89628e-05
-1.65595e-05
-7.18504e-05
-6.19586e-06
-6.00996e-05
-2.72139e-05
-3.68207e-06
2.06471e-05
-9.29985e-06
4.4103e-05
-1.38204e-05
5.38582e-05
-1.63837e-05
5.52971e-05
-1.71733e-05
5.22189e-05
-1.67154e-05
4.67992e-05
-1.55859e-05
4.01759e-05
-1.43053e-05
3.28678e-05
-1.33107e-05
2.50353e-05
-1.29548e-05
1.66344e-05
-1.35014e-05
7.5024e-06
-1.50995e-05
-2.59847e-06
-1.77202e-05
-1.39459e-05
-2.10414e-05
-2.67881e-05
-2.42858e-05
-4.11591e-05
-2.60823e-05
-5.64388e-05
-2.45738e-05
-7.04714e-05
-1.82111e-05
-7.82131e-05
-7.81856e-06
-7.04921e-05
-3.50324e-05
-5.33752e-06
2.59846e-05
-1.14321e-05
5.01976e-05
-1.44087e-05
5.68348e-05
-1.41417e-05
5.50301e-05
-1.15819e-05
4.96591e-05
-7.75369e-06
4.2971e-05
-3.51294e-06
3.59351e-05
4.76346e-07
2.88785e-05
3.70321e-06
2.18084e-05
5.76036e-06
1.45772e-05
6.31306e-06
6.94971e-06
5.09545e-06
-1.38086e-06
1.95272e-06
-1.08032e-05
-3.04455e-06
-2.17908e-05
-9.37321e-06
-3.48304e-05
-1.57183e-05
-5.00937e-05
-1.96905e-05
-6.64992e-05
-1.8168e-05
-7.97356e-05
-9.5572e-06
-7.91029e-05
-4.45896e-05
-7.88786e-06
3.38725e-05
-1.33947e-05
5.57045e-05
-1.26578e-05
5.60979e-05
-7.53261e-06
4.99049e-05
-1.63823e-07
4.22903e-05
7.92771e-06
3.48795e-05
1.57381e-05
2.81247e-05
2.2613e-05
2.20036e-05
2.81033e-05
1.63181e-05
3.18613e-05
1.08191e-05
3.35745e-05
5.2366e-06
3.293e-05
-7.3644e-07
2.96203e-05
-7.49351e-06
2.34071e-05
-1.55775e-05
1.43316e-05
-2.57549e-05
3.17582e-06
-3.89379e-05
-7.78017e-06
-5.55432e-05
-1.41133e-05
-7.34024e-05
-1.0607e-05
-8.26092e-05
-5.51967e-05
-1.0585e-05
4.44575e-05
-1.12943e-05
5.64138e-05
-2.59485e-06
4.73984e-05
9.94198e-06
3.73681e-05
2.31457e-05
2.90866e-05
3.55326e-05
2.24926e-05
4.64008e-05
1.72565e-05
5.54144e-05
1.299e-05
6.23923e-05
9.34016e-06
6.71888e-05
6.02264e-06
6.96249e-05
2.80056e-06
6.94441e-05
-5.55632e-07
6.62789e-05
-4.32833e-06
5.96359e-05
-8.93453e-06
4.89678e-05
-1.50868e-05
3.40178e-05
-2.39879e-05
1.58126e-05
-3.7338e-05
-1.40357e-06
-5.61862e-05
-8.64457e-06
-7.53682e-05
-6.38412e-05
-6.43024e-06
5.08877e-05
9.11094e-06
4.08726e-05
3.09027e-05
2.56067e-05
5.11891e-05
1.70816e-05
6.83953e-05
1.18804e-05
8.24962e-05
8.39167e-06
9.37736e-05
5.97911e-06
0.00010253
4.23372e-06
0.000108995
2.87523e-06
0.000113294
1.724e-06
0.000115434
6.60114e-07
0.000115296
-4.1802e-07
0.000112581
-1.61269e-06
0.00010674
-3.09351e-06
9.68405e-05
-5.1876e-06
8.14751e-05
-8.62246e-06
5.91717e-05
-1.50347e-05
3.04907e-05
-2.75052e-05
3.8497e-06
-4.87272e-05
-5.99915e-05
5.08877e-05
9.17604e-05
0.000117367
0.000134449
0.000146329
0.000154721
0.0001607
0.000164934
0.000167809
0.000169533
0.000170193
0.000169775
0.000168162
0.000165069
0.000159881
0.000151259
0.000136224
0.000108719
5.99915e-05
)
;

boundaryField
{
    movingWall
    {
        type            calculated;
        value           uniform 0;
    }
    fixedWalls
    {
        type            calculated;
        value           uniform 0;
    }
    frontAndBack
    {
        type            empty;
        value           nonuniform List<scalar> 0();
    }
}


// ************************************************************************* //
