/*--------------------------------*- C++ -*----------------------------------*\
  =========                 |
  \\      /  F ield         | OpenFOAM: The Open Source CFD Toolbox
   \\    /   O peration     | Website:  https://openfoam.org
    \\  /    A nd           | Version:  8
     \\/     M anipulation  |
\*---------------------------------------------------------------------------*/
FoamFile
{
    version     2.0;
    format      ascii;
    class       volVectorField;
    location    "0.3";
    object      U;
}
// * * * * * * * * * * * * * * * * * * * * * * * * * * * * * * * * * * * * * //

dimensions      [0 1 -1 0 0 0 0];

internalField   nonuniform List<vector> 
400
(
(0.000958342 -0.000959338 0)
(0.00036025 0.000515572 0)
(-0.00501376 0.0022623 0)
(-0.0141185 0.00344794 0)
(-0.0253913 0.00403406 0)
(-0.0373902 0.00411482 0)
(-0.0488768 0.00378489 0)
(-0.0588071 0.00311634 0)
(-0.0663042 0.00216254 0)
(-0.0706504 0.000976625 0)
(-0.0713229 -0.000367551 0)
(-0.0680683 -0.00176022 0)
(-0.0609966 -0.00305073 0)
(-0.0506655 -0.00405658 0)
(-0.0381216 -0.00458658 0)
(-0.0248635 -0.00447731 0)
(-0.0126999 -0.00363926 0)
(-0.00348699 -0.00210792 0)
(0.0012687 -0.000161824 0)
(0.00119015 0.00115411 0)
(-0.000453384 -0.000455716 0)
(-0.00692575 0.00688393 0)
(-0.0234638 0.0144905 0)
(-0.0473792 0.0197742 0)
(-0.0755287 0.0223828 0)
(-0.104935 0.0225206 0)
(-0.132817 0.0205118 0)
(-0.156717 0.0166779 0)
(-0.174551 0.0113258 0)
(-0.18466 0.00480042 0)
(-0.185909 -0.0024471 0)
(-0.177831 -0.00981185 0)
(-0.160804 -0.0165296 0)
(-0.136182 -0.0217285 0)
(-0.106341 -0.024543 0)
(-0.0745553 -0.0242839 0)
(-0.0446478 -0.0206488 0)
(-0.020401 -0.0139427 0)
(-0.00495166 -0.00543144 0)
(0.000118633 0.00141316 0)
(-0.00234968 0.00495455 0)
(-0.0155889 0.0236677 0)
(-0.0433888 0.0409606 0)
(-0.0807334 0.052851 0)
(-0.123114 0.0585341 0)
(-0.166569 0.0582736 0)
(-0.207338 0.0526971 0)
(-0.242038 0.0425372 0)
(-0.267798 0.0285847 0)
(-0.282343 0.01177 0)
(-0.284137 -0.00671868 0)
(-0.272569 -0.0253548 0)
(-0.248163 -0.0422812 0)
(-0.212743 -0.0554381 0)
(-0.169484 -0.0628271 0)
(-0.122767 -0.0629002 0)
(-0.0777268 -0.0550333 0)
(-0.039514 -0.039999 0)
(-0.0128614 -0.0205074 0)
(-0.00149582 -0.00259057 0)
(-0.00404138 0.0150491 0)
(-0.0237206 0.050147 0)
(-0.0623814 0.0797404 0)
(-0.112314 0.099419 0)
(-0.167558 0.108283 0)
(-0.223342 0.106812 0)
(-0.275213 0.096039 0)
(-0.319185 0.0772072 0)
(-0.351867 0.051715 0)
(-0.370561 0.0212303 0)
(-0.373406 -0.01214 0)
(-0.359591 -0.0457346 0)
(-0.329593 -0.0763553 0)
(-0.285395 -0.100473 0)
(-0.230601 -0.114653 0)
(-0.170351 -0.116193 0)
(-0.110877 -0.103905 0)
(-0.0587214 -0.0788694 0)
(-0.0205808 -0.0451131 0)
(-0.00294075 -0.0108182 0)
(-0.00550871 0.029305 0)
(-0.0311117 0.0855634 0)
(-0.080002 0.129779 0)
(-0.141757 0.158019 0)
(-0.208932 0.169839 0)
(-0.276019 0.166243 0)
(-0.338047 0.148833 0)
(-0.390624 0.119461 0)
(-0.430021 0.0801897 0)
(-0.453221 0.0334719 0)
(-0.458041 -0.0176179 0)
(-0.443351 -0.0692118 0)
(-0.409354 -0.116649 0)
(-0.357881 -0.154729 0)
(-0.292651 -0.178278 0)
(-0.219339 -0.183038 0)
(-0.145236 -0.166804 0)
(-0.0785048 -0.130534 0)
(-0.0282705 -0.079231 0)
(-0.00425893 -0.0229856 0)
(-0.00681303 0.0472989 0)
(-0.0378552 0.129311 0)
(-0.0962761 0.190459 0)
(-0.169069 0.228009 0)
(-0.247349 0.242544 0)
(-0.324949 0.235977 0)
(-0.396514 0.210699 0)
(-0.457408 0.169266 0)
(-0.503701 0.114427 0)
(-0.532131 0.0493814 0)
(-0.540173 -0.0218807 0)
(-0.52624 -0.0943213 0)
(-0.490005 -0.161779 0)
(-0.432819 -0.217208 0)
(-0.358167 -0.253331 0)
(-0.272003 -0.263773 0)
(-0.182643 -0.244614 0)
(-0.100132 -0.196017 0)
(-0.0365943 -0.123513 0)
(-0.00563508 -0.0391419 0)
(-0.00800379 0.0687016 0)
(-0.0440587 0.180771 0)
(-0.111283 0.261049 0)
(-0.194234 0.308611 0)
(-0.282678 0.325647 0)
(-0.369893 0.315396 0)
(-0.450294 0.281291 0)
(-0.519172 0.226689 0)
(-0.572549 0.155002 0)
(-0.607014 0.0700716 0)
(-0.619702 -0.0233607 0)
(-0.608453 -0.119237 0)
(-0.572161 -0.209966 0)
(-0.51132 -0.286543 0)
(-0.428733 -0.339196 0)
(-0.330238 -0.358718 0)
(-0.224984 -0.338493 0)
(-0.125086 -0.276874 0)
(-0.046352 -0.179264 0)
(-0.00727979 -0.0597772 0)
(-0.00911472 0.0932479 0)
(-0.0498015 0.239332 0)
(-0.125058 0.340696 0)
(-0.217095 0.398817 0)
(-0.314432 0.41809 0)
(-0.409942 0.403547 0)
(-0.498008 0.359939 0)
(-0.574071 0.291528 0)
(-0.634316 0.202328 0)
(-0.675347 0.0966418 0)
(-0.694041 -0.0202994 0)
(-0.687622 -0.14171 0)
(-0.653994 -0.258787 0)
(-0.59239 -0.360592 0)
(-0.504362 -0.434525 0)
(-0.394984 -0.46772 0)
(-0.273743 -0.449572 0)
(-0.15479 -0.375119 0)
(-0.0583835 -0.248494 0)
(-0.00941929 -0.0858508 0)
(-0.0101792 0.120717 0)
(-0.0551701 0.304385 0)
(-0.137626 0.428401 0)
(-0.237383 0.497281 0)
(-0.341799 0.518313 0)
(-0.443539 0.498859 0)
(-0.53723 0.445307 0)
(-0.618765 0.362929 0)
(-0.684794 0.256268 0)
(-0.732208 0.129845 0)
(-0.757833 -0.0109837 0)
(-0.758365 -0.159147 0)
(-0.730617 -0.305061 0)
(-0.672193 -0.436109 0)
(-0.582707 -0.53672 0)
(-0.465532 -0.589573 0)
(-0.329532 -0.578468 0)
(-0.190404 -0.492942 0)
(-0.0735436 -0.33386 0)
(-0.012311 -0.118804 0)
(-0.0112655 0.150955 0)
(-0.0603625 0.37535 0)
(-0.149156 0.522969 0)
(-0.254877 0.602158 0)
(-0.363776 0.623976 0)
(-0.468592 0.598771 0)
(-0.56457 0.534946 0)
(-0.648467 0.438912 0)
(-0.717808 0.315649 0)
(-0.770177 0.169625 0)
(-0.802714 0.00587309 0)
(-0.811866 -0.168844 0)
(-0.79345 -0.344842 0)
(-0.743212 -0.508431 0)
(-0.658136 -0.641316 0)
(-0.53867 -0.721173 0)
(-0.391494 -0.724448 0)
(-0.232576 -0.632148 0)
(-0.0927075 -0.438474 0)
(-0.0162797 -0.160589 0)
(-0.0125392 0.183986 0)
(-0.0658657 0.451794 0)
(-0.160205 0.622991 0)
(-0.269629 0.710924 0)
(-0.379347 0.731646 0)
(-0.482599 0.699326 0)
(-0.57578 0.624832 0)
(-0.657047 0.515849 0)
(-0.725326 0.377713 0)
(-0.779414 0.214553 0)
(-0.817296 0.0305901 0)
(-0.835676 -0.168431 0)
(-0.829757 -0.373655 0)
(-0.793491 -0.571369 0)
(-0.720716 -0.741412 0)
(-0.607608 -0.856528 0)
(-0.456452 -0.884247 0)
(-0.28105 -0.793226 0)
(-0.116773 -0.565553 0)
(-0.0217767 -0.213732 0)
(-0.0143705 0.22026 0)
(-0.0727257 0.53367 0)
(-0.172017 0.726842 0)
(-0.282178 0.82014 0)
(-0.387567 0.836418 0)
(-0.482653 0.794736 0)
(-0.565751 0.7089 0)
(-0.637093 0.587995 0)
(-0.697611 0.437603 0)
(-0.747907 0.261248 0)
(-0.78745 0.0618786 0)
(-0.813908 -0.156523 0)
(-0.822587 -0.387039 0)
(-0.806172 -0.617434 0)
(-0.755307 -0.827344 0)
(-0.660754 -0.985737 0)
(-0.517737 -1.05054 0)
(-0.333998 -0.973909 0)
(-0.146612 -0.717787 0)
(-0.0294727 -0.281469 0)
(-0.0175256 0.26115 0)
(-0.0829337 0.621679 0)
(-0.186799 0.832583 0)
(-0.293503 0.925032 0)
(-0.38722 0.931395 0)
(-0.464952 0.876886 0)
(-0.528043 0.778644 0)
(-0.579613 0.647134 0)
(-0.623206 0.488015 0)
(-0.661767 0.303951 0)
(-0.696861 0.0962505 0)
(-0.727912 -0.133496 0)
(-0.751335 -0.381416 0)
(-0.759636 -0.638552 0)
(-0.741019 -0.886862 0)
(-0.680467 -1.09422 0)
(-0.563607 -1.21015 0)
(-0.386856 -1.16705 0)
(-0.182854 -0.896184 0)
(-0.0403837 -0.367953 0)
(-0.0234938 0.309821 0)
(-0.0999136 0.71763 0)
(-0.207634 0.937469 0)
(-0.304142 1.01861 0)
(-0.375342 1.00685 0)
(-0.423084 0.934763 0)
(-0.45328 0.822838 0)
(-0.472794 0.682547 0)
(-0.48823 0.519257 0)
(-0.505158 0.334506 0)
(-0.527581 0.127751 0)
(-0.55731 -0.10215 0)
(-0.592954 -0.35518 0)
(-0.628441 -0.627389 0)
(-0.651355 -0.906164 0)
(-0.642032 -1.16272 0)
(-0.575235 -1.34239 0)
(-0.430332 -1.3577 0)
(-0.225174 -1.09787 0)
(-0.0559581 -0.478419 0)
(-0.0349527 0.372639 0)
(-0.128806 0.824333 0)
(-0.237099 1.03641 0)
(-0.31103 1.0899 0)
(-0.343079 1.04893 0)
(-0.343722 0.953882 0)
(-0.325254 0.827628 0)
(-0.298879 0.681584 0)
(-0.274221 0.520072 0)
(-0.259186 0.343163 0)
(-0.259988 0.148444 0)
(-0.280934 -0.0678529 0)
(-0.323598 -0.309703 0)
(-0.38509 -0.579214 0)
(-0.455249 -0.872143 0)
(-0.513082 -1.16878 0)
(-0.524145 -1.41839 0)
(-0.446856 -1.5196 0)
(-0.270084 -1.31219 0)
(-0.0777141 -0.618873 0)
(-0.0559242 0.461445 0)
(-0.174998 0.943735 0)
(-0.271557 1.11796 0)
(-0.29867 1.12056 0)
(-0.265975 1.03792 0)
(-0.197594 0.91612 0)
(-0.113344 0.77756 0)
(-0.0282724 0.631436 0)
(0.0460875 0.479765 0)
(0.100735 0.320713 0)
(0.128354 0.150188 0)
(0.122888 -0.037544 0)
(0.079834 -0.249611 0)
(-0.0023619 -0.493811 0)
(-0.119104 -0.775761 0)
(-0.253699 -1.0904 0)
(-0.368947 -1.40243 0)
(-0.404321 -1.61212 0)
(-0.305041 -1.51495 0)
(-0.104994 -0.795668 0)
(-0.0894182 0.598208 0)
(-0.235409 1.06933 0)
(-0.282834 1.15331 0)
(-0.217321 1.07748 0)
(-0.0841414 0.945464 0)
(0.0763413 0.800282 0)
(0.23917 0.658076 0)
(0.388611 0.522535 0)
(0.514171 0.391887 0)
(0.608253 0.262087 0)
(0.664493 0.12787 0)
(0.676747 -0.017262 0)
(0.638727 -0.181684 0)
(0.544468 -0.376548 0)
(0.390603 -0.615763 0)
(0.182807 -0.911392 0)
(-0.0512447 -1.25577 0)
(-0.246007 -1.57755 0)
(-0.295951 -1.65934 0)
(-0.127315 -1.0152 0)
(-0.122127 0.813861 0)
(-0.264433 1.16056 0)
(-0.167459 1.07375 0)
(0.0634604 0.903882 0)
(0.331068 0.735749 0)
(0.591705 0.588076 0)
(0.826625 0.46277 0)
(1.02675 0.355458 0)
(1.18751 0.260202 0)
(1.30606 0.171305 0)
(1.37941 0.0834016 0)
(1.40339 -0.00916345 0)
(1.37192 -0.113459 0)
(1.27636 -0.239915 0)
(1.10568 -0.404966 0)
(0.849905 -0.632903 0)
(0.510878 -0.948966 0)
(0.126424 -1.34251 0)
(-0.162283 -1.65173 0)
(-0.100898 -1.25513 0)
(-0.0208182 1.03082 0)
(-0.0260983 1.07382 0)
(0.377627 0.786816 0)
(0.827427 0.567438 0)
(1.20892 0.414502 0)
(1.52126 0.304582 0)
(1.77391 0.224089 0)
(1.97342 0.163018 0)
(2.12503 0.113852 0)
(2.23242 0.0712731 0)
(2.29704 0.0313733 0)
(2.31788 -0.0092297 0)
(2.29096 -0.0544366 0)
(2.20818 -0.110176 0)
(2.05531 -0.187464 0)
(1.8097 -0.308357 0)
(1.43724 -0.514426 0)
(0.899304 -0.861235 0)
(0.306211 -1.31743 0)
(0.144168 -1.30744 0)
(1.14952 0.564115 0)
(1.47994 0.498955 0)
(2.07227 0.313179 0)
(2.53163 0.193956 0)
(2.82504 0.123511 0)
(3.02213 0.0800989 0)
(3.16225 0.0526043 0)
(3.26258 0.0345084 0)
(3.33262 0.0217194 0)
(3.37801 0.0117614 0)
(3.40164 0.00311959 0)
(3.40421 -0.00525056 0)
(3.38447 -0.0144059 0)
(3.3386 -0.0258324 0)
(3.25812 -0.0425566 0)
(3.12507 -0.0718062 0)
(2.89743 -0.131489 0)
(2.46772 -0.260526 0)
(1.77712 -0.499213 0)
(1.29414 -0.61239 0)
)
;

boundaryField
{
    movingWall
    {
        type            fixedValue;
        value           uniform (4 0 0);
    }
    fixedWalls
    {
        type            noSlip;
    }
    frontAndBack
    {
        type            empty;
    }
}


// ************************************************************************* //
