/*--------------------------------*- C++ -*----------------------------------*\
  =========                 |
  \\      /  F ield         | OpenFOAM: The Open Source CFD Toolbox
   \\    /   O peration     | Website:  https://openfoam.org
    \\  /    A nd           | Version:  8
     \\/     M anipulation  |
\*---------------------------------------------------------------------------*/
FoamFile
{
    version     2.0;
    format      ascii;
    class       volScalarField;
    location    "0.3";
    object      p;
}
// * * * * * * * * * * * * * * * * * * * * * * * * * * * * * * * * * * * * * //

dimensions      [0 2 -2 0 0 0 0];

internalField   nonuniform List<scalar> 
400
(
2.76169e-05
-0.0215784
-0.0472833
-0.0665931
-0.0738672
-0.0667145
-0.0448574
-0.00940799
0.0374784
0.0926838
0.152138
0.21093
0.263633
0.304905
0.33035
0.337529
0.32698
0.30304
0.27424
0.252925
0.0215237
-0.000848846
-0.020925
-0.0340432
-0.0378695
-0.0307861
-0.0124522
0.0164232
0.0542967
0.0988126
0.146801
0.194382
0.237246
0.271165
0.292692
0.299961
0.293453
0.276334
0.253583
0.231897
0.0487442
0.0178615
-0.00363635
-0.0154361
-0.0185027
-0.0121753
0.00365573
0.0284105
0.0609392
0.0994293
0.141311
0.183288
0.221557
0.252254
0.272084
0.279063
0.273252
0.256838
0.231891
0.201558
0.0716916
0.029458
0.00310262
-0.0101473
-0.0140996
-0.00896042
0.00508781
0.0274886
0.0573679
0.0933095
0.133133
0.173818
0.211646
0.242594
0.262959
0.270133
0.263496
0.244416
0.212801
0.169942
0.083258
0.0295573
-0.00245644
-0.0180304
-0.0234271
-0.0195605
-0.00682889
0.0142671
0.0431292
0.0787066
0.119136
0.161541
0.202079
0.236271
0.259629
0.268541
0.261426
0.238812
0.19881
0.141731
0.077916
0.0133026
-0.0243838
-0.0424973
-0.0494494
-0.0467114
-0.0347911
-0.014053
0.0152362
0.0524247
0.0959718
0.143107
0.18974
0.230707
0.260384
0.273715
0.267753
0.241963
0.192684
0.119753
0.050958
-0.0238625
-0.0668899
-0.0873893
-0.0957316
-0.0938431
-0.0822412
-0.0610501
-0.0301006
0.0104619
0.0595204
0.114476
0.170977
0.223016
0.263478
0.285324
0.283629
0.256265
0.19736
0.106405
-0.00197256
-0.086283
-0.134094
-0.156529
-0.165867
-0.164461
-0.152764
-0.130548
-0.0970532
-0.0517282
0.00495082
0.0707657
0.14124
0.209481
0.266566
0.302827
0.31047
0.284814
0.216691
0.104946
-0.0851297
-0.178296
-0.230135
-0.25372
-0.263369
-0.261934
-0.249786
-0.226226
-0.189717
-0.138738
-0.0727817
0.00669425
0.0954247
0.185794
0.266875
0.325668
0.350324
0.332058
0.256437
0.12074
-0.202805
-0.304379
-0.35916
-0.382513
-0.391221
-0.388865
-0.375779
-0.350709
-0.311116
-0.254172
-0.177924
-0.0825103
0.028608
0.147558
0.261489
0.353473
0.406177
0.404459
0.325389
0.162711
-0.359593
-0.469424
-0.525332
-0.545852
-0.551198
-0.546141
-0.531112
-0.504224
-0.461704
-0.399027
-0.312246
-0.199459
-0.0624606
0.0914923
0.248204
0.386612
0.482484
0.511351
0.436854
0.245368
-0.561136
-0.679368
-0.732941
-0.745632
-0.742998
-0.731754
-0.712613
-0.682963
-0.637516
-0.569629
-0.472779
-0.342216
-0.176987
0.0175904
0.227262
0.427464
0.586161
0.666173
0.610758
0.391935
-0.816043
-0.942512
-0.986676
-0.982113
-0.963153
-0.939443
-0.912065
-0.877433
-0.828352
-0.755593
-0.649489
-0.501663
-0.30726
-0.0679858
0.203968
0.482497
0.728227
0.888253
0.876712
0.639591
-1.14046
-1.27202
-1.29191
-1.25299
-1.20367
-1.15731
-1.11494
-1.07133
-1.01671
-0.938692
-0.823927
-0.659778
-0.436473
-0.150336
0.191336
0.564588
0.925683
1.205
1.2786
1.04888
-1.56843
-1.69021
-1.6543
-1.55139
-1.45005
-1.36641
-1.29969
-1.24152
-1.17833
-1.09377
-0.9703
-0.790607
-0.539298
-0.205808
0.210606
0.693591
1.20184
1.65295
1.88001
1.71923
-2.17279
-2.23444
-2.07775
-1.86269
-1.67908
-1.53997
-1.43846
-1.36
-1.28531
-1.19284
-1.0604
-0.865729
-0.587471
-0.207101
0.28714
0.893224
1.58347
2.27486
2.76574
2.80669
-3.10742
-2.96289
-2.56144
-2.16373
-1.85999
-1.64639
-1.50178
-1.40024
-1.31362
-1.2139
-1.07367
-0.865639
-0.562303
-0.136271
0.43824
1.18114
2.09285
3.11178
4.04048
4.55113
-4.75106
-3.95118
-3.07157
-2.40482
-1.94581
-1.64688
-1.46125
-1.34326
-1.25206
-1.15212
-1.01101
-0.796949
-0.47667
-0.0130781
0.63725
1.52565
2.69958
4.16137
5.84683
7.45025
-8.17031
-5.22437
-3.35606
-2.36343
-1.78025
-1.43902
-1.25466
-1.15661
-1.09074
-1.01616
-0.898267
-0.703631
-0.396521
0.0671593
0.747584
1.73452
3.15383
5.18357
8.27895
12.6592
-14.5657
-6.45175
-2.89297
-1.69356
-1.16838
-0.919634
-0.832752
-0.824375
-0.836381
-0.829995
-0.774483
-0.640575
-0.395464
0.00164805
0.612029
1.54513
3.01924
5.54389
10.6836
20.391
)
;

boundaryField
{
    movingWall
    {
        type            zeroGradient;
    }
    fixedWalls
    {
        type            zeroGradient;
    }
    frontAndBack
    {
        type            empty;
    }
}


// ************************************************************************* //
