/*--------------------------------*- C++ -*----------------------------------*\
  =========                 |
  \\      /  F ield         | OpenFOAM: The Open Source CFD Toolbox
   \\    /   O peration     | Website:  https://openfoam.org
    \\  /    A nd           | Version:  8
     \\/     M anipulation  |
\*---------------------------------------------------------------------------*/
FoamFile
{
    version     2.0;
    format      ascii;
    class       surfaceScalarField;
    location    "0.3";
    object      phi;
}
// * * * * * * * * * * * * * * * * * * * * * * * * * * * * * * * * * * * * * //

dimensions      [0 3 -1 0 0 0 0];

internalField   nonuniform List<scalar> 
760
(
4.79595e-08
-4.81915e-08
-9.38186e-08
1.41779e-07
-4.34594e-07
3.40776e-07
-9.10688e-07
4.7609e-07
-1.45271e-06
5.42024e-07
-1.99853e-06
5.45812e-07
-2.49521e-06
4.96685e-07
-2.89842e-06
4.0321e-07
-3.17157e-06
2.73154e-07
-3.28649e-06
1.14911e-07
-3.22576e-06
-6.07295e-08
-2.98646e-06
-2.3929e-07
-2.58407e-06
-4.0239e-07
-2.05522e-06
-5.28854e-07
-1.45789e-06
-5.97331e-07
-8.67617e-07
-5.90268e-07
-3.68703e-07
-4.98913e-07
-4.01439e-08
-3.28559e-07
6.80799e-08
-1.08222e-07
6.8082e-08
-1.3839e-07
9.01964e-08
-6.93116e-07
6.96505e-07
-1.63198e-06
1.27965e-06
-2.8382e-06
1.68231e-06
-4.17296e-06
1.87678e-06
-5.50066e-06
1.87352e-06
-6.69912e-06
1.69515e-06
-7.66322e-06
1.36731e-06
-8.30693e-06
9.16865e-07
-8.56661e-06
3.74597e-07
-8.40646e-06
-2.20884e-07
-7.82539e-06
-8.20368e-07
-6.86372e-06
-1.36406e-06
-5.60707e-06
-1.78551e-06
-4.18456e-06
-2.01985e-06
-2.75878e-06
-2.01604e-06
-1.50557e-06
-1.75213e-06
-5.83125e-07
-1.251e-06
-9.03035e-08
-6.01047e-07
-2.222e-08
-3.60038e-07
4.50233e-07
-1.35926e-06
1.69572e-06
-2.86704e-06
2.78743e-06
-4.70925e-06
3.52452e-06
-6.69696e-06
3.86449e-06
-8.64681e-06
3.82337e-06
-1.03919e-05
3.44025e-06
-1.17875e-05
2.76293e-06
-1.27153e-05
1.84463e-06
-1.30884e-05
7.47689e-07
-1.28588e-05
-4.50448e-07
-1.2026e-05
-1.65316e-06
-1.06449e-05
-2.7452e-06
-8.83038e-06
-3.60001e-06
-6.75538e-06
-4.09485e-06
-4.63818e-06
-4.13325e-06
-2.71741e-06
-3.6729e-06
-1.21496e-06
-2.75345e-06
-2.90769e-07
-1.52524e-06
-3.12988e-07
-5.62248e-07
1.01248e-06
-1.98991e-06
3.12338e-06
-4.03967e-06
4.83719e-06
-6.46793e-06
5.95278e-06
-9.0378e-06
6.43436e-06
-1.15289e-05
6.31447e-06
-1.37437e-05
5.65507e-06
-1.55116e-05
4.53077e-06
-1.66924e-05
3.02546e-06
-1.71825e-05
1.23777e-06
-1.69222e-05
-7.10697e-07
-1.5906e-05
-2.66939e-06
-1.41919e-05
-4.45927e-06
-1.1909e-05
-5.88298e-06
-9.25735e-06
-6.74648e-06
-6.49797e-06
-6.89263e-06
-3.92758e-06
-6.24329e-06
-1.8398e-06
-4.84123e-06
-4.78568e-07
-2.88647e-06
-7.91555e-07
-7.4352e-07
1.75601e-06
-2.57217e-06
4.95202e-06
-5.13332e-06
7.39834e-06
-8.11006e-06
8.92952e-06
-1.12179e-05
9.54221e-06
-1.42051e-05
9.30162e-06
-1.68519e-05
8.30187e-06
-1.89704e-05
6.64928e-06
-2.04056e-05
4.46067e-06
-2.10394e-05
1.87163e-06
-2.07984e-05
-9.51706e-07
-1.96642e-05
-3.80356e-06
-1.76864e-05
-6.43712e-06
-1.49939e-05
-8.57546e-06
-1.18021e-05
-9.93824e-06
-8.40857e-06
-1.02862e-05
-5.17196e-06
-9.4799e-06
-2.47267e-06
-7.54052e-06
-6.59789e-07
-4.69935e-06
-1.45134e-06
-9.08599e-07
2.66461e-06
-3.1105e-06
7.15392e-06
-6.15112e-06
1.0439e-05
-9.64145e-06
1.24198e-05
-1.32515e-05
1.31522e-05
-1.67026e-05
1.27528e-05
-1.97598e-05
1.13591e-05
-2.22248e-05
9.11427e-06
-2.39325e-05
6.16835e-06
-2.4752e-05
2.69111e-06
-2.45925e-05
-1.11122e-06
-2.34145e-05
-4.98151e-06
-2.12461e-05
-8.60556e-06
-1.82013e-05
-1.16203e-05
-1.44973e-05
-1.36423e-05
-1.04616e-05
-1.43219e-05
-6.51988e-06
-1.34216e-05
-3.15709e-06
-1.09033e-05
-8.52293e-07
-7.00414e-06
-2.30364e-06
-1.06161e-06
3.72622e-06
-3.611e-06
9.7033e-06
-7.09715e-06
1.39251e-05
-1.10619e-05
1.63846e-05
-1.51335e-05
1.72237e-05
-1.90125e-05
1.66318e-05
-2.24558e-05
1.48024e-05
-2.52622e-05
1.19207e-05
-2.72624e-05
8.16852e-06
-2.8315e-05
3.74373e-06
-2.83096e-05
-1.11657e-06
-2.71777e-05
-6.11346e-06
-2.49117e-05
-1.08715e-05
-2.15928e-05
-1.49392e-05
-1.74212e-05
-1.78138e-05
-1.27416e-05
-1.90015e-05
-8.0468e-06
-1.81164e-05
-3.94429e-06
-1.50058e-05
-1.07629e-06
-9.87215e-06
-3.37992e-06
-1.20547e-06
4.93168e-06
-4.07794e-06
1.25758e-05
-7.97106e-06
1.78182e-05
-1.23596e-05
2.07731e-05
-1.6835e-05
2.16992e-05
-2.10853e-05
2.08821e-05
-2.48691e-05
1.85862e-05
-2.79922e-05
1.50438e-05
-3.02898e-05
1.04661e-05
-3.16159e-05
5.06979e-06
-3.18413e-05
-8.91166e-07
-3.08625e-05
-7.09223e-06
-2.86231e-05
-1.31109e-05
-2.51491e-05
-1.84132e-05
-2.05971e-05
-2.23658e-05
-1.53039e-05
-2.42947e-05
-9.81847e-06
-2.36018e-05
-4.88518e-06
-1.99391e-05
-1.3526e-06
-1.34047e-05
-4.73251e-06
-1.34299e-06
6.27467e-06
-4.51543e-06
1.57482e-05
-8.7694e-06
2.20722e-05
-1.35118e-05
2.55155e-05
-1.83039e-05
2.64912e-05
-2.28318e-05
2.541e-05
-2.68695e-05
2.2624e-05
-3.02443e-05
1.84186e-05
-3.28092e-05
1.30309e-05
-3.44241e-05
6.68477e-06
-3.4948e-05
-3.67337e-07
-3.42416e-05
-7.79859e-06
-3.21885e-05
-1.5164e-05
-2.87361e-05
-2.18656e-05
-2.39605e-05
-2.71414e-05
-1.81493e-05
-3.01059e-05
-1.18764e-05
-2.98748e-05
-6.02546e-06
-2.579e-05
-1.70272e-06
-1.77275e-05
-6.43524e-06
-1.47978e-06
7.75445e-06
-4.93319e-06
1.92016e-05
-9.49226e-06
2.66313e-05
-1.4491e-05
3.05143e-05
-1.94684e-05
3.14686e-05
-2.41248e-05
3.00663e-05
-2.82682e-05
2.67674e-05
-3.17666e-05
2.1917e-05
-3.45098e-05
1.57742e-05
-3.63816e-05
8.55655e-06
-3.72427e-05
4.93713e-07
-3.69261e-05
-8.11515e-06
-3.52513e-05
-1.68388e-05
-3.20651e-05
-2.50518e-05
-2.73201e-05
-3.18864e-05
-2.11925e-05
-3.62336e-05
-1.422e-05
-3.68473e-05
-7.40116e-06
-3.26089e-05
-2.15007e-06
-2.29786e-05
-8.5853e-06
-1.62927e-06
9.38372e-06
-5.35623e-06
2.29286e-05
-1.01537e-05
3.14287e-05
-1.52729e-05
3.56335e-05
-2.02435e-05
3.64392e-05
-2.48031e-05
3.46259e-05
-2.88197e-05
3.0784e-05
-3.22273e-05
2.53247e-05
-3.4977e-05
1.85238e-05
-3.70001e-05
1.05796e-05
-3.81821e-05
1.67576e-06
-3.83472e-05
-7.95009e-06
-3.72589e-05
-1.79271e-05
-3.46515e-05
-2.76591e-05
-3.03103e-05
-3.62276e-05
-2.42199e-05
-4.23239e-05
-1.67807e-05
-4.42865e-05
-9.03141e-06
-4.03582e-05
-2.72207e-06
-2.92879e-05
-1.13074e-05
-1.8208e-06
1.12045e-05
-5.83816e-06
2.6946e-05
-1.07925e-05
3.63831e-05
-1.5841e-05
4.0682e-05
-2.05291e-05
4.11273e-05
-2.46677e-05
3.87645e-05
-2.82197e-05
3.4336e-05
-3.12158e-05
2.83208e-05
-3.36964e-05
2.10044e-05
-3.56685e-05
1.25517e-05
-3.70723e-05
3.0796e-06
-3.77536e-05
-7.26878e-06
-3.7446e-05
-1.82347e-05
-3.57788e-05
-2.93263e-05
-3.23399e-05
-3.96666e-05
-2.6835e-05
-4.78287e-05
-1.93812e-05
-5.17403e-05
-1.09043e-05
-4.8835e-05
-3.45326e-06
-3.6739e-05
-1.47606e-05
-2.1129e-06
1.33174e-05
-6.47651e-06
3.13096e-05
-1.14761e-05
4.13827e-05
-1.61753e-05
4.53812e-05
-2.01881e-05
4.51401e-05
-2.34563e-05
4.20327e-05
-2.60834e-05
3.69631e-05
-2.82312e-05
3.04687e-05
-3.00562e-05
2.28294e-05
-3.16672e-05
1.41627e-05
-3.30904e-05
4.50284e-06
-3.42326e-05
-6.12664e-06
-3.48422e-05
-1.76251e-05
-3.44817e-05
-2.96867e-05
-3.25455e-05
-4.16028e-05
-2.83905e-05
-5.19837e-05
-2.16731e-05
-5.84578e-05
-1.29484e-05
-5.75597e-05
-4.38842e-06
-4.5299e-05
-1.9149e-05
-2.61394e-06
1.59314e-05
-7.4224e-06
3.6118e-05
-1.22746e-05
4.62349e-05
-1.61928e-05
4.92994e-05
-1.89684e-05
4.79157e-05
-2.07632e-05
4.38274e-05
-2.18782e-05
3.80781e-05
-2.26368e-05
3.12273e-05
-2.33284e-05
2.35209e-05
-2.41775e-05
1.50118e-05
-2.53179e-05
5.64325e-06
-2.67554e-05
-4.68914e-06
-2.83127e-05
-1.60678e-05
-2.95599e-05
-2.84395e-05
-2.97599e-05
-4.14028e-05
-2.79105e-05
-5.38331e-05
-2.30421e-05
-6.33262e-05
-1.49724e-05
-6.56295e-05
-5.58019e-06
-5.46911e-05
-2.47292e-05
-3.50789e-06
1.94392e-05
-8.854e-06
4.14642e-05
-1.31487e-05
5.05296e-05
-1.55732e-05
5.17239e-05
-1.63054e-05
4.86478e-05
-1.58518e-05
4.33739e-05
-1.47662e-05
3.69924e-05
-1.35451e-05
3.00062e-05
-1.26014e-05
2.25772e-05
-1.22622e-05
1.46727e-05
-1.27658e-05
6.14682e-06
-1.42374e-05
-3.21753e-06
-1.66321e-05
-1.36731e-05
-1.96322e-05
-2.54394e-05
-2.2507e-05
-3.85279e-05
-2.40017e-05
-5.23385e-05
-2.24554e-05
-6.48724e-05
-1.65317e-05
-7.15532e-05
-7.05602e-06
-6.41668e-05
-3.17853e-05
-5.04935e-06
2.44886e-05
-1.08037e-05
4.72185e-05
-1.36004e-05
5.33263e-05
-1.33276e-05
5.14512e-05
-1.08956e-05
4.62158e-05
-7.28513e-06
3.97634e-05
-3.31272e-06
3.302e-05
3.92982e-07
2.63005e-05
3.35455e-06
1.96156e-05
5.19836e-06
1.28289e-05
5.62485e-06
5.72033e-06
4.4051e-06
-1.99778e-06
1.42014e-06
-1.06881e-05
-3.23304e-06
-2.07862e-05
-9.03713e-06
-3.27239e-05
-1.47581e-05
-4.66175e-05
-1.82166e-05
-6.14138e-05
-1.66325e-05
-7.31373e-05
-8.67523e-06
-7.21241e-05
-4.04605e-05
-7.38836e-06
3.1877e-05
-1.2497e-05
5.23272e-05
-1.17308e-05
5.25601e-05
-6.85592e-06
4.65763e-05
9.15381e-08
3.92684e-05
7.66872e-06
3.21863e-05
1.49276e-05
2.57612e-05
2.1258e-05
1.99702e-05
2.62485e-05
1.46251e-05
2.95874e-05
9.48998e-06
3.09989e-05
4.3088e-06
3.02117e-05
-1.21053e-06
2.69632e-05
-7.4397e-06
2.10654e-05
-1.48884e-05
1.26003e-05
-2.42587e-05
2.33949e-06
-3.63567e-05
-7.5891e-06
-5.14852e-05
-1.31625e-05
-6.75639e-05
-9.73697e-06
-7.55497e-05
-5.01975e-05
-9.78353e-06
4.16605e-05
-1.02668e-05
5.28105e-05
-1.98566e-06
4.42789e-05
9.82598e-06
3.47647e-05
2.21871e-05
2.69072e-05
3.37056e-05
2.06678e-05
4.37332e-05
1.57336e-05
5.19705e-05
1.17328e-05
5.82654e-05
8.33014e-06
6.2499e-05
5.25642e-06
6.45207e-05
2.28708e-06
6.41076e-05
-7.97424e-07
6.09331e-05
-4.26521e-06
5.4559e-05
-8.51426e-06
4.45104e-05
-1.42101e-05
3.06044e-05
-2.24507e-05
1.3857e-05
-3.47378e-05
-1.78992e-06
-5.1917e-05
-8.13381e-06
-6.92058e-05
-5.83313e-05
-5.67352e-06
4.7334e-05
9.02279e-06
3.81142e-05
2.94528e-05
2.38489e-05
4.83951e-05
1.58223e-05
6.43752e-05
1.09272e-05
7.73824e-05
7.66055e-06
8.77023e-05
5.4137e-06
9.56384e-05
3.79677e-06
0.000101423
2.54559e-06
0.000105188
1.49169e-06
0.000106952
5.22508e-07
0.000106613
-4.58323e-07
0.000103896
-1.54844e-06
9.82937e-05
-2.91161e-06
8.89426e-05
-4.859e-06
7.45612e-05
-8.06937e-06
5.38538e-05
-1.40304e-05
2.7438e-05
-2.55013e-05
3.14852e-06
-4.49163e-05
-5.51828e-05
4.7334e-05
8.54482e-05
0.000109297
0.000125119
0.000136047
0.000143707
0.000149121
0.000152918
0.000155463
0.000156955
0.000157477
0.000157019
0.000155471
0.000152559
0.0001477
0.000139631
0.0001256
0.000100099
5.51828e-05
)
;

boundaryField
{
    movingWall
    {
        type            calculated;
        value           uniform 0;
    }
    fixedWalls
    {
        type            calculated;
        value           uniform 0;
    }
    frontAndBack
    {
        type            empty;
        value           nonuniform List<scalar> 0();
    }
}


// ************************************************************************* //
