/*--------------------------------*- C++ -*----------------------------------*\
  =========                 |
  \\      /  F ield         | OpenFOAM: The Open Source CFD Toolbox
   \\    /   O peration     | Website:  https://openfoam.org
    \\  /    A nd           | Version:  8
     \\/     M anipulation  |
\*---------------------------------------------------------------------------*/
FoamFile
{
    version     2.0;
    format      ascii;
    class       surfaceScalarField;
    location    "0.3";
    object      phi;
}
// * * * * * * * * * * * * * * * * * * * * * * * * * * * * * * * * * * * * * //

dimensions      [0 3 -1 0 0 0 0];

internalField   nonuniform List<scalar> 
760
(
5.62436e-08
-5.62941e-08
-1.13958e-07
1.70202e-07
-5.19205e-07
4.05248e-07
-1.08313e-06
5.63926e-07
-1.72431e-06
6.41187e-07
-2.37076e-06
6.4645e-07
-2.96124e-06
5.90481e-07
-3.44372e-06
4.82478e-07
-3.77408e-06
3.30355e-07
-3.91701e-06
1.42929e-07
-3.84946e-06
-6.75537e-08
-3.56585e-06
-2.83612e-07
-3.0836e-06
-4.82251e-07
-2.44704e-06
-6.36558e-07
-1.72765e-06
-7.19397e-07
-1.01874e-06
-7.08908e-07
-4.23606e-07
-5.95142e-07
-3.69803e-08
-3.86625e-07
8.47277e-08
-1.21703e-07
8.47334e-08
-1.67443e-07
1.11147e-07
-8.31009e-07
8.33768e-07
-1.94845e-06
1.52269e-06
-3.38004e-06
1.99551e-06
-4.96268e-06
2.22382e-06
-6.53846e-06
2.22223e-06
-7.96492e-06
2.01694e-06
-9.11808e-06
1.63564e-06
-9.89433e-06
1.1066e-06
-1.02146e-05
4.63238e-07
-1.00321e-05
-2.50056e-07
-9.34184e-06
-9.73916e-07
-8.19009e-06
-1.63399e-06
-6.68019e-06
-2.14646e-06
-4.97023e-06
-2.42935e-06
-3.25993e-06
-2.41921e-06
-1.76396e-06
-2.09112e-06
-6.72324e-07
-1.47827e-06
-9.86172e-08
-6.9542e-07
-1.38804e-08
-4.33536e-07
5.4468e-07
-1.6284e-06
2.02863e-06
-3.42376e-06
3.31805e-06
-5.61187e-06
4.18361e-06
-7.97099e-06
4.58294e-06
-1.02874e-05
4.53861e-06
-1.23661e-05
4.09565e-06
-1.40362e-05
3.30573e-06
-1.5155e-05
2.22547e-06
-1.56151e-05
9.2335e-07
-1.53539e-05
-5.11272e-07
-1.43658e-05
-1.96204e-06
-1.27136e-05
-3.28623e-06
-1.05353e-05
-4.32478e-06
-8.04177e-06
-4.92284e-06
-5.50078e-06
-4.96019e-06
-3.20412e-06
-4.38778e-06
-1.41965e-06
-3.26273e-06
-3.33979e-07
-1.7811e-06
-3.47859e-07
-6.76511e-07
1.22119e-06
-2.38283e-06
3.73495e-06
-4.82265e-06
5.75787e-06
-7.70636e-06
7.06732e-06
-1.07567e-05
7.63324e-06
-1.37172e-05
7.49919e-06
-1.63576e-05
6.73604e-06
-1.84762e-05
5.42433e-06
-1.99043e-05
3.65355e-06
-2.05131e-05
1.53213e-06
-2.02246e-05
-7.99742e-07
-1.90253e-05
-3.16134e-06
-1.69799e-05
-5.33166e-06
-1.42416e-05
-7.06308e-06
-1.10538e-05
-8.11067e-06
-7.73661e-06
-8.27737e-06
-4.65448e-06
-7.4699e-06
-2.16465e-06
-5.75256e-06
-5.56121e-07
-3.38963e-06
-9.03982e-07
-8.93584e-07
2.11477e-06
-3.07591e-06
5.91728e-06
-6.12007e-06
8.80203e-06
-9.65105e-06
1.05983e-05
-1.33374e-05
1.13196e-05
-1.68875e-05
1.10493e-05
-2.0046e-05
9.89456e-06
-2.25913e-05
7.96962e-06
-2.43363e-05
5.39852e-06
-2.51337e-05
2.32957e-06
-2.48867e-05
-1.04682e-06
-2.35632e-05
-4.48485e-06
-2.1214e-05
-7.68081e-06
-1.79895e-05
-1.02876e-05
-1.41498e-05
-1.19504e-05
-1.00602e-05
-1.2367e-05
-6.16392e-06
-1.13662e-05
-2.9282e-06
-8.98827e-06
-7.72622e-07
-5.54521e-06
-1.6766e-06
-1.08906e-06
3.20382e-06
-3.70918e-06
8.5374e-06
-7.31346e-06
1.24063e-05
-1.14445e-05
1.47293e-05
-1.57202e-05
1.55953e-05
-1.98203e-05
1.51494e-05
-2.34728e-05
1.35471e-05
-2.64445e-05
1.09413e-05
-2.85358e-05
7.48978e-06
-2.95821e-05
3.37596e-06
-2.94627e-05
-1.16622e-06
-2.81158e-05
-5.83179e-06
-2.55609e-05
-1.02357e-05
-2.19253e-05
-1.39232e-05
-1.74679e-05
-1.64077e-05
-1.25909e-05
-1.7244e-05
-7.82326e-06
-1.61339e-05
-3.76691e-06
-1.30446e-05
-1.00624e-06
-8.30588e-06
-2.68284e-06
-1.26634e-06
4.47016e-06
-4.2858e-06
1.15569e-05
-8.40102e-06
1.65215e-05
-1.30778e-05
1.94061e-05
-1.78893e-05
2.04068e-05
-2.24939e-05
1.9754e-05
-2.66125e-05
1.76657e-05
-3.0009e-05
1.43378e-05
-3.24783e-05
9.95902e-06
-3.38412e-05
4.73889e-06
-3.39496e-05
-1.05779e-06
-3.27012e-05
-7.08022e-06
-3.0066e-05
-1.28709e-05
-2.6124e-05
-1.78652e-05
-2.11079e-05
-2.14239e-05
-1.54385e-05
-2.29134e-05
-9.7311e-06
-2.18413e-05
-4.74756e-06
-1.80282e-05
-1.28303e-06
-1.17704e-05
-3.96587e-06
-1.42739e-06
5.89754e-06
-4.80683e-06
1.49363e-05
-9.37598e-06
2.10907e-05
-1.45288e-05
2.45589e-05
-1.98008e-05
2.56788e-05
-2.48394e-05
2.47926e-05
-2.93695e-05
2.21958e-05
-3.31644e-05
1.81327e-05
-3.60234e-05
1.28181e-05
-3.776e-05
6.47548e-06
-3.81998e-05
-6.17951e-07
-3.7193e-05
-8.08704e-06
-3.46427e-05
-1.54212e-05
-3.05531e-05
-2.19548e-05
-2.50945e-05
-2.68825e-05
-1.86725e-05
-2.93353e-05
-1.19728e-05
-2.8541e-05
-5.93676e-06
-2.40642e-05
-1.63018e-06
-1.6077e-05
-5.59604e-06
-1.57412e-06
7.47166e-06
-5.27364e-06
1.86358e-05
-1.02291e-05
2.60461e-05
-1.57645e-05
3.00943e-05
-2.13861e-05
3.13004e-05
-2.67429e-05
3.01494e-05
-3.15799e-05
2.70327e-05
-3.56956e-05
2.22484e-05
-3.891e-05
1.60326e-05
-4.10426e-05
8.60802e-06
-4.19017e-05
2.41203e-07
-4.12906e-05
-8.6982e-06
-3.90328e-05
-1.76789e-05
-3.50272e-05
-2.59604e-05
-2.93342e-05
-3.25755e-05
-2.22878e-05
-3.63817e-05
-1.46001e-05
-3.62286e-05
-7.39404e-06
-3.12703e-05
-2.07591e-06
-2.13951e-05
-7.67195e-06
-1.71208e-06
9.18375e-06
-5.69547e-06
2.26192e-05
-1.09581e-05
3.13087e-05
-1.67505e-05
3.58867e-05
-2.25596e-05
3.71096e-05
-2.80536e-05
3.56433e-05
-3.30176e-05
3.19967e-05
-3.72978e-05
2.65287e-05
-4.07571e-05
1.94919e-05
-4.32425e-05
1.10934e-05
-4.45645e-05
1.56322e-06
-4.44916e-05
-8.77115e-06
-4.27664e-05
-1.94041e-05
-3.9158e-05
-2.95688e-05
-3.35624e-05
-3.81711e-05
-2.61603e-05
-4.37839e-05
-1.76056e-05
-4.47833e-05
-9.16477e-06
-3.97111e-05
-2.65092e-06
-2.7909e-05
-1.03229e-05
-1.85654e-06
1.10403e-05
-6.10186e-06
2.68645e-05
-1.15819e-05
3.67888e-05
-1.74644e-05
4.17692e-05
-2.32309e-05
4.28761e-05
-2.85934e-05
4.10058e-05
-3.34051e-05
3.68084e-05
-3.75875e-05
3.07111e-05
-4.10746e-05
2.2979e-05
-4.37706e-05
1.37894e-05
-4.55185e-05
3.31113e-06
-4.60796e-05
-8.21011e-06
-4.5132e-05
-2.03516e-05
-4.23063e-05
-3.23945e-05
-3.72842e-05
-4.31931e-05
-2.9991e-05
-5.10772e-05
-2.0885e-05
-5.38893e-05
-1.12683e-05
-4.93277e-05
-3.39051e-06
-3.57868e-05
-1.37134e-05
-2.0424e-06
1.30827e-05
-6.55978e-06
3.13819e-05
-1.21572e-05
4.23862e-05
-1.79066e-05
4.75186e-05
-2.33104e-05
4.82799e-05
-2.81624e-05
4.58577e-05
-3.24206e-05
4.10666e-05
-3.6115e-05
3.44055e-05
-3.92826e-05
2.61466e-05
-4.19191e-05
1.64259e-05
-4.39387e-05
5.33068e-06
-4.51383e-05
-7.01045e-06
-4.51718e-05
-2.03182e-05
-4.35515e-05
-3.40148e-05
-3.97181e-05
-4.70266e-05
-3.32373e-05
-5.7558e-05
-2.4182e-05
-6.29446e-05
-1.36761e-05
-5.98336e-05
-4.33729e-06
-4.51256e-05
-1.80507e-05
-2.34025e-06
1.54229e-05
-7.19414e-06
3.62358e-05
-1.27873e-05
4.79794e-05
-1.80935e-05
5.28248e-05
-2.26916e-05
5.2878e-05
-2.65175e-05
4.96837e-05
-2.96827e-05
4.42319e-05
-3.23624e-05
3.70852e-05
-3.47266e-05
2.85108e-05
-3.68938e-05
1.85932e-05
-3.88895e-05
7.32632e-06
-4.05991e-05
-5.30086e-06
-4.17155e-05
-1.92017e-05
-4.16938e-05
-3.40365e-05
-3.97562e-05
-4.89642e-05
-3.5038e-05
-6.22762e-05
-2.70092e-05
-7.09733e-05
-1.62695e-05
-7.05734e-05
-5.54248e-06
-5.58527e-05
-2.35931e-05
-2.88174e-06
1.83047e-05
-8.20354e-06
4.15576e-05
-1.36002e-05
5.3376e-05
-1.79981e-05
5.72228e-05
-2.11686e-05
5.60485e-05
-2.32857e-05
5.18007e-05
-2.46752e-05
4.56214e-05
-2.56914e-05
3.81013e-05
-2.66567e-05
2.94762e-05
-2.78299e-05
1.97664e-05
-2.93745e-05
8.8709e-06
-3.1313e-05
-3.36232e-06
-3.34556e-05
-1.70591e-05
-3.53029e-05
-3.21891e-05
-3.5957e-05
-4.83102e-05
-3.41398e-05
-6.40934e-05
-2.85364e-05
-7.65766e-05
-1.87584e-05
-8.03515e-05
-7.05721e-06
-6.75538e-05
-3.06504e-05
-3.89287e-06
2.21976e-05
-9.83828e-06
4.7503e-05
-1.46284e-05
5.81661e-05
-1.73538e-05
5.99482e-05
-1.82063e-05
5.6901e-05
-1.77359e-05
5.13303e-05
-1.65463e-05
4.44318e-05
-1.51869e-05
3.67419e-05
-1.41257e-05
2.84149e-05
-1.37478e-05
1.93885e-05
-1.43518e-05
9.47485e-06
-1.612e-05
-1.59405e-06
-1.9048e-05
-1.41312e-05
-2.28133e-05
-2.84239e-05
-2.65827e-05
-4.45408e-05
-2.88316e-05
-6.18444e-05
-2.74297e-05
-7.79785e-05
-2.05154e-05
-8.72658e-05
-8.8808e-06
-7.91885e-05
-3.95312e-05
-5.69729e-06
2.78949e-05
-1.22147e-05
5.40204e-05
-1.54105e-05
6.13619e-05
-1.51429e-05
5.96805e-05
-1.24138e-05
5.41719e-05
-8.3009e-06
4.72175e-05
-3.70831e-06
3.98392e-05
6.56264e-07
3.23773e-05
4.23934e-06
2.48318e-05
6.58978e-06
1.70381e-05
7.32561e-06
8.73902e-06
6.12894e-06
-3.97379e-07
2.79525e-06
-1.07975e-05
-2.64817e-06
-2.29804e-05
-9.68108e-06
-3.75079e-05
-1.68913e-05
-5.46342e-05
-2.16099e-05
-7.32599e-05
-2.02347e-05
-8.8641e-05
-1.0772e-05
-8.86512e-05
-5.03031e-05
-8.53163e-06
3.64265e-05
-1.45566e-05
6.00453e-05
-1.38642e-05
6.06695e-05
-8.42244e-06
5.42388e-05
-5.1326e-07
4.62627e-05
8.24526e-06
3.8459e-05
1.67795e-05
3.1305e-05
2.43789e-05
2.47778e-05
3.05454e-05
1.86654e-05
3.48835e-05
1.27e-05
3.70308e-05
6.59173e-06
3.66119e-05
2.1545e-08
3.32647e-05
-7.45033e-06
2.66726e-05
-1.63883e-05
1.6813e-05
-2.76483e-05
4.46553e-06
-4.22867e-05
-7.90185e-06
-6.08925e-05
-1.53274e-05
-8.12154e-05
-1.17767e-05
-9.2202e-05
-6.20798e-05
-1.165e-05
4.80765e-05
-1.26875e-05
6.10827e-05
-3.47223e-06
5.14543e-05
9.98835e-06
4.07783e-05
2.42802e-05
3.19708e-05
3.78029e-05
2.49363e-05
4.97853e-05
1.93226e-05
5.98429e-05
1.47202e-05
6.7755e-05
1.07533e-05
7.33378e-05
7.11721e-06
7.63711e-05
3.55846e-06
7.65527e-05
-1.6006e-07
7.34549e-05
-4.35256e-06
6.65097e-05
-9.44303e-06
5.50682e-05
-1.62068e-05
3.87632e-05
-2.59817e-05
1.86157e-05
-4.07451e-05
-7.41265e-07
-6.18584e-05
-9.27679e-06
-8.36665e-05
-7.13566e-05
-7.49272e-06
5.55692e-05
9.10921e-06
4.44808e-05
3.2657e-05
2.79065e-05
5.46898e-05
1.87455e-05
7.35044e-05
1.31562e-05
8.90575e-05
9.38315e-06
0.000101624
6.7566e-06
0.0001115
4.84379e-06
0.00011891
3.34368e-06
0.000123965
2.06187e-06
0.000126655
8.68807e-07
0.000126837
-3.42692e-07
0.000124169
-1.68453e-06
0.000118054
-3.32822e-06
0.000107468
-5.62058e-06
9.08355e-05
-9.34908e-06
6.64393e-05
-1.63488e-05
3.47319e-05
-3.0151e-05
4.88824e-06
-5.38228e-05
-6.64683e-05
5.55692e-05
0.00010005
0.000127957
0.000146702
0.000159858
0.000169241
0.000175998
0.000180842
0.000184185
0.000186247
0.000187116
0.000186773
0.000185089
0.000181761
0.00017614
0.000166791
0.000150442
0.000120291
6.64683e-05
)
;

boundaryField
{
    movingWall
    {
        type            calculated;
        value           uniform 0;
    }
    fixedWalls
    {
        type            calculated;
        value           uniform 0;
    }
    frontAndBack
    {
        type            empty;
        value           nonuniform List<scalar> 0();
    }
}


// ************************************************************************* //
