/*--------------------------------*- C++ -*----------------------------------*\
  =========                 |
  \\      /  F ield         | OpenFOAM: The Open Source CFD Toolbox
   \\    /   O peration     | Website:  https://openfoam.org
    \\  /    A nd           | Version:  8
     \\/     M anipulation  |
\*---------------------------------------------------------------------------*/
FoamFile
{
    version     2.0;
    format      ascii;
    class       volVectorField;
    location    "0.3";
    object      U;
}
// * * * * * * * * * * * * * * * * * * * * * * * * * * * * * * * * * * * * * //

dimensions      [0 1 -1 0 0 0 0];

internalField   nonuniform List<vector> 
400
(
(0.00105074 -0.00105086 0)
(0.000378598 0.000574203 0)
(-0.00554465 0.00248785 0)
(-0.0155477 0.00378126 0)
(-0.0279142 0.00442067 0)
(-0.041077 0.00451368 0)
(-0.0536959 0.00416343 0)
(-0.0646372 0.00344436 0)
(-0.0729364 0.00240866 0)
(-0.0777895 0.00110893 0)
(-0.0785958 -0.000376665 0)
(-0.0750493 -0.00192632 0)
(-0.0672522 -0.0033688 0)
(-0.0558168 -0.0044947 0)
(-0.0419143 -0.00508492 0)
(-0.0272303 -0.00495462 0)
(-0.0137956 -0.00400761 0)
(-0.00367628 -0.00229441 0)
(0.00148324 -0.000140995 0)
(0.00133017 0.00128838 0)
(-0.000514187 -0.000477132 0)
(-0.00767504 0.007608 0)
(-0.0259006 0.0159444 0)
(-0.0521986 0.0217145 0)
(-0.0831177 0.0245638 0)
(-0.115417 0.0247325 0)
(-0.146078 0.0225729 0)
(-0.172417 0.0184183 0)
(-0.192142 0.01258 0)
(-0.203401 0.00541435 0)
(-0.204894 -0.00259364 0)
(-0.196061 -0.0107726 0)
(-0.177283 -0.0182583 0)
(-0.15005 -0.0240568 0)
(-0.117012 -0.0271808 0)
(-0.0818389 -0.0268528 0)
(-0.0488119 -0.0227499 0)
(-0.0221425 -0.0152528 0)
(-0.00526562 -0.00582631 0)
(0.000180973 0.00164576 0)
(-0.00261505 0.00552046 0)
(-0.0172517 0.0261317 0)
(-0.0478916 0.0450851 0)
(-0.088972 0.0580751 0)
(-0.135546 0.0642849 0)
(-0.183304 0.0640364 0)
(-0.228157 0.0580084 0)
(-0.266414 0.0469628 0)
(-0.29491 0.0317129 0)
(-0.311107 0.0132337 0)
(-0.313252 -0.00719048 0)
(-0.300612 -0.0278664 0)
(-0.273717 -0.0467005 0)
(-0.234565 -0.0613523 0)
(-0.186689 -0.0695483 0)
(-0.134991 -0.069542 0)
(-0.0852213 -0.0606643 0)
(-0.0431273 -0.0438569 0)
(-0.0139165 -0.0222513 0)
(-0.00157421 -0.00263591 0)
(-0.00449186 0.0167023 0)
(-0.0262415 0.0553535 0)
(-0.0688421 0.0877818 0)
(-0.123762 0.109277 0)
(-0.184471 0.118963 0)
(-0.245787 0.117416 0)
(-0.302875 0.105747 0)
(-0.351383 0.085251 0)
(-0.387578 0.0573725 0)
(-0.408443 0.0238662 0)
(-0.411856 -0.0129883 0)
(-0.39684 -0.0502431 0)
(-0.363853 -0.0843005 0)
(-0.315045 -0.111157 0)
(-0.25441 -0.126906 0)
(-0.187695 -0.128493 0)
(-0.121889 -0.114622 0)
(-0.0643199 -0.0866196 0)
(-0.0223972 -0.0491644 0)
(-0.00314978 -0.0115392 0)
(-0.00611822 0.0324881 0)
(-0.0343931 0.0944203 0)
(-0.0882209 0.14285 0)
(-0.156094 0.173687 0)
(-0.229875 0.186608 0)
(-0.303599 0.182781 0)
(-0.371882 0.163926 0)
(-0.429938 0.131966 0)
(-0.473659 0.0890331 0)
(-0.499669 0.0377043 0)
(-0.505469 -0.0186999 0)
(-0.489698 -0.075905 0)
(-0.452468 -0.128678 0)
(-0.395726 -0.171123 0)
(-0.32356 -0.197349 0)
(-0.242306 -0.202525 0)
(-0.160159 -0.184203 0)
(-0.086301 -0.14361 0)
(-0.0308996 -0.08661 0)
(-0.00459264 -0.0247708 0)
(-0.00755513 0.0523937 0)
(-0.041781 0.14262 0)
(-0.105999 0.209555 0)
(-0.185889 0.250545 0)
(-0.271777 0.266459 0)
(-0.357008 0.259471 0)
(-0.435803 0.232143 0)
(-0.503122 0.187123 0)
(-0.554641 0.127237 0)
(-0.586698 0.0558333 0)
(-0.596389 -0.0228008 0)
(-0.581804 -0.103116 0)
(-0.542411 -0.178208 0)
(-0.479561 -0.240094 0)
(-0.397031 -0.280476 0)
(-0.301445 -0.292083 0)
(-0.202163 -0.270501 0)
(-0.110543 -0.216081 0)
(-0.0401876 -0.135401 0)
(-0.00611232 -0.042419 0)
(-0.00884958 0.0760222 0)
(-0.0484933 0.199201 0)
(-0.122201 0.287006 0)
(-0.213044 0.338919 0)
(-0.309924 0.357633 0)
(-0.405627 0.346782 0)
(-0.494153 0.310032 0)
(-0.570401 0.250849 0)
(-0.629992 0.172712 0)
(-0.66909 0.0796043 0)
(-0.684382 -0.0234141 0)
(-0.673271 -0.129706 0)
(-0.634292 -0.230788 0)
(-0.567758 -0.316464 0)
(-0.47661 -0.375577 0)
(-0.367288 -0.397574 0)
(-0.250088 -0.374921 0)
(-0.138766 -0.305916 0)
(-0.0511857 -0.197111 0)
(-0.00795042 -0.0650762 0)
(-0.010031 0.103029 0)
(-0.0545869 0.263384 0)
(-0.136807 0.374152 0)
(-0.237299 0.437601 0)
(-0.34368 0.458898 0)
(-0.448344 0.443633 0)
(-0.545291 0.396861 0)
(-0.6296 0.322962 0)
(-0.697074 0.22599 0)
(-0.74388 0.110346 0)
(-0.766389 -0.0184506 0)
(-0.761274 -0.153019 0)
(-0.725896 -0.283563 0)
(-0.65907 -0.397713 0)
(-0.562232 -0.481069 0)
(-0.440876 -0.518837 0)
(-0.305638 -0.498832 0)
(-0.172623 -0.415524 0)
(-0.0648696 -0.274134 0)
(-0.0103689 -0.093877 0)
(-0.0111285 0.133103 0)
(-0.060129 0.33437 0)
(-0.149794 0.469754 0)
(-0.258296 0.544993 0)
(-0.37208 0.568455 0)
(-0.483369 0.548245 0)
(-0.586455 0.491142 0)
(-0.676924 0.402538 0)
(-0.751089 0.286967 0)
(-0.805426 0.148967 0)
(-0.836228 -0.00590473 0)
(-0.839547 -0.170036 0)
(-0.811478 -0.332823 0)
(-0.748928 -0.48004 0)
(-0.651049 -0.593899 0)
(-0.521287 -0.654449 0)
(-0.36947 -0.642969 0)
(-0.213446 -0.54751 0)
(-0.0822353 -0.369617 0)
(-0.0136685 -0.130516 0)
(-0.0122109 0.165991 0)
(-0.0653167 0.411371 0)
(-0.161318 0.572348 0)
(-0.275763 0.658946 0)
(-0.394007 0.683646 0)
(-0.508395 0.657749 0)
(-0.613906 0.590145 0)
(-0.70707 0.48737 0)
(-0.785153 0.35433 0)
(-0.845383 0.195401 0)
(-0.884401 0.0156749 0)
(-0.897979 -0.177682 0)
(-0.881088 -0.374045 0)
(-0.828514 -0.558054 0)
(-0.736358 -0.708858 0)
(-0.604617 -0.800752 0)
(-0.440467 -0.806444 0)
(-0.261943 -0.703989 0)
(-0.104299 -0.487224 0)
(-0.0182299 -0.177282 0)
(-0.0134548 0.201622 0)
(-0.0706763 0.493755 0)
(-0.171998 0.680242 0)
(-0.289804 0.776586 0)
(-0.408439 0.800635 0)
(-0.520811 0.767751 0)
(-0.623137 0.689396 0)
(-0.713445 0.573395 0)
(-0.790514 0.424946 0)
(-0.852903 0.247957 0)
(-0.898203 0.046534 0)
(-0.922513 -0.173392 0)
(-0.920165 -0.402231 0)
(-0.883976 -0.624714 0)
(-0.806487 -0.817976 0)
(-0.682751 -0.95073 0)
(-0.514722 -0.985364 0)
(-0.317701 -0.885471 0)
(-0.132085 -0.630707 0)
(-0.0245807 -0.237132 0)
(-0.0152638 0.240395 0)
(-0.0773662 0.581329 0)
(-0.183269 0.791554 0)
(-0.301175 0.8941 0)
(-0.414613 0.914043 0)
(-0.517797 0.871898 0)
(-0.60897 0.782199 0)
(-0.688356 0.654194 0)
(-0.756883 0.493286 0)
(-0.815083 0.302658 0)
(-0.862225 0.0849578 0)
(-0.895564 -0.155908 0)
(-0.909675 -0.412617 0)
(-0.896101 -0.671703 0)
(-0.843905 -0.910269 0)
(-0.742019 -1.09291 0)
(-0.584175 -1.17107 0)
(-0.378361 -1.08915 0)
(-0.166533 -0.803128 0)
(-0.0334957 -0.313831 0)
(-0.0184779 0.283723 0)
(-0.0876124 0.674779 0)
(-0.19772 0.904169 0)
(-0.311307 1.00635 0)
(-0.41174 1.01644 0)
(-0.495889 0.961396 0)
(-0.565159 0.859238 0)
(-0.622805 0.720642 0)
(-0.67254 0.55107 0)
(-0.71745 0.352772 0)
(-0.759166 0.126598 0)
(-0.797013 -0.126198 0)
(-0.827005 -0.401743 0)
(-0.840754 -0.690386 0)
(-0.824872 -0.972113 0)
(-0.761974 -1.21065 0)
(-0.634875 -1.34818 0)
(-0.43824 -1.30643 0)
(-0.208194 -1.00543 0)
(-0.0461241 -0.412162 0)
(-0.0247349 0.335007 0)
(-0.105267 0.77613 0)
(-0.219081 1.01529 0)
(-0.32144 1.10602 0)
(-0.397507 1.0975 0)
(-0.449202 1.02444 0)
(-0.482694 0.908313 0)
(-0.505167 0.760893 0)
(-0.523588 0.587362 0)
(-0.54391 0.388828 0)
(-0.570511 0.164204 0)
(-0.605498 -0.0881868 0)
(-0.647563 -0.368719 0)
(-0.690263 -0.673414 0)
(-0.719983 -0.988636 0)
(-0.714594 -1.28242 0)
(-0.644915 -1.49293 0)
(-0.486068 -1.5196 0)
(-0.256309 -1.23382 0)
(-0.0640461 -0.538022 0)
(-0.0369949 0.401221 0)
(-0.136186 0.88876 0)
(-0.250831 1.11992 0)
(-0.329324 1.18174 0)
(-0.363631 1.14267 0)
(-0.36471 1.04557 0)
(-0.34543 0.914422 0)
(-0.317562 0.760998 0)
(-0.291327 0.589483 0)
(-0.275261 0.399552 0)
(-0.276254 0.188252 0)
(-0.299306 -0.0488028 0)
(-0.346608 -0.316265 0)
(-0.415605 -0.616832 0)
(-0.49575 -0.946414 0)
(-0.564155 -1.28386 0)
(-0.582021 -1.57283 0)
(-0.501173 -1.69821 0)
(-0.306178 -1.47517 0)
(-0.0887694 -0.697897 0)
(-0.0597721 0.495495 0)
(-0.186792 1.01557 0)
(-0.290189 1.20664 0)
(-0.319638 1.21451 0)
(-0.285095 1.13116 0)
(-0.211988 1.00537 0)
(-0.121205 0.860719 0)
(-0.0286961 0.706726 0)
(0.0531539 0.545303 0)
(0.114494 0.374271 0)
(0.147112 0.189065 0)
(0.14395 -0.0166269 0)
(0.0994833 -0.250708 0)
(0.0111584 -0.521932 0)
(-0.11709 -0.837145 0)
(-0.267948 -1.19201 0)
(-0.400672 -1.5488 0)
(-0.447033 -1.79623 0)
(-0.34253 -1.70085 0)
(-0.119042 -0.898203 0)
(-0.0967474 0.642354 0)
(-0.254886 1.15094 0)
(-0.308157 1.2456 0)
(-0.239687 1.16932 0)
(-0.0974891 1.03248 0)
(0.0754135 0.880659 0)
(0.252407 0.730897 0)
(0.416544 0.587064 0)
(0.556313 0.447207 0)
(0.663175 0.30694 0)
(0.729806 0.160592 0)
(0.748948 0.00120142 0)
(0.71318 -0.180199 0)
(0.615175 -0.395791 0)
(0.450036 -0.661248 0)
(0.222439 -0.991237 0)
(-0.0386254 -1.37985 0)
(-0.261353 -1.75005 0)
(-0.326193 -1.85703 0)
(-0.142162 -1.14447 0)
(-0.134543 0.877254 0)
(-0.292599 1.25279 0)
(-0.192745 1.16284 0)
(0.0537751 0.984087 0)
(0.342259 0.806664 0)
(0.625525 0.650176 0)
(0.883182 0.516681 0)
(1.10507 0.40161 0)
(1.28578 0.298664 0)
(1.42171 0.201755 0)
(1.50909 0.10516 0)
(1.5429 0.00288056 0)
(1.51606 -0.112456 0)
(1.4186 -0.252031 0)
(1.23774 -0.433766 0)
(0.961312 -0.685167 0)
(0.589363 -1.03683 0)
(0.160897 -1.48111 0)
(-0.168362 -1.83871 0)
(-0.108243 -1.40765 0)
(-0.0298318 1.12129 0)
(-0.0416861 1.16634 0)
(0.392832 0.856114 0)
(0.879836 0.621125 0)
(1.29553 0.457463 0)
(1.63852 0.339308 0)
(1.91858 0.252267 0)
(2.14221 0.185797 0)
(2.31452 0.13188 0)
(2.43899 0.084803 0)
(2.51676 0.0403665 0)
(2.54641 -0.00502627 0)
(2.52336 -0.055442 0)
(2.43859 -0.117088 0)
(2.27659 -0.201632 0)
(2.01232 -0.333114 0)
(1.60762 -0.558642 0)
(1.01704 -0.94355 0)
(0.357764 -1.45557 0)
(0.169654 -1.45258 0)
(1.25795 0.617782 0)
(1.61419 0.546825 0)
(2.258 0.344933 0)
(2.76066 0.215309 0)
(3.08434 0.13843 0)
(3.30367 0.0907149 0)
(3.46114 0.0602519 0)
(3.57521 0.0400489 0)
(3.65596 0.0256627 0)
(3.70938 0.0143752 0)
(3.73847 0.00451774 0)
(3.7439 -0.00504576 0)
(3.72423 -0.0154467 0)
(3.67534 -0.0282135 0)
(3.58823 -0.0464667 0)
(3.4437 -0.0778016 0)
(3.1968 -0.141698 0)
(2.7296 -0.2819 0)
(1.96989 -0.545945 0)
(1.4322 -0.674821 0)
)
;

boundaryField
{
    movingWall
    {
        type            fixedValue;
        value           uniform (4.4 0 0);
    }
    fixedWalls
    {
        type            noSlip;
    }
    frontAndBack
    {
        type            empty;
    }
}


// ************************************************************************* //
