/*--------------------------------*- C++ -*----------------------------------*\
  =========                 |
  \\      /  F ield         | OpenFOAM: The Open Source CFD Toolbox
   \\    /   O peration     | Website:  https://openfoam.org
    \\  /    A nd           | Version:  8
     \\/     M anipulation  |
\*---------------------------------------------------------------------------*/
FoamFile
{
    version     2.0;
    format      ascii;
    class       volScalarField;
    location    "0.4";
    object      p;
}
// * * * * * * * * * * * * * * * * * * * * * * * * * * * * * * * * * * * * * //

dimensions      [0 2 -2 0 0 0 0];

internalField   nonuniform List<scalar> 
400
(
3.3035e-06
-0.0151684
-0.0333898
-0.0471335
-0.0522206
-0.0468509
-0.0308565
-0.00517417
0.0284613
0.0676588
0.109456
0.150442
0.186983
0.215592
0.233422
0.238872
0.232226
0.216228
0.196484
0.18144
0.015061
-0.000605474
-0.0148432
-0.0242024
-0.0268449
-0.0215386
-0.00807164
0.0129255
0.040182
0.0718709
0.105673
0.138887
0.168633
0.192159
0.207255
0.21271
0.208795
0.197492
0.181936
0.166583
0.0343502
0.0127107
-0.00258185
-0.0110587
-0.0131634
-0.0083364
0.00345972
0.0216677
0.0452733
0.0728105
0.102363
0.131629
0.158086
0.179257
0.193072
0.198274
0.194865
0.184144
0.167151
0.145751
0.0510257
0.0213513
0.00252748
-0.00703278
-0.0097114
-0.00555481
0.00523963
0.0220801
0.0440857
0.0700108
0.098169
0.126438
0.152375
0.173453
0.187398
0.192606
0.188653
0.176253
0.154837
0.124811
0.0603365
0.0224403
-0.000525187
-0.0117538
-0.0152969
-0.0117069
-0.00138539
0.0150349
0.0367745
0.0627554
0.091445
0.120792
0.148288
0.171169
0.186745
0.192853
0.188505
0.173843
0.146944
0.107332
0.0586612
0.0127767
-0.0143839
-0.0273623
-0.031688
-0.0283339
-0.0178568
-0.000905131
0.0218481
0.0494804
0.0805809
0.113111
0.144401
0.171302
0.190508
0.199075
0.195252
0.178522
0.145654
0.0956111
0.0428994
-0.0106896
-0.0418455
-0.056344
-0.0611041
-0.0574723
-0.0461186
-0.0276669
-0.00264806
0.028201
0.063611
0.101553
0.139148
0.172752
0.198247
0.211629
0.210095
0.192215
0.153238
0.0916302
0.0100621
-0.0509904
-0.0857619
-0.101275
-0.105871
-0.101278
-0.088256
-0.0673567
-0.0389015
-0.00336243
0.0382164
0.0838855
0.130582
0.174108
0.209346
0.230906
0.234499
0.217318
0.172519
0.0978669
-0.0429907
-0.111359
-0.149189
-0.164897
-0.168425
-0.161969
-0.146387
-0.122106
-0.0891427
-0.047573
0.00193983
0.0576839
0.116537
0.173774
0.22314
0.257489
0.270465
0.257122
0.207484
0.118056
-0.119748
-0.19542
-0.235459
-0.250034
-0.251097
-0.241505
-0.22226
-0.193617
-0.155165
-0.1064
-0.0473718
0.0207068
0.0949088
0.170152
0.239018
0.292259
0.32073
0.316235
0.263967
0.158037
-0.224341
-0.307464
-0.348258
-0.359426
-0.355739
-0.341054
-0.316611
-0.282445
-0.23756
-0.180636
-0.110803
-0.028406
0.064238
0.16207
0.256703
0.336593
0.38904
0.401101
0.350535
0.226916
-0.362195
-0.452979
-0.491767
-0.495487
-0.483191
-0.460267
-0.428312
-0.387051
-0.3347
-0.268833
-0.187293
-0.0890772
0.0246753
0.149575
0.276828
0.392766
0.480547
0.520682
0.479746
0.338869
-0.541525
-0.63964
-0.670878
-0.659896
-0.632517
-0.596338
-0.553335
-0.502722
-0.441617
-0.366129
-0.272394
-0.157537
-0.0207998
0.135028
0.301802
0.46457
0.602347
0.687334
0.669972
0.516222
-0.776788
-0.87912
-0.891341
-0.852841
-0.799911
-0.742846
-0.683677
-0.620599
-0.549111
-0.46339
-0.357408
-0.225882
-0.0653846
0.124058
0.336578
0.557801
0.763845
0.917694
0.948139
0.795204
-1.09633
-1.19006
-1.15929
-1.07133
-0.976925
-0.888345
-0.80641
-0.727168
-0.643604
-0.547309
-0.429611
-0.282324
-0.0986386
0.125422
0.388406
0.679688
0.97598
1.23268
1.35315
1.2362
-1.55724
-1.60188
-1.47939
-1.30641
-1.1483
-1.01517
-0.903508
-0.804979
-0.708565
-0.602362
-0.474554
-0.313667
-0.108953
0.148697
0.464689
0.836702
1.24873
1.65511
1.93739
1.93743
-2.27422
-2.1574
-1.85175
-1.54182
-1.29209
-1.10092
-0.954619
-0.836409
-0.728936
-0.615751
-0.481412
-0.310952
-0.0893461
0.198666
0.567913
1.03025
1.58687
2.20422
2.76552
3.05632
-3.52186
-2.90968
-2.2494
-1.73909
-1.37234
-1.11646
-0.938654
-0.807565
-0.696625
-0.584026
-0.450784
-0.278758
-0.0488796
0.260835
0.677363
1.23382
1.96152
2.86742
3.92224
4.92537
-6.0605
-3.87719
-2.4911
-1.73726
-1.27657
-0.989024
-0.812142
-0.69593
-0.604295
-0.511662
-0.397589
-0.242881
-0.0268439
0.276986
0.706783
1.32126
2.20202
3.47142
5.46188
8.34753
-10.6476
-4.81724
-2.21483
-1.29526
-0.870196
-0.649568
-0.543546
-0.491863
-0.456026
-0.412283
-0.343155
-0.232805
-0.0633172
0.188856
0.561924
1.12744
2.02614
3.60137
6.98042
13.5943
)
;

boundaryField
{
    movingWall
    {
        type            zeroGradient;
    }
    fixedWalls
    {
        type            zeroGradient;
    }
    frontAndBack
    {
        type            empty;
    }
}


// ************************************************************************* //
