/*--------------------------------*- C++ -*----------------------------------*\
  =========                 |
  \\      /  F ield         | OpenFOAM: The Open Source CFD Toolbox
   \\    /   O peration     | Website:  https://openfoam.org
    \\  /    A nd           | Version:  8
     \\/     M anipulation  |
\*---------------------------------------------------------------------------*/
FoamFile
{
    version     2.0;
    format      ascii;
    class       surfaceScalarField;
    location    "0.4";
    object      phi;
}
// * * * * * * * * * * * * * * * * * * * * * * * * * * * * * * * * * * * * * //

dimensions      [0 3 -1 0 0 0 0];

internalField   nonuniform List<scalar> 
760
(
3.48668e-08
-3.48947e-08
-6.31452e-08
9.8012e-08
-3.02746e-07
2.396e-07
-6.39869e-07
3.37125e-07
-1.02469e-06
3.84821e-07
-1.41161e-06
3.86928e-07
-1.7617e-06
3.50093e-07
-2.04297e-06
2.81263e-07
-2.23013e-06
1.87164e-07
-2.30497e-06
7.48354e-08
-2.25744e-06
-4.75311e-08
-2.0875e-06
-1.69942e-07
-1.80704e-06
-2.80461e-07
-1.4413e-06
-3.65742e-07
-1.02895e-06
-4.12347e-07
-6.20083e-07
-4.0887e-07
-2.71249e-07
-3.48838e-07
-3.71464e-08
-2.34104e-07
4.46794e-08
-8.18264e-08
4.46797e-08
-9.42331e-08
5.93376e-08
-4.80462e-07
4.8424e-07
-1.14007e-06
8.99201e-07
-1.99179e-06
1.18885e-06
-2.93606e-06
1.32909e-06
-3.8742e-06
1.32506e-06
-4.71729e-06
1.19318e-06
-5.39013e-06
9.541e-07
-5.83321e-06
6.30249e-07
-6.00478e-06
2.46407e-07
-5.88364e-06
-1.68668e-07
-5.47262e-06
-5.80963e-07
-4.80184e-06
-9.51244e-07
-3.93048e-06
-1.2371e-06
-2.94554e-06
-1.39729e-06
-1.95586e-06
-1.39855e-06
-1.08005e-06
-1.22464e-06
-4.27497e-07
-8.86664e-07
-7.08958e-08
-4.38429e-07
-2.62166e-08
-2.47947e-07
3.07283e-07
-9.44618e-07
1.18091e-06
-2.00366e-06
1.95824e-06
-3.30325e-06
2.48844e-06
-4.70762e-06
2.73345e-06
-6.0834e-06
2.70084e-06
-7.30951e-06
2.4193e-06
-8.28272e-06
1.9273e-06
-8.92116e-06
1.26869e-06
-9.1677e-06
4.92949e-07
-8.99378e-06
-3.42595e-07
-8.40374e-06
-1.171e-06
-7.43878e-06
-1.9162e-06
-6.17898e-06
-2.4969e-06
-4.74143e-06
-2.83484e-06
-3.27256e-06
-2.86741e-06
-1.9331e-06
-2.56411e-06
-8.75302e-07
-1.94446e-06
-2.14387e-07
-1.09935e-06
-2.40604e-07
-3.88094e-07
6.95375e-07
-1.38492e-06
2.17774e-06
-2.82614e-06
3.39946e-06
-4.54024e-06
4.20254e-06
-6.35611e-06
4.54932e-06
-8.11289e-06
4.45762e-06
-9.66702e-06
3.97343e-06
-1.08968e-05
3.15703e-06
-1.17055e-05
2.07744e-06
-1.20253e-05
8.12746e-07
-1.1821e-05
-5.46894e-07
-1.10952e-05
-1.89677e-06
-9.89324e-06
-3.11819e-06
-8.30608e-06
-4.08406e-06
-6.47009e-06
-4.67084e-06
-4.56014e-06
-4.77737e-06
-2.77476e-06
-4.34948e-06
-1.3132e-06
-3.40602e-06
-3.47593e-07
-2.06496e-06
-5.88197e-07
-5.14544e-07
1.20992e-06
-1.79514e-06
3.45834e-06
-3.60095e-06
5.20527e-06
-5.70692e-06
6.3085e-06
-7.90589e-06
6.74829e-06
-1.00127e-05
6.56444e-06
-1.18669e-05
5.82761e-06
-1.33342e-05
4.62438e-06
-1.43082e-05
3.05145e-06
-1.47125e-05
1.21699e-06
-1.45044e-05
-7.54931e-07
-1.36809e-05
-2.72033e-06
-1.22841e-05
-4.51493e-06
-1.04079e-05
-5.96029e-06
-8.20012e-06
-6.87864e-06
-5.85969e-06
-7.1178e-06
-3.62447e-06
-6.5847e-06
-1.74887e-06
-5.28162e-06
-4.74226e-07
-3.3396e-06
-1.06242e-06
-6.31911e-07
1.84182e-06
-2.18205e-06
5.00849e-06
-4.33633e-06
7.35955e-06
-6.81535e-06
8.78753e-06
-9.37612e-06
9.30906e-06
-1.18117e-05
9e-06
-1.3949e-05
7.96489e-06
-1.5646e-05
6.32143e-06
-1.67902e-05
4.19565e-06
-1.72983e-05
1.72503e-06
-1.71189e-05
-9.34337e-07
-1.62383e-05
-3.60087e-06
-1.46888e-05
-6.06446e-06
-1.25579e-05
-8.09119e-06
-9.99725e-06
-9.43927e-06
-7.2259e-06
-9.88915e-06
-4.52328e-06
-9.28732e-06
-2.20844e-06
-7.59646e-06
-6.05417e-07
-4.94262e-06
-1.66784e-06
-7.44538e-07
2.58636e-06
-2.55388e-06
6.81784e-06
-5.04156e-06
9.84722e-06
-7.87369e-06
1.16197e-05
-1.07727e-05
1.22081e-05
-1.35133e-05
1.17406e-05
-1.59147e-05
1.03663e-05
-1.78326e-05
8.23938e-06
-1.91527e-05
5.51568e-06
-1.97868e-05
2.35916e-06
-1.96741e-05
-1.04707e-06
-1.87858e-05
-4.4891e-06
-1.7136e-05
-7.71426e-06
-1.47957e-05
-1.04315e-05
-1.19096e-05
-1.23253e-05
-8.70944e-06
-1.30893e-05
-5.51601e-06
-1.24808e-05
-2.72254e-06
-1.03899e-05
-7.535e-07
-6.91167e-06
-2.42133e-06
-8.5599e-07
3.44235e-06
-2.91765e-06
8.87949e-06
-5.72261e-06
1.26522e-05
-8.88124e-06
1.47783e-05
-1.20837e-05
1.54105e-05
-1.50916e-05
1.47485e-05
-1.77238e-05
1.29985e-05
-1.98408e-05
1.03564e-05
-2.13329e-05
7.00775e-06
-2.21115e-05
3.13777e-06
-2.21068e-05
-1.05176e-06
-2.12716e-05
-5.32427e-06
-1.95932e-05
-9.39269e-06
-1.7113e-05
-1.29117e-05
-1.39532e-05
-1.54852e-05
-1.03441e-05
-1.66984e-05
-6.64182e-06
-1.6183e-05
-3.32139e-06
-1.37104e-05
-9.3094e-07
-9.30211e-06
-3.35227e-06
-9.69697e-07
4.41204e-06
-3.27975e-06
1.11895e-05
-6.382e-06
1.57544e-05
-9.82755e-06
1.82238e-05
-1.32777e-05
1.88606e-05
-1.64893e-05
1.79601e-05
-1.92908e-05
1.58e-05
-2.15589e-05
1.26245e-05
-2.31979e-05
8.64674e-06
-2.41261e-05
4.06599e-06
-2.42686e-05
-9.09287e-07
-2.35583e-05
-6.03455e-06
-2.19479e-05
-1.10031e-05
-1.94338e-05
-1.54258e-05
-1.60938e-05
-1.88251e-05
-1.21332e-05
-2.0659e-05
-7.92657e-06
-2.03897e-05
-4.03224e-06
-1.76047e-05
-1.15045e-06
-1.21839e-05
-4.50272e-06
-1.09083e-06
5.50288e-06
-3.64942e-06
1.37481e-05
-7.02204e-06
1.91271e-05
-1.0694e-05
2.18958e-05
-1.43034e-05
2.247e-05
-1.76147e-05
2.12714e-05
-2.04816e-05
1.86669e-05
-2.28115e-05
1.49544e-05
-2.45369e-05
1.03721e-05
-2.55944e-05
5.12342e-06
-2.59116e-05
-5.92004e-07
-2.54045e-05
-6.54165e-06
-2.39857e-05
-1.24219e-05
-2.15908e-05
-1.78207e-05
-1.82253e-05
-2.21905e-05
-1.40333e-05
-2.4851e-05
-9.37412e-06
-2.50489e-05
-4.87777e-06
-2.21011e-05
-1.426e-06
-1.56357e-05
-5.92872e-06
-1.22962e-06
6.7325e-06
-4.04443e-06
1.65629e-05
-7.64973e-06
2.27324e-05
-1.14557e-05
2.57018e-05
-1.5088e-05
2.61023e-05
-1.83384e-05
2.45218e-05
-2.11071e-05
2.14357e-05
-2.33526e-05
1.72e-05
-2.50534e-05
1.20729e-05
-2.61798e-05
6.24976e-06
-2.66751e-05
-9.67207e-08
-2.64461e-05
-6.77057e-06
-2.5366e-05
-1.35021e-05
-2.32964e-05
-1.98903e-05
-2.014e-05
-2.53469e-05
-1.593e-05
-2.9061e-05
-1.09533e-05
-3.00256e-05
-5.87362e-06
-2.71807e-05
-1.77465e-06
-1.97346e-05
-7.70337e-06
-1.40675e-06
8.13925e-06
-4.49894e-06
1.96551e-05
-8.28095e-06
2.65144e-05
-1.20796e-05
2.95004e-05
-1.55298e-05
2.95525e-05
-1.84821e-05
2.74741e-05
-2.09128e-05
2.38664e-05
-2.28565e-05
1.91436e-05
-2.43579e-05
1.35743e-05
-2.54393e-05
7.33117e-06
-2.60765e-05
5.40552e-07
-2.61824e-05
-6.66469e-06
-2.55996e-05
-1.40849e-05
-2.41122e-05
-2.13777e-05
-2.14928e-05
-2.79664e-05
-1.76047e-05
-3.29491e-05
-1.25762e-05
-3.50541e-05
-7.02274e-06
-3.27341e-05
-2.21942e-06
-2.4538e-05
-9.92278e-06
-1.66225e-06
9.8015e-06
-5.07162e-06
2.30645e-05
-8.93747e-06
3.03802e-05
-1.25079e-05
3.30708e-05
-1.54733e-05
3.25179e-05
-1.7792e-05
2.97928e-05
-1.95554e-05
2.56298e-05
-2.09009e-05
2.04891e-05
-2.19593e-05
1.46328e-05
-2.28213e-05
8.19322e-06
-2.3513e-05
1.2322e-06
-2.39735e-05
-6.20416e-06
-2.40363e-05
-1.40221e-05
-2.3421e-05
-2.1993e-05
-2.17586e-05
-2.96288e-05
-1.86868e-05
-3.60209e-05
-1.4061e-05
-3.96799e-05
-8.30218e-06
-3.8493e-05
-2.79342e-06
-3.00467e-05
-1.27162e-05
-2.069e-06
1.18705e-05
-5.84771e-06
2.68432e-05
-9.6206e-06
3.41531e-05
-1.26075e-05
3.60578e-05
-1.46466e-05
3.45569e-05
-1.58777e-05
3.1024e-05
-1.65527e-05
2.63047e-05
-1.69349e-05
2.08713e-05
-1.72512e-05
1.49491e-05
-1.7668e-05
8.61003e-06
-1.82734e-05
1.83759e-06
-1.9055e-05
-5.42256e-06
-1.98697e-05
-1.32074e-05
-2.04101e-05
-2.14526e-05
-2.01879e-05
-2.9851e-05
-1.85866e-05
-3.76223e-05
-1.50674e-05
-4.3199e-05
-9.63019e-06
-4.39302e-05
-3.54265e-06
-3.61343e-05
-1.62589e-05
-2.74793e-06
1.46184e-05
-6.91085e-06
3.10061e-05
-1.022e-05
3.74622e-05
-1.20388e-05
3.78766e-05
-1.2522e-05
3.50402e-05
-1.20891e-05
3.05911e-05
-1.11907e-05
2.54062e-05
-1.02191e-05
1.98997e-05
-9.48533e-06
1.42153e-05
-9.21839e-06
8.34309e-06
-9.56482e-06
2.18402e-06
-1.0575e-05
-4.41232e-06
-1.21687e-05
-1.16137e-05
-1.40759e-05
-1.95455e-05
-1.57642e-05
-2.81626e-05
-1.64024e-05
-3.69841e-05
-1.49784e-05
-4.46231e-05
-1.07824e-05
-4.81263e-05
-4.51302e-06
-4.24036e-05
-2.07719e-05
-3.8549e-06
1.84733e-05
-8.20281e-06
3.5354e-05
-1.02561e-05
3.95155e-05
-9.95829e-06
3.75788e-05
-8.04481e-06
3.31267e-05
-5.30207e-06
2.78484e-05
-2.37383e-06
2.2478e-05
2.62417e-07
1.72634e-05
2.2641e-06
1.22137e-05
3.38431e-06
7.22288e-06
3.44672e-06
2.12161e-06
2.34194e-06
-3.30754e-06
5.46999e-08
-9.32643e-06
-3.26535e-06
-1.62254e-05
-7.17903e-06
-2.42489e-05
-1.0796e-05
-3.33671e-05
-1.26885e-05
-4.27305e-05
-1.11819e-05
-4.96329e-05
-5.6682e-06
-4.79173e-05
-2.64401e-05
-5.43438e-06
2.39077e-05
-9.03754e-06
3.89572e-05
-8.23516e-06
3.87131e-05
-4.41977e-06
3.37634e-05
8.2624e-07
2.78807e-05
6.38692e-06
2.22877e-05
1.15508e-05
1.73141e-05
1.58837e-05
1.29305e-05
1.91161e-05
8.98124e-06
2.10624e-05
5.27659e-06
2.15714e-05
1.61267e-06
2.0504e-05
-2.24017e-06
1.7741e-05
-6.56341e-06
1.32373e-05
-1.17217e-05
7.16169e-06
-1.81733e-05
1.64331e-07
-2.63698e-05
-6.24624e-06
-3.632e-05
-9.44759e-06
-4.64316e-05
-6.62738e-06
-5.07375e-05
-3.30675e-05
-6.8319e-06
3.07396e-05
-6.67675e-06
3.8802e-05
-2.05775e-07
3.22421e-05
8.67208e-06
2.48855e-05
1.77284e-05
1.88244e-05
2.59397e-05
1.40764e-05
3.2864e-05
1.03897e-05
3.83326e-05
7.46198e-06
4.22869e-05
5.02695e-06
4.46898e-05
2.87363e-06
4.54769e-05
8.25573e-07
4.45283e-05
-1.29153e-06
4.16518e-05
-3.68686e-06
3.65916e-05
-6.66153e-06
2.91037e-05
-1.06855e-05
1.92029e-05
-1.6469e-05
7.75408e-06
-2.48712e-05
-2.47169e-06
-3.62058e-05
-6.0325e-06
-4.71767e-05
-3.91e-05
-3.23764e-06
3.39773e-05
7.97347e-06
2.75909e-05
2.30555e-05
1.71601e-05
3.68057e-05
1.11353e-05
4.81527e-05
7.4774e-06
5.71388e-05
5.0903e-06
6.40429e-05
3.48568e-06
6.9149e-05
2.35588e-06
7.26752e-05
1.50067e-06
7.47545e-05
7.94393e-07
7.54273e-05
1.52754e-07
7.46341e-05
-4.98358e-07
7.2185e-05
-1.23779e-06
6.77181e-05
-2.19462e-06
6.06387e-05
-3.60599e-06
5.01201e-05
-5.9504e-06
3.5435e-05
-1.01861e-05
1.72524e-05
-1.80232e-05
1.15429e-06
-3.10786e-05
-3.79457e-05
3.39773e-05
6.15682e-05
7.87283e-05
8.98636e-05
9.7341e-05
0.000102431
0.000105917
0.000108273
0.000109774
0.000110568
0.000110721
0.000110222
0.000108985
0.00010679
0.000103184
9.72335e-05
8.70475e-05
6.90243e-05
3.79457e-05
)
;

boundaryField
{
    movingWall
    {
        type            calculated;
        value           uniform 0;
    }
    fixedWalls
    {
        type            calculated;
        value           uniform 0;
    }
    frontAndBack
    {
        type            empty;
        value           nonuniform List<scalar> 0();
    }
}


// ************************************************************************* //
