/*--------------------------------*- C++ -*----------------------------------*\
  =========                 |
  \\      /  F ield         | OpenFOAM: The Open Source CFD Toolbox
   \\    /   O peration     | Website:  https://openfoam.org
    \\  /    A nd           | Version:  8
     \\/     M anipulation  |
\*---------------------------------------------------------------------------*/
FoamFile
{
    version     2.0;
    format      ascii;
    class       volVectorField;
    location    "0.4";
    object      U;
}
// * * * * * * * * * * * * * * * * * * * * * * * * * * * * * * * * * * * * * //

dimensions      [0 1 -1 0 0 0 0];

internalField   nonuniform List<vector> 
400
(
(0.00063719 -0.000632921 0)
(0.000286392 0.000318735 0)
(-0.00318311 0.00147215 0)
(-0.00913531 0.00226859 0)
(-0.0165494 0.0026637 0)
(-0.0244465 0.00270926 0)
(-0.0319712 0.00246851 0)
(-0.0384103 0.00199836 0)
(-0.0431889 0.00134739 0)
(-0.0458683 0.000562772 0)
(-0.0461599 -0.000300563 0)
(-0.0439561 -0.00117287 0)
(-0.0393695 -0.00196688 0)
(-0.0327698 -0.00258094 0)
(-0.024802 -0.00290834 0)
(-0.0163702 -0.00285337 0)
(-0.00857038 -0.00235423 0)
(-0.00255911 -0.00141272 0)
(0.000662353 -0.000173159 0)
(0.000734178 0.000715149 0)
(-0.000256108 -0.000351734 0)
(-0.00437167 0.004397 0)
(-0.0150621 0.00941804 0)
(-0.0306554 0.0129555 0)
(-0.0490933 0.0147063 0)
(-0.0683624 0.014767 0)
(-0.0865661 0.0133561 0)
(-0.102046 0.0107239 0)
(-0.113445 0.00712681 0)
(-0.119739 0.00283956 0)
(-0.120284 -0.0018184 0)
(-0.114882 -0.00646293 0)
(-0.103851 -0.0106423 0)
(-0.0880841 -0.0138591 0)
(-0.0690596 -0.015621 0)
(-0.0487789 -0.0155209 0)
(-0.0295795 -0.0133466 0)
(-0.0138185 -0.00921273 0)
(-0.00355923 -0.00380382 0)
(-1.85573e-05 0.00075008 0)
(-0.00146097 0.00306271 0)
(-0.00991904 0.0151866 0)
(-0.027895 0.0266041 0)
(-0.0522235 0.0345566 0)
(-0.0799414 0.0383657 0)
(-0.108366 0.0381299 0)
(-0.134936 0.0342774 0)
(-0.157382 0.0273758 0)
(-0.173835 0.0180612 0)
(-0.182891 0.00704587 0)
(-0.183673 -0.00484368 0)
(-0.17592 -0.0166364 0)
(-0.160074 -0.0272221 0)
(-0.137347 -0.0354103 0)
(-0.109733 -0.0400533 0)
(-0.0799239 -0.0402364 0)
(-0.0510597 -0.0355276 0)
(-0.0263292 -0.0262581 0)
(-0.00879935 -0.0139024 0)
(-0.00110728 -0.00208435 0)
(-0.00253113 0.00946573 0)
(-0.0151305 0.0322296 0)
(-0.040167 0.0517884 0)
(-0.0727298 0.0649579 0)
(-0.108877 0.070898 0)
(-0.145355 0.069811 0)
(-0.179124 0.0624104 0)
(-0.207502 0.0496617 0)
(-0.22829 0.0326767 0)
(-0.239825 0.0127168 0)
(-0.241055 -0.00875729 0)
(-0.231633 -0.0300462 0)
(-0.212019 -0.0492251 0)
(-0.183569 -0.0642423 0)
(-0.148574 -0.0731226 0)
(-0.110203 -0.0742818 0)
(-0.0722471 -0.0669333 0)
(-0.0387079 -0.0515218 0)
(-0.0138456 -0.0301932 0)
(-0.00207543 -0.00771788 0)
(-0.00346333 0.0185302 0)
(-0.0199145 0.05508 0)
(-0.0516917 0.0843552 0)
(-0.0920933 0.103278 0)
(-0.136149 0.111185 0)
(-0.180062 0.10859 0)
(-0.220407 0.0966168 0)
(-0.25422 0.0767094 0)
(-0.279082 0.0505142 0)
(-0.293152 0.0198907 0)
(-0.295219 -0.0130179 0)
(-0.284802 -0.045726 0)
(-0.262261 -0.0754137 0)
(-0.228937 -0.0990512 0)
(-0.187245 -0.113673 0)
(-0.140698 -0.116816 0)
(-0.0936988 -0.107098 0)
(-0.0511599 -0.0848193 0)
(-0.0187654 -0.0525415 0)
(-0.00294745 -0.0159249 0)
(-0.00431118 0.0300214 0)
(-0.0243902 0.0834443 0)
(-0.0626082 0.12403 0)
(-0.110499 0.149218 0)
(-0.162054 0.158885 0)
(-0.212956 0.154114 0)
(-0.259471 0.136609 0)
(-0.298446 0.108386 0)
(-0.327337 0.071666 0)
(-0.344183 0.028913 0)
(-0.34762 -0.0170565 0)
(-0.336967 -0.0629721 0)
(-0.312368 -0.105086 0)
(-0.274976 -0.139292 0)
(-0.227155 -0.161445 0)
(-0.172626 -0.167918 0)
(-0.116378 -0.156365 0)
(-0.0643518 -0.126566 0)
(-0.0239207 -0.0811846 0)
(-0.0038297 -0.026671 0)
(-0.0051228 0.0438009 0)
(-0.0286932 0.117085 0)
(-0.0731013 0.17053 0)
(-0.128129 0.202444 0)
(-0.186735 0.213623 0)
(-0.244131 0.20602 0)
(-0.29636 0.182117 0)
(-0.340194 0.144603 0)
(-0.373065 0.0962967 0)
(-0.392962 0.0402308 0)
(-0.398383 -0.0201721 0)
(-0.388399 -0.0809232 0)
(-0.362806 -0.137371 0)
(-0.322378 -0.184268 0)
(-0.269201 -0.216087 0)
(-0.207009 -0.227672 0)
(-0.141279 -0.215219 0)
(-0.0790645 -0.177442 0)
(-0.0297412 -0.116697 0)
(-0.00483889 -0.0401664 0)
(-0.00593722 0.0598103 0)
(-0.0329427 0.155831 0)
(-0.0833244 0.22355 0)
(-0.145059 0.262513 0)
(-0.210083 0.274852 0)
(-0.273217 0.263741 0)
(-0.330413 0.232668 0)
(-0.378517 0.185105 0)
(-0.415085 0.12447 0)
(-0.438164 0.0542832 0)
(-0.446172 -0.021557 0)
(-0.437907 -0.0984891 0)
(-0.412695 -0.171064 0)
(-0.370712 -0.232892 0)
(-0.31347 -0.276885 0)
(-0.244389 -0.295938 0)
(-0.169198 -0.284136 0)
(-0.0960468 -0.238361 0)
(-0.0366689 -0.160019 0)
(-0.00609585 -0.0568737 0)
(-0.00679347 0.0780579 0)
(-0.0372582 0.199575 0)
(-0.0934062 0.282745 0)
(-0.161253 0.328795 0)
(-0.231712 0.341714 0)
(-0.299342 0.326321 0)
(-0.360201 0.287379 0)
(-0.411431 0.229257 0)
(-0.45092 0.155952 0)
(-0.476954 0.0713505 0)
(-0.487984 -0.020379 0)
(-0.482565 -0.114341 0)
(-0.459472 -0.204512 0)
(-0.418051 -0.283475 0)
(-0.358853 -0.342483 0)
(-0.284503 -0.372054 0)
(-0.200518 -0.363355 0)
(-0.115922 -0.310342 0)
(-0.0451494 -0.21243 0)
(-0.00773413 -0.0775091 0)
(-0.00775227 0.0986304 0)
(-0.0418184 0.248275 0)
(-0.103523 0.347663 0)
(-0.176612 0.40033 0)
(-0.25097 0.412828 0)
(-0.321102 0.392155 0)
(-0.383469 0.344668 0)
(-0.43582 0.275757 0)
(-0.476672 0.189954 0)
(-0.504802 0.0913385 0)
(-0.518897 -0.0159248 0)
(-0.517386 -0.126956 0)
(-0.498478 -0.235522 0)
(-0.460487 -0.333483 0)
(-0.402565 -0.410504 0)
(-0.325876 -0.454392 0)
(-0.234945 -0.452466 0)
(-0.139095 -0.394249 0)
(-0.055648 -0.275461 0)
(-0.00992105 -0.103055 0)
(-0.00893534 0.121756 0)
(-0.0469651 0.301993 0)
(-0.114019 0.417681 0)
(-0.191048 0.475652 0)
(-0.266941 0.486025 0)
(-0.336501 0.458679 0)
(-0.397032 0.401939 0)
(-0.447314 0.322323 0)
(-0.486874 0.22483 0)
(-0.515317 0.113508 0)
(-0.531852 -0.00782167 0)
(-0.535005 -0.134747 0)
(-0.522524 -0.261365 0)
(-0.491592 -0.37935 0)
(-0.439544 -0.477157 0)
(-0.365264 -0.539791 0)
(-0.271128 -0.549811 0)
(-0.165614 -0.490353 0)
(-0.068679 -0.35075 0)
(-0.0128944 -0.134803 0)
(-0.0105946 0.147955 0)
(-0.0533609 0.361004 0)
(-0.12554 0.491919 0)
(-0.204508 0.552525 0)
(-0.278338 0.558006 0)
(-0.342754 0.522016 0)
(-0.396546 0.455236 0)
(-0.440078 0.365381 0)
(-0.474332 0.257777 0)
(-0.500118 0.136179 0)
(-0.517516 0.00367725 0)
(-0.525475 -0.136312 0)
(-0.521548 -0.278905 0)
(-0.501886 -0.41641 0)
(-0.461749 -0.536871 0)
(-0.396909 -0.622888 0)
(-0.306062 -0.651656 0)
(-0.194896 -0.597648 0)
(-0.0848347 -0.439784 0)
(-0.0170245 -0.174448 0)
(-0.0132354 0.178338 0)
(-0.0622125 0.42593 0)
(-0.139113 0.569015 0)
(-0.216773 0.627504 0)
(-0.283068 0.623854 0)
(-0.335741 0.576546 0)
(-0.375989 0.498921 0)
(-0.406406 0.39981 0)
(-0.429872 0.284621 0)
(-0.448742 0.156497 0)
(-0.464292 0.017403 0)
(-0.476275 -0.13077 0)
(-0.482491 -0.284917 0)
(-0.478453 -0.439048 0)
(-0.457454 -0.582095 0)
(-0.41158 -0.695438 0)
(-0.334155 -0.751097 0)
(-0.225192 -0.712758 0)
(-0.104769 -0.543418 0)
(-0.0229137 -0.224274 0)
(-0.0178237 0.215139 0)
(-0.0755269 0.497814 0)
(-0.155923 0.646577 0)
(-0.226634 0.695142 0)
(-0.277024 0.676334 0)
(-0.308712 0.614451 0)
(-0.32651 0.525462 0)
(-0.335879 0.41891 0)
(-0.34188 0.29984 0)
(-0.348544 0.1704 0)
(-0.358506 0.0310911 0)
(-0.372644 -0.118133 0)
(-0.389554 -0.27662 0)
(-0.404868 -0.441217 0)
(-0.410636 -0.60351 0)
(-0.395389 -0.745851 0)
(-0.345762 -0.836781 0)
(-0.252488 -0.82827 0)
(-0.128975 -0.660882 0)
(-0.0315162 -0.287392 0)
(-0.0260553 0.262535 0)
(-0.0961412 0.577751 0)
(-0.176094 0.719839 0)
(-0.229535 0.746609 0)
(-0.251249 0.70499 0)
(-0.249581 0.625404 0)
(-0.234232 0.525601 0)
(-0.213833 0.414851 0)
(-0.195455 0.297089 0)
(-0.1845 0.173031 0)
(-0.184747 0.0415109 0)
(-0.198271 -0.0995932 0)
(-0.22498 -0.2524 0)
(-0.26168 -0.417486 0)
(-0.300691 -0.590991 0)
(-0.328423 -0.759444 0)
(-0.324888 -0.891804 0)
(-0.268216 -0.930366 0)
(-0.156765 -0.787761 0)
(-0.0440835 -0.367869 0)
(-0.0403127 0.327933 0)
(-0.126355 0.66517 0)
(-0.194488 0.778656 0)
(-0.211674 0.767437 0)
(-0.186026 0.695248 0)
(-0.135986 0.596841 0)
(-0.0766186 0.489377 0)
(-0.0190224 0.380035 0)
(0.0287816 0.270583 0)
(0.0610445 0.159893 0)
(0.0736115 0.0451738 0)
(0.063586 -0.0774595 0)
(0.0295226 -0.212583 0)
(-0.0276661 -0.364632 0)
(-0.102803 -0.535668 0)
(-0.183358 -0.720007 0)
(-0.245629 -0.893418 0)
(-0.254523 -0.995885 0)
(-0.182896 -0.912423 0)
(-0.0611241 -0.47087 0)
(-0.0616697 0.424705 0)
(-0.161451 0.752306 0)
(-0.188561 0.800276 0)
(-0.136822 0.733311 0)
(-0.0400703 0.627573 0)
(0.0722666 0.515272 0)
(0.182162 0.408426 0)
(0.278786 0.309634 0)
(0.355535 0.217457 0)
(0.408145 0.128807 0)
(0.433416 0.0397282 0)
(0.428499 -0.054556 0)
(0.390707 -0.159908 0)
(0.318005 -0.28348 0)
(0.210744 -0.432994 0)
(0.0756482 -0.613023 0)
(-0.0670546 -0.813999 0)
(-0.175524 -0.988645 0)
(-0.189034 -1.00956 0)
(-0.0780723 -0.603332 0)
(-0.0786736 0.569472 0)
(-0.166936 0.807137 0)
(-0.0878258 0.73693 0)
(0.0791965 0.607175 0)
(0.265645 0.480632 0)
(0.44144 0.371691 0)
(0.594187 0.281423 0)
(0.718715 0.20618 0)
(0.813225 0.141334 0)
(0.877064 0.0825365 0)
(0.909396 0.0257095 0)
(0.90849 -0.0334423 0)
(0.871268 -0.100175 0)
(0.793116 -0.181754 0)
(0.668477 -0.288554 0)
(0.493714 -0.43389 0)
(0.273967 -0.628142 0)
(0.038024 -0.857793 0)
(-0.124547 -1.02334 0)
(-0.0702347 -0.759393 0)
(0.00160362 0.697868 0)
(0.0124217 0.729794 0)
(0.296247 0.530177 0)
(0.604839 0.373209 0)
(0.859891 0.263945 0)
(1.06231 0.187052 0)
(1.22011 0.132196 0)
(1.33935 0.0916968 0)
(1.42501 0.0599989 0)
(1.48072 0.0332593 0)
(1.50826 0.00863982 0)
(1.50754 -0.0163844 0)
(1.47617 -0.0447994 0)
(1.40884 -0.081072 0)
(1.29621 -0.132985 0)
(1.12423 -0.214569 0)
(0.872926 -0.349105 0)
(0.523734 -0.564569 0)
(0.155499 -0.838522 0)
(0.0715716 -0.818165 0)
(0.761326 0.372609 0)
(0.992226 0.328223 0)
(1.39349 0.201864 0)
(1.69634 0.121148 0)
(1.88371 0.0743171 0)
(2.00544 0.0463366 0)
(2.0888 0.029203 0)
(2.14596 0.0182733 0)
(2.18377 0.010766 0)
(2.2063 0.00505918 0)
(2.21563 0.000165589 0)
(2.2123 -0.00462835 0)
(2.19541 -0.0101062 0)
(2.16206 -0.0174651 0)
(2.10596 -0.0291013 0)
(2.01436 -0.0502889 0)
(1.85782 -0.0926373 0)
(1.5678 -0.179004 0)
(1.1218 -0.329653 0)
(0.823196 -0.394469 0)
)
;

boundaryField
{
    movingWall
    {
        type            fixedValue;
        value           uniform (2.6 0 0);
    }
    fixedWalls
    {
        type            noSlip;
    }
    frontAndBack
    {
        type            empty;
    }
}


// ************************************************************************* //
