/*--------------------------------*- C++ -*----------------------------------*\
  =========                 |
  \\      /  F ield         | OpenFOAM: The Open Source CFD Toolbox
   \\    /   O peration     | Website:  https://openfoam.org
    \\  /    A nd           | Version:  8
     \\/     M anipulation  |
\*---------------------------------------------------------------------------*/
FoamFile
{
    version     2.0;
    format      ascii;
    class       surfaceScalarField;
    location    "0.4";
    object      phi;
}
// * * * * * * * * * * * * * * * * * * * * * * * * * * * * * * * * * * * * * //

dimensions      [0 3 -1 0 0 0 0];

internalField   nonuniform List<scalar> 
760
(
4.68625e-08
-4.69454e-08
-9.09426e-08
1.37805e-07
-4.22572e-07
3.3163e-07
-8.86143e-07
4.63576e-07
-1.41402e-06
5.27881e-07
-1.9455e-06
5.31481e-07
-2.42888e-06
4.83385e-07
-2.82092e-06
3.92042e-07
-3.08609e-06
2.65169e-07
-3.19716e-06
1.11072e-07
-3.13748e-06
-5.96774e-08
-2.90446e-06
-2.33019e-07
-2.51327e-06
-3.91194e-07
-1.99948e-06
-5.13796e-07
-1.41923e-06
-5.80247e-07
-8.45649e-07
-5.73586e-07
-3.60398e-07
-4.8525e-07
-4.02514e-08
-3.20145e-07
6.58269e-08
-1.06076e-07
6.58282e-08
-1.3427e-07
8.73253e-08
-6.7361e-07
6.77146e-07
-1.58715e-06
1.24517e-06
-2.76132e-06
1.63775e-06
-4.0608e-06
1.82736e-06
-5.35325e-06
1.82393e-06
-6.51941e-06
1.64954e-06
-7.45685e-06
1.32948e-06
-8.08199e-06
8.90317e-07
-8.33331e-06
3.62391e-07
-8.17645e-06
-2.16536e-07
-7.6108e-06
-7.98665e-07
-6.67582e-06
-1.32617e-06
-5.45466e-06
-1.73496e-06
-4.07246e-06
-1.96245e-06
-2.68674e-06
-1.95931e-06
-1.46793e-06
-1.70406e-06
-5.69759e-07
-1.21831e-06
-8.88511e-08
-5.86984e-07
-2.30209e-08
-3.49703e-07
4.37029e-07
-1.32128e-06
1.64873e-06
-2.7883e-06
2.71219e-06
-4.58138e-06
3.43082e-06
-6.51631e-06
3.76229e-06
-8.41413e-06
3.72175e-06
-1.0112e-05
3.34741e-06
-1.14689e-05
2.68641e-06
-1.23699e-05
1.7913e-06
-1.2731e-05
7.2346e-07
-1.25061e-05
-4.41426e-07
-1.16953e-05
-1.60948e-06
-1.03522e-05
-2.6692e-06
-8.58877e-06
-3.49843e-06
-6.57248e-06
-3.97873e-06
-4.51488e-06
-4.01692e-06
-2.64725e-06
-3.57169e-06
-1.18504e-06
-2.68052e-06
-2.84255e-07
-1.48777e-06
-3.07274e-07
-5.46211e-07
9.83238e-07
-1.93452e-06
3.03704e-06
-3.929e-06
4.70667e-06
-6.29257e-06
5.79439e-06
-8.79417e-06
6.26389e-06
-1.12187e-05
6.14623e-06
-1.33733e-05
5.50203e-06
-1.50917e-05
4.40485e-06
-1.6238e-05
2.93757e-06
-1.67118e-05
1.19723e-06
-1.64559e-05
-6.97278e-07
-1.54658e-05
-2.59963e-06
-1.37984e-05
-4.33654e-06
-1.15794e-05
-5.71744e-06
-9.00296e-06
-6.55517e-06
-6.32188e-06
-6.698e-06
-3.82358e-06
-6.06999e-06
-1.79284e-06
-4.71126e-06
-4.67139e-07
-2.81348e-06
-7.74411e-07
-7.22455e-07
1.70569e-06
-2.50111e-06
4.81569e-06
-4.99373e-06
7.19929e-06
-7.89167e-06
8.69234e-06
-1.09173e-05
9.28948e-06
-1.38245e-05
9.05348e-06
-1.6399e-05
8.07647e-06
-1.84575e-05
6.46337e-06
-1.98496e-05
4.32965e-06
-2.04611e-05
1.80882e-06
-2.02218e-05
-9.36585e-07
-1.9115e-05
-3.70642e-06
-1.71899e-05
-6.26172e-06
-1.45722e-05
-8.33505e-06
-1.14713e-05
-9.6561e-06
-8.17518e-06
-9.99413e-06
-5.03108e-06
-9.21409e-06
-2.40742e-06
-7.33492e-06
-6.43369e-07
-4.57753e-06
-1.41778e-06
-8.83213e-07
2.5889e-06
-3.02585e-06
6.95833e-06
-5.98629e-06
1.01597e-05
-9.38532e-06
1.20914e-05
-1.29005e-05
1.28047e-05
-1.62595e-05
1.24125e-05
-1.92326e-05
1.10496e-05
-2.16265e-05
8.85731e-06
-2.32811e-05
5.98421e-06
-2.407e-05
2.59769e-06
-2.39063e-05
-1.10021e-06
-2.27536e-05
-4.85915e-06
-2.06406e-05
-8.37474e-06
-1.76793e-05
-1.12964e-05
-1.40809e-05
-1.32545e-05
-1.01626e-05
-1.39124e-05
-6.33623e-06
-1.30405e-05
-3.07055e-06
-1.06006e-05
-8.30143e-07
-6.81794e-06
-2.24792e-06
-1.03267e-06
3.62157e-06
-3.51514e-06
9.4408e-06
-6.91142e-06
1.3556e-05
-1.07743e-05
1.59543e-05
-1.47402e-05
1.67705e-05
-1.8516e-05
1.61882e-05
-2.18639e-05
1.43975e-05
-2.45877e-05
1.15811e-05
-2.65232e-05
7.91972e-06
-2.75342e-05
3.60873e-06
-2.75154e-05
-1.11904e-06
-2.64024e-05
-5.97217e-06
-2.41904e-05
-1.05867e-05
-2.09602e-05
-1.45266e-05
-1.69073e-05
-1.73075e-05
-1.23656e-05
-1.84541e-05
-7.81142e-06
-1.75947e-05
-3.83141e-06
-1.45806e-05
-1.04688e-06
-9.60246e-06
-3.2948e-06
-1.17386e-06
4.79543e-06
-3.97364e-06
1.22406e-05
-7.76954e-06
1.73519e-05
-1.20481e-05
2.02329e-05
-1.64093e-05
2.11317e-05
-2.05472e-05
2.03261e-05
-2.42254e-05
1.80757e-05
-2.72546e-05
1.46104e-05
-2.94751e-05
1.01402e-05
-3.07464e-05
4.88001e-06
-3.09454e-05
-9.20069e-07
-2.99745e-05
-6.94307e-06
-2.77822e-05
-1.2779e-05
-2.43971e-05
-1.79117e-05
-1.9973e-05
-2.17315e-05
-1.48372e-05
-2.35899e-05
-9.51975e-06
-2.29121e-05
-4.73881e-06
-1.93615e-05
-1.31358e-06
-1.30277e-05
-4.60838e-06
-1.30969e-06
6.10511e-06
-4.40576e-06
1.53367e-05
-8.55791e-06
2.15041e-05
-1.31854e-05
2.48604e-05
-1.78577e-05
2.5804e-05
-2.22669e-05
2.47353e-05
-2.61914e-05
2.20002e-05
-2.94627e-05
1.78816e-05
-3.19384e-05
1.26159e-05
-3.34844e-05
6.42601e-06
-3.3966e-05
-4.3842e-07
-3.32519e-05
-7.65726e-06
-3.12328e-05
-1.4798e-05
-2.78621e-05
-2.12824e-05
-2.32173e-05
-2.63763e-05
-1.75787e-05
-2.92285e-05
-1.15013e-05
-2.89896e-05
-5.83661e-06
-2.50262e-05
-1.65085e-06
-1.72134e-05
-6.25923e-06
-1.44575e-06
7.55086e-06
-4.82125e-06
1.87121e-05
-9.27692e-06
2.59597e-05
-1.41595e-05
2.97429e-05
-1.90158e-05
3.06604e-05
-2.35515e-05
2.92709e-05
-2.75781e-05
2.60269e-05
-3.09671e-05
2.12706e-05
-3.36121e-05
1.52609e-05
-3.5402e-05
8.2159e-06
-3.62042e-05
3.6384e-07
-3.58605e-05
-8.00098e-06
-3.42001e-05
-1.64585e-05
-3.10795e-05
-2.4403e-05
-2.64579e-05
-3.09979e-05
-2.05097e-05
-3.51767e-05
-1.37561e-05
-3.57431e-05
-7.15955e-06
-3.16228e-05
-2.08113e-06
-2.22919e-05
-8.34036e-06
-1.59521e-06
9.14607e-06
-5.24448e-06
2.23614e-05
-9.93993e-06
3.06552e-05
-1.49458e-05
3.47488e-05
-1.97993e-05
3.55139e-05
-2.42422e-05
3.37138e-05
-2.8145e-05
2.99297e-05
-3.14438e-05
2.45694e-05
-3.40921e-05
1.79092e-05
-3.60251e-05
1.01489e-05
-3.71342e-05
1.47288e-06
-3.72517e-05
-7.88345e-06
-3.61526e-05
-1.75576e-05
-3.35845e-05
-2.69711e-05
-2.93456e-05
-3.52369e-05
-2.34271e-05
-4.10952e-05
-1.62199e-05
-4.29503e-05
-8.7266e-06
-3.91161e-05
-2.63082e-06
-2.83876e-05
-1.09712e-05
-1.78662e-06
1.09327e-05
-5.72722e-06
2.6302e-05
-1.05835e-05
3.55115e-05
-1.5526e-05
3.96913e-05
-2.01072e-05
4.00951e-05
-2.4141e-05
3.77476e-05
-2.75911e-05
3.33798e-05
-3.04887e-05
2.7467e-05
-3.28746e-05
2.0295e-05
-3.47573e-05
1.20317e-05
-3.60809e-05
2.79642e-06
-3.66975e-05
-7.2668e-06
-3.63517e-05
-1.79034e-05
-3.46884e-05
-2.86344e-05
-3.13145e-05
-3.86108e-05
-2.59532e-05
-4.64565e-05
-1.87251e-05
-5.01784e-05
-1.05277e-05
-4.73135e-05
-3.33335e-06
-3.5582e-05
-1.43045e-05
-2.07681e-06
1.30095e-05
-6.36327e-06
3.05885e-05
-1.12702e-05
4.04184e-05
-1.58756e-05
4.42967e-05
-1.97994e-05
4.40189e-05
-2.29844e-05
4.09326e-05
-2.55332e-05
3.59286e-05
-2.76056e-05
2.95395e-05
-2.9356e-05
2.20455e-05
-3.08919e-05
1.35676e-05
-3.22397e-05
4.14416e-06
-3.33089e-05
-6.19754e-06
-3.38562e-05
-1.73561e-05
-3.34588e-05
-2.90317e-05
-3.15344e-05
-4.05352e-05
-2.74689e-05
-5.0522e-05
-2.09412e-05
-5.67061e-05
-1.24971e-05
-5.57576e-05
-4.23251e-06
-4.38466e-05
-1.8537e-05
-2.57087e-06
1.55804e-05
-7.29726e-06
3.53149e-05
-1.20627e-05
4.51839e-05
-1.5905e-05
4.8139e-05
-1.8619e-05
4.67328e-05
-2.03646e-05
4.26782e-05
-2.14392e-05
3.70032e-05
-2.21613e-05
3.02616e-05
-2.28152e-05
2.26994e-05
-2.36206e-05
1.43729e-05
-2.47069e-05
5.23049e-06
-2.60779e-05
-4.82654e-06
-2.75587e-05
-1.58754e-05
-2.87298e-05
-2.78606e-05
-2.88772e-05
-4.03879e-05
-2.70362e-05
-5.2363e-05
-2.2282e-05
-6.14602e-05
-1.44556e-05
-6.3584e-05
-5.38076e-06
-5.29214e-05
-2.39178e-05
-3.44685e-06
1.90272e-05
-8.69776e-06
4.05658e-05
-1.29131e-05
4.93993e-05
-1.52888e-05
5.05146e-05
-1.60004e-05
4.74445e-05
-1.55481e-05
4.22259e-05
-1.44774e-05
3.59324e-05
-1.32767e-05
2.90609e-05
-1.23503e-05
2.17731e-05
-1.2017e-05
1.40396e-05
-1.25062e-05
5.71971e-06
-1.39356e-05
-3.39707e-06
-1.62556e-05
-1.35554e-05
-1.91508e-05
-2.49654e-05
-2.19067e-05
-3.76319e-05
-2.33073e-05
-5.09624e-05
-2.17558e-05
-6.30118e-05
-1.59821e-05
-6.93576e-05
-6.80845e-06
-6.20951e-05
-3.07263e-05
-4.94987e-06
2.39771e-05
-1.05867e-05
4.62026e-05
-1.33211e-05
5.21336e-05
-1.3046e-05
5.02395e-05
-1.06575e-05
4.50561e-05
-7.12099e-06
3.86893e-05
-3.23937e-06
3.20508e-05
3.71069e-07
2.54505e-05
3.24442e-06
1.88997e-05
5.01843e-06
1.22656e-05
5.40516e-06
5.33298e-06
4.18768e-06
-2.17959e-06
1.25836e-06
-1.0626e-05
-3.27813e-06
-2.04289e-05
-8.90788e-06
-3.20022e-05
-1.44252e-05
-4.5445e-05
-1.77209e-05
-5.97162e-05
-1.61246e-05
-7.09539e-05
-8.38703e-06
-6.98327e-05
-3.91133e-05
-7.21876e-06
3.11959e-05
-1.21933e-05
5.11771e-05
-1.14186e-05
5.1359e-05
-6.63035e-06
4.54512e-05
1.73232e-07
3.82525e-05
7.57547e-06
3.12871e-05
1.46485e-05
2.49778e-05
2.0797e-05
1.93019e-05
2.56225e-05
1.40742e-05
2.88249e-05
9.06316e-06
3.01407e-05
4.01719e-06
2.93117e-05
-1.35061e-06
2.60903e-05
-7.40457e-06
2.03038e-05
-1.46425e-05
1.20464e-05
-2.37448e-05
2.08409e-06
-3.54827e-05
-7.50796e-06
-5.01241e-05
-1.28389e-05
-6.5623e-05
-9.44874e-06
-7.32228e-05
-4.8562e-05
-9.51603e-06
4.07119e-05
-9.92826e-06
5.15894e-05
-1.79314e-06
4.32239e-05
9.77002e-06
3.38881e-05
2.18447e-05
2.61778e-05
3.30705e-05
2.00614e-05
4.28169e-05
1.52314e-05
5.0797e-05
1.13219e-05
5.68679e-05
8.00333e-06
6.09193e-05
5.01176e-06
6.28098e-05
2.12669e-06
6.2327e-05
-8.67856e-07
5.91577e-05
-4.2353e-06
5.28816e-05
-8.36639e-06
4.30471e-05
-1.39103e-05
2.94943e-05
-2.19298e-05
1.32325e-05
-3.38623e-05
-1.89915e-06
-5.04914e-05
-7.95722e-06
-6.71647e-05
-5.65192e-05
-5.42922e-06
4.61411e-05
8.97566e-06
3.71845e-05
2.89428e-05
2.32567e-05
4.74304e-05
1.54005e-05
6.29979e-05
1.06103e-05
7.56398e-05
7.41939e-06
8.56424e-05
5.22876e-06
9.33091e-05
3.65515e-06
9.88726e-05
2.4399e-06
0.000102466
1.41829e-06
0.000104112
4.80221e-07
0.000103713
-4.6883e-07
0.000101003
-1.52504e-06
9.54866e-05
-2.84977e-06
8.63248e-05
-4.74851e-06
7.22781e-05
-7.8831e-06
5.21075e-05
-1.36917e-05
2.64457e-05
-2.48297e-05
2.92966e-06
-4.36487e-05
-5.35896e-05
4.61411e-05
8.33256e-05
0.000106582
0.000121983
0.000132593
0.000140013
0.000145241
0.000148896
0.000151336
0.000152755
0.000153235
0.000152766
0.000151241
0.000148391
0.000143643
0.00013576
0.000122068
9.72382e-05
5.35896e-05
)
;

boundaryField
{
    movingWall
    {
        type            calculated;
        value           uniform 0;
    }
    fixedWalls
    {
        type            calculated;
        value           uniform 0;
    }
    frontAndBack
    {
        type            empty;
        value           nonuniform List<scalar> 0();
    }
}


// ************************************************************************* //
