/*--------------------------------*- C++ -*----------------------------------*\
  =========                 |
  \\      /  F ield         | OpenFOAM: The Open Source CFD Toolbox
   \\    /   O peration     | Website:  https://openfoam.org
    \\  /    A nd           | Version:  8
     \\/     M anipulation  |
\*---------------------------------------------------------------------------*/
FoamFile
{
    version     2.0;
    format      ascii;
    class       volScalarField;
    location    "0.1";
    object      p;
}
// * * * * * * * * * * * * * * * * * * * * * * * * * * * * * * * * * * * * * //

dimensions      [0 2 -2 0 0 0 0];

internalField   nonuniform List<scalar> 
400
(
1.81915e-09
-0.0175425
-0.0385639
-0.0543931
-0.0603144
-0.0543751
-0.0363962
-0.0074007
0.0307071
0.0752748
0.122974
0.169916
0.211905
0.244865
0.265449
0.271763
0.264132
0.245766
0.223176
0.206078
0.016732
-0.0013608
-0.0177804
-0.0285683
-0.0316851
-0.0257791
-0.0106126
0.0131297
0.0440533
0.0801321
0.118759
0.156854
0.191083
0.218226
0.235672
0.241984
0.237469
0.224457
0.206643
0.189207
0.0380028
0.0132323
-0.00424627
-0.0139345
-0.0163857
-0.0109943
0.0022888
0.0228702
0.0496544
0.0810314
0.114855
0.148499
0.179034
0.203544
0.219565
0.225594
0.221631
0.209227
0.189716
0.16537
0.0561942
0.0223968
0.0010273
-0.00979875
-0.0128589
-0.00823361
0.00387286
0.0228487
0.0477737
0.0773086
0.109582
0.142173
0.172233
0.196762
0.213035
0.219119
0.214508
0.200095
0.175419
0.14115
0.0659116
0.0228309
-0.00315833
-0.015823
-0.0198694
-0.0159534
-0.00449261
0.0138843
0.0384077
0.0679614
0.100871
0.134803
0.16682
0.193621
0.211949
0.21918
0.214124
0.197018
0.165889
0.120481
0.0629093
0.0108034
-0.0198921
-0.0345383
-0.0395513
-0.0360604
-0.0246335
-0.00587638
0.0196106
0.0509342
0.0865946
0.12429
0.160887
0.192602
0.215405
0.225688
0.221318
0.201746
0.163527
0.10585
0.0435459
-0.017247
-0.0524459
-0.0688799
-0.0745673
-0.0710487
-0.0589835
-0.0388955
-0.0111596
0.0236068
0.0641201
0.108124
0.152247
0.192092
0.222605
0.238838
0.237326
0.216398
0.170851
0.0993981
0.0043254
-0.0648403
-0.104139
-0.121879
-0.127702
-0.123559
-0.11016
-0.0878773
-0.0567657
-0.017054
0.0303135
0.0832332
0.138148
0.189987
0.232437
0.258783
0.263655
0.243648
0.191062
0.103893
-0.0583706
-0.135677
-0.17848
-0.196719
-0.201839
-0.196282
-0.180804
-0.155552
-0.120131
-0.0742075
-0.0181738
0.0462414
0.115477
0.183846
0.243611
0.285808
0.302393
0.287225
0.228776
0.123648
-0.148467
-0.233818
-0.279216
-0.296607
-0.299668
-0.291536
-0.273054
-0.244074
-0.203598
-0.15049
-0.0842898
-0.00599941
0.0811672
0.171159
0.254805
0.320452
0.356436
0.352414
0.290856
0.165565
-0.270483
-0.363965
-0.410387
-0.424541
-0.423209
-0.410594
-0.387725
-0.354095
-0.307912
-0.246955
-0.169525
-0.0754152
0.0330575
0.150001
0.265105
0.36381
0.429841
0.446692
0.387496
0.240579
-0.430212
-0.532021
-0.576454
-0.582994
-0.573148
-0.552782
-0.523237
-0.483551
-0.430907
-0.361661
-0.27243
-0.161218
-0.0287038
0.120234
0.274921
0.418174
0.528389
0.58058
0.533762
0.365894
-0.636359
-0.746181
-0.782508
-0.773412
-0.747928
-0.71435
-0.674368
-0.626341
-0.566089
-0.488144
-0.386971
-0.25816
-0.0998827
0.0851791
0.287379
0.48808
0.660443
0.768794
0.751826
0.568791
-0.904383
-1.01898
-1.03445
-0.995353
-0.942494
-0.887161
-0.831026
-0.771206
-0.701591
-0.614381
-0.501406
-0.355253
-0.170708
0.0531329
0.309701
0.581346
0.837747
1.03153
1.07433
0.89361
-1.26513
-1.37069
-1.33847
-1.24461
-1.14636
-1.05718
-0.977275
-0.901269
-0.820164
-0.723058
-0.598685
-0.43614
-0.22608
0.0373709
0.353253
0.708871
1.07497
1.39474
1.54848
1.41391
-1.78188
-1.83386
-1.69907
-1.51019
-1.3413
-1.20328
-1.09136
-0.995104
-0.901163
-0.79422
-0.659593
-0.482505
-0.248959
0.0530571
0.4309
0.882231
1.3871
1.88762
2.23767
2.24782
-2.58399
-2.45688
-2.11586
-1.77303
-1.50176
-1.29929
-1.14924
-1.03169
-0.925843
-0.811555
-0.669745
-0.481652
-0.22835
0.109318
0.549815
1.10777
1.78414
2.53625
3.22011
3.58179
-3.98442
-3.30044
-2.55859
-1.9897
-1.58694
-1.31188
-1.12659
-0.994677
-0.88484
-0.770873
-0.629594
-0.438611
-0.174348
0.190137
0.68744
1.35712
2.23629
3.33074
4.59989
5.80672
-6.8561
-4.3845
-2.81921
-1.97599
-1.4679
-1.15724
-0.973084
-0.858041
-0.769886
-0.678077
-0.557733
-0.385214
-0.135027
0.22508
0.740818
1.48184
2.54532
4.07356
6.44506
9.85308
-12.1075
-5.43561
-2.47875
-1.45326
-0.988716
-0.754711
-0.651551
-0.610504
-0.586376
-0.550588
-0.481569
-0.359374
-0.161464
0.141254
0.594737
1.28376
2.37615
4.27419
8.26732
15.9836
)
;

boundaryField
{
    movingWall
    {
        type            zeroGradient;
    }
    fixedWalls
    {
        type            zeroGradient;
    }
    frontAndBack
    {
        type            empty;
    }
}


// ************************************************************************* //
