/*--------------------------------*- C++ -*----------------------------------*\
  =========                 |
  \\      /  F ield         | OpenFOAM: The Open Source CFD Toolbox
   \\    /   O peration     | Website:  https://openfoam.org
    \\  /    A nd           | Version:  8
     \\/     M anipulation  |
\*---------------------------------------------------------------------------*/
FoamFile
{
    version     2.0;
    format      ascii;
    class       surfaceScalarField;
    location    "0.1";
    object      phi;
}
// * * * * * * * * * * * * * * * * * * * * * * * * * * * * * * * * * * * * * //

dimensions      [0 3 -1 0 0 0 0];

internalField   nonuniform List<scalar> 
760
(
3.88696e-08
-3.88679e-08
-7.28768e-08
1.11745e-07
-3.44723e-07
2.71846e-07
-7.26063e-07
3.81341e-07
-1.16089e-06
4.34831e-07
-1.59836e-06
4.37465e-07
-1.99507e-06
3.96719e-07
-2.31517e-06
3.20092e-07
-2.52986e-06
2.14694e-07
-2.61787e-06
8.80057e-08
-2.56686e-06
-5.10033e-08
-2.37585e-06
-1.91014e-07
-2.05768e-06
-3.18167e-07
-1.64094e-06
-4.16736e-07
-1.17014e-06
-4.70809e-07
-7.03187e-07
-4.66949e-07
-3.05451e-07
-3.97737e-07
-3.96933e-08
-2.65757e-07
5.18218e-08
-9.15147e-08
5.18227e-08
-1.0853e-07
6.96605e-08
-5.47833e-07
5.51049e-07
-1.2953e-06
1.01931e-06
-2.25878e-06
1.34482e-06
-3.32628e-06
1.50233e-06
-4.38749e-06
1.49867e-06
-5.34306e-06
1.35229e-06
-6.10845e-06
1.08549e-06
-6.61595e-06
7.22184e-07
-6.81695e-06
2.89007e-07
-6.68561e-06
-1.8234e-07
-6.2233e-06
-6.53324e-07
-5.46294e-06
-1.07853e-06
-4.47149e-06
-1.40818e-06
-3.3487e-06
-1.5936e-06
-2.22003e-06
-1.59562e-06
-1.22228e-06
-1.39549e-06
-4.80957e-07
-1.00708e-06
-7.82936e-08
-4.94179e-07
-2.64691e-08
-2.8296e-07
3.5262e-07
-1.07468e-06
1.34277e-06
-2.27487e-06
2.2195e-06
-3.74549e-06
2.81545e-06
-5.33406e-06
3.0909e-06
-6.89148e-06
3.05609e-06
-8.28229e-06
2.7431e-06
-9.39028e-06
2.19348e-06
-1.01222e-05
1.45408e-06
-1.04115e-05
5.78322e-07
-1.02234e-05
-3.70475e-07
-9.56018e-06
-1.3165e-06
-8.46689e-06
-2.17183e-06
-7.03384e-06
-2.84123e-06
-5.39512e-06
-3.23233e-06
-3.71948e-06
-3.27125e-06
-2.19244e-06
-2.92253e-06
-9.89174e-07
-2.21035e-06
-2.40618e-07
-1.24273e-06
-2.67086e-07
-4.42562e-07
7.95182e-07
-1.57517e-06
2.47538e-06
-3.20887e-06
3.8532e-06
-5.14952e-06
4.7561e-06
-7.20516e-06
5.14654e-06
-9.19603e-06
5.04696e-06
-1.09615e-05
4.50855e-06
-1.23643e-05
3.59631e-06
-1.32942e-05
2.38398e-06
-1.36718e-05
9.55879e-07
-1.34538e-05
-5.8842e-07
-1.26399e-05
-2.13043e-06
-1.12787e-05
-3.53307e-06
-9.47246e-06
-4.64742e-06
-7.37727e-06
-5.32753e-06
-5.19492e-06
-5.4536e-06
-3.15534e-06
-4.9621e-06
-1.48873e-06
-3.87696e-06
-3.91861e-07
-2.3396e-06
-6.58947e-07
-5.86874e-07
1.38206e-06
-2.04225e-06
3.93075e-06
-4.09003e-06
5.90098e-06
-6.47583e-06
7.1419e-06
-8.96757e-06
7.63829e-06
-1.13586e-05
7.43798e-06
-1.34694e-05
6.61933e-06
-1.51485e-05
5.27542e-06
-1.62738e-05
3.50934e-06
-1.67556e-05
1.43761e-06
-1.65409e-05
-8.03054e-07
-1.56214e-05
-3.04993e-06
-1.40411e-05
-5.11337e-06
-1.19044e-05
-6.78412e-06
-9.38031e-06
-7.85164e-06
-6.69897e-06
-8.13494e-06
-4.13713e-06
-7.52394e-06
-1.99049e-06
-6.0236e-06
-5.36849e-07
-3.79324e-06
-1.1958e-06
-7.20949e-07
2.10301e-06
-2.48295e-06
5.69275e-06
-4.92667e-06
8.3447e-06
-7.73685e-06
9.95208e-06
-1.06418e-05
1.05432e-05
-1.34108e-05
1.0207e-05
-1.58504e-05
9.05898e-06
-1.78003e-05
7.22533e-06
-1.91308e-05
4.83978e-06
-1.97429e-05
2.04972e-06
-1.95724e-05
-9.73559e-07
-1.8597e-05
-4.02532e-06
-1.68473e-05
-6.8631e-06
-1.44191e-05
-9.21224e-06
-1.14852e-05
-1.07855e-05
-8.29955e-06
-1.13206e-05
-5.1889e-06
-1.06346e-05
-2.52671e-06
-8.68579e-06
-6.89044e-07
-5.63091e-06
-1.88484e-06
-8.49275e-07
2.95228e-06
-2.90543e-06
7.74891e-06
-5.72742e-06
1.11667e-05
-8.93936e-06
1.3164e-05
-1.22315e-05
1.38354e-05
-1.53535e-05
1.33289e-05
-1.81033e-05
1.18088e-05
-2.03176e-05
9.43966e-06
-2.18638e-05
6.38601e-06
-2.26364e-05
2.82227e-06
-2.25581e-05
-1.05185e-06
-2.15873e-05
-4.99605e-06
-1.97314e-05
-8.71906e-06
-1.70649e-05
-1.18787e-05
-1.37512e-05
-1.40992e-05
-1.00592e-05
-1.50127e-05
-6.36586e-06
-1.43279e-05
-3.13491e-06
-1.19167e-05
-8.63388e-07
-7.90242e-06
-2.74823e-06
-9.75295e-07
3.92758e-06
-3.31603e-06
1.00896e-05
-6.4964e-06
1.43471e-05
-1.00791e-05
1.67468e-05
-1.37195e-05
1.74757e-05
-1.71529e-05
1.67624e-05
-2.01773e-05
1.48331e-05
-2.26344e-05
1.18968e-05
-2.43959e-05
8.14752e-06
-2.53542e-05
3.78056e-06
-2.542e-05
-9.85988e-07
-2.45283e-05
-5.88784e-06
-2.26526e-05
-1.05948e-05
-1.98307e-05
-1.47006e-05
-1.61974e-05
-1.77325e-05
-1.20192e-05
-1.91909e-05
-7.71616e-06
-1.86309e-05
-3.85215e-06
-1.57808e-05
-1.07509e-06
-1.06795e-05
-3.82332e-06
-1.10221e-06
5.02978e-06
-3.72014e-06
1.27076e-05
-7.23356e-06
1.78605e-05
-1.11406e-05
2.06538e-05
-1.50654e-05
2.14005e-05
-1.87388e-05
2.04357e-05
-2.19695e-05
1.80639e-05
-2.46167e-05
1.4544e-05
-2.65672e-05
1.0098e-05
-2.77199e-05
4.93324e-06
-2.79781e-05
-7.27772e-07
-2.72518e-05
-6.61411e-06
-2.54723e-05
-1.23743e-05
-2.26218e-05
-1.7551e-05
-1.87804e-05
-2.15739e-05
-1.41829e-05
-2.37885e-05
-9.2712e-06
-2.35426e-05
-4.71189e-06
-2.03401e-05
-1.33977e-06
-1.40516e-05
-5.16309e-06
-1.23516e-06
6.26494e-06
-4.12648e-06
1.55989e-05
-7.93893e-06
2.16729e-05
-1.20995e-05
2.48143e-05
-1.62076e-05
2.55086e-05
-2.0003e-05
2.42311e-05
-2.3322e-05
2.13829e-05
-2.60577e-05
1.72797e-05
-2.81279e-05
1.21681e-05
-2.94512e-05
6.25663e-06
-2.99338e-05
-2.45228e-07
-2.94647e-05
-7.08318e-06
-2.79275e-05
-1.39115e-05
-2.52309e-05
-2.02476e-05
-2.13668e-05
-2.54381e-05
-1.64938e-05
-2.86614e-05
-1.10341e-05
-2.90022e-05
-5.74152e-06
-2.56327e-05
-1.67458e-06
-1.81185e-05
-6.83767e-06
-1.38514e-06
7.65008e-06
-4.55409e-06
1.87678e-05
-8.61938e-06
2.57382e-05
-1.2927e-05
2.9122e-05
-1.70634e-05
2.9645e-05
-2.0798e-05
2.79658e-05
-2.40182e-05
2.46031e-05
-2.66733e-05
1.99347e-05
-2.8732e-05
1.42269e-05
-3.01519e-05
7.6765e-06
-3.08573e-05
4.60203e-07
-3.07283e-05
-7.21218e-06
-2.96029e-05
-1.50369e-05
-2.73031e-05
-2.25474e-05
-2.36965e-05
-2.90446e-05
-1.88062e-05
-3.35518e-05
-1.29626e-05
-3.48458e-05
-6.95848e-06
-3.16368e-05
-2.10014e-06
-2.29769e-05
-8.93781e-06
-1.57543e-06
9.22551e-06
-5.04214e-06
2.22345e-05
-9.2951e-06
2.99912e-05
-1.35899e-05
3.34168e-05
-1.75233e-05
3.35783e-05
-2.09281e-05
3.13706e-05
-2.37744e-05
2.74494e-05
-2.6095e-05
2.22554e-05
-2.79337e-05
1.60655e-05
-2.93079e-05
9.05071e-06
-3.0182e-05
1.3343e-06
-3.04466e-05
-6.94754e-06
-2.99086e-05
-1.5575e-05
-2.83019e-05
-2.41541e-05
-2.53408e-05
-3.20057e-05
-2.08427e-05
-3.80499e-05
-1.49406e-05
-4.07479e-05
-8.36195e-06
-3.82155e-05
-2.64362e-06
-2.86952e-05
-1.15814e-05
-1.85197e-06
1.10775e-05
-5.66066e-06
2.60432e-05
-9.99884e-06
3.43294e-05
-1.40356e-05
3.74535e-05
-1.7427e-05
3.69697e-05
-2.01223e-05
3.40659e-05
-2.22164e-05
2.95435e-05
-2.38558e-05
2.38949e-05
-2.51814e-05
1.73911e-05
-2.6291e-05
1.01603e-05
-2.72113e-05
2.25451e-06
-2.78702e-05
-6.2886e-06
-2.8072e-05
-1.53732e-05
-2.74828e-05
-2.47433e-05
-2.56556e-05
-3.38329e-05
-2.21391e-05
-4.15664e-05
-1.67324e-05
-4.61546e-05
-9.91457e-06
-4.50333e-05
-3.34264e-06
-3.52671e-05
-1.49241e-05
-2.29964e-06
1.33771e-05
-6.51521e-06
3.02588e-05
-1.07496e-05
3.85638e-05
-1.41379e-05
4.08418e-05
-1.6495e-05
3.93269e-05
-1.79672e-05
3.55381e-05
-1.88244e-05
3.04007e-05
-1.93529e-05
2.44234e-05
-1.98034e-05
1.78416e-05
-2.03639e-05
1.07208e-05
-2.11387e-05
3.02924e-06
-2.21207e-05
-5.30653e-06
-2.31532e-05
-1.43408e-05
-2.38838e-05
-2.40126e-05
-2.37379e-05
-3.39788e-05
-2.19701e-05
-4.33342e-05
-1.79056e-05
-5.02191e-05
-1.15004e-05
-5.14386e-05
-4.24679e-06
-4.25208e-05
-1.91709e-05
-3.06109e-06
1.64382e-05
-7.719e-06
3.49167e-05
-1.14533e-05
4.22981e-05
-1.35501e-05
4.29385e-05
-1.4169e-05
3.99458e-05
-1.37619e-05
3.51309e-05
-1.28187e-05
2.94575e-05
-1.17716e-05
2.33763e-05
-1.09706e-05
1.70407e-05
-1.06796e-05
1.04298e-05
-1.10774e-05
3.42702e-06
-1.22389e-05
-4.14499e-06
-1.40926e-05
-1.24871e-05
-1.63464e-05
-2.17588e-05
-1.83934e-05
-3.19317e-05
-1.92537e-05
-4.2474e-05
-1.76986e-05
-5.17742e-05
-1.28233e-05
-5.63138e-05
-5.39836e-06
-4.99457e-05
-2.45692e-05
-4.32623e-06
2.07644e-05
-9.23964e-06
3.98301e-05
-1.16113e-05
4.46698e-05
-1.136e-05
4.26872e-05
-9.28657e-06
3.78724e-05
-6.25178e-06
3.20961e-05
-2.96577e-06
2.61715e-05
3.68934e-08
2.03736e-05
2.36636e-06
1.47112e-05
3.72863e-06
9.06751e-06
3.90518e-06
3.25047e-06
2.74698e-06
-2.98678e-06
2.06492e-07
-9.9466e-06
-3.57816e-06
-1.79742e-05
-8.1309e-06
-2.7379e-05
-1.24319e-05
-3.81729e-05
-1.47906e-05
-4.94156e-05
-1.31639e-05
-5.79405e-05
-6.72976e-06
-5.63799e-05
-3.1299e-05
-6.17385e-06
2.69383e-05
-1.03476e-05
4.40039e-05
-9.56812e-06
4.38903e-05
-5.37115e-06
3.84903e-05
4.88154e-07
3.20131e-05
6.76916e-06
2.58151e-05
1.26726e-05
2.02681e-05
1.77007e-05
1.53455e-05
2.1534e-05
1.0878e-05
2.39447e-05
6.65682e-06
2.47396e-05
2.45556e-06
2.37354e-05
-1.9826e-06
2.07653e-05
-6.97653e-06
1.57392e-05
-1.2948e-05
8.80466e-06
-2.04444e-05
6.68658e-07
-3.00369e-05
-6.92914e-06
-4.18178e-05
-1.08776e-05
-5.3992e-05
-7.75406e-06
-5.95034e-05
-3.9053e-05
-7.90926e-06
3.48475e-05
-7.95282e-06
4.40474e-05
-7.85007e-07
3.67225e-05
9.18823e-06
2.8517e-05
1.94559e-05
2.17453e-05
2.8858e-05
1.64131e-05
3.68794e-05
1.22467e-05
4.33085e-05
8.91633e-06
4.80584e-05
6.12809e-06
5.10677e-05
3.64754e-06
5.22452e-05
1.27803e-06
5.1437e-05
-1.17441e-06
4.84043e-05
-3.94384e-06
4.28275e-05
-7.37125e-06
3.43843e-05
-1.20012e-05
2.30304e-05
-1.8683e-05
9.70325e-06
-2.84906e-05
-2.39455e-06
-4.18942e-05
-6.84837e-06
-5.50496e-05
-4.59014e-05
-4.04875e-06
3.88963e-05
8.49941e-06
3.14993e-05
2.55856e-05
1.96364e-05
4.12575e-05
1.28451e-05
5.42911e-05
8.71169e-06
6.47132e-05
5.99097e-06
7.28129e-05
4.14702e-06
7.88896e-05
2.83962e-06
8.3174e-05
1.84373e-06
8.58045e-05
1.01705e-06
8.68185e-05
2.63953e-07
8.61428e-05
-4.98676e-07
8.3557e-05
-1.35808e-06
7.86437e-05
-2.45786e-06
7.07075e-05
-4.06501e-06
5.8758e-05
-6.73355e-06
4.18762e-05
-1.16088e-05
2.07398e-05
-2.07578e-05
1.76483e-06
-3.60746e-05
-4.41366e-05
3.88963e-05
7.03955e-05
9.00319e-05
0.000102877
0.000111589
0.00011758
0.000121727
0.000124566
0.00012641
0.000127427
0.000127691
0.000127192
0.000125834
0.000123376
0.000119311
0.000112578
0.000100969
8.02112e-05
4.41366e-05
)
;

boundaryField
{
    movingWall
    {
        type            calculated;
        value           uniform 0;
    }
    fixedWalls
    {
        type            calculated;
        value           uniform 0;
    }
    frontAndBack
    {
        type            empty;
        value           nonuniform List<scalar> 0();
    }
}


// ************************************************************************* //
