/*--------------------------------*- C++ -*----------------------------------*\
  =========                 |
  \\      /  F ield         | OpenFOAM: The Open Source CFD Toolbox
   \\    /   O peration     | Website:  https://openfoam.org
    \\  /    A nd           | Version:  8
     \\/     M anipulation  |
\*---------------------------------------------------------------------------*/
FoamFile
{
    version     2.0;
    format      ascii;
    class       volVectorField;
    location    "0.4";
    object      U;
}
// * * * * * * * * * * * * * * * * * * * * * * * * * * * * * * * * * * * * * //

dimensions      [0 1 -1 0 0 0 0];

internalField   nonuniform List<vector> 
400
(
(0.000889842 -0.000890086 0)
(0.00034667 0.000472426 0)
(-0.00461771 0.00209339 0)
(-0.0130495 0.00319739 0)
(-0.0235012 0.00374331 0)
(-0.034627 0.00381558 0)
(-0.0452664 0.00350234 0)
(-0.0544441 0.00287334 0)
(-0.0613482 0.0019821 0)
(-0.0653236 0.000881526 0)
(-0.0659027 -0.000358041 0)
(-0.0628682 -0.00163566 0)
(-0.0563341 -0.00281536 0)
(-0.0468178 -0.00373363 0)
(-0.0352755 -0.00421909 0)
(-0.0230711 -0.00412376 0)
(-0.0118525 -0.00336351 0)
(-0.00332154 -0.00196431 0)
(0.00112074 -0.000171966 0)
(0.00108821 0.00105622 0)
(-0.000408762 -0.000437144 0)
(-0.00636961 0.00634575 0)
(-0.0216493 0.0134035 0)
(-0.043783 0.0183197 0)
(-0.0698585 0.0207471 0)
(-0.0970988 0.0208645 0)
(-0.122906 0.0189744 0)
(-0.14499 0.0153867 0)
(-0.161423 0.0104024 0)
(-0.170689 0.0043556 0)
(-0.171766 -0.00232907 0)
(-0.164255 -0.00909532 0)
(-0.148525 -0.0152505 0)
(-0.125833 -0.0200099 0)
(-0.0983525 -0.0225946 0)
(-0.069073 -0.0223793 0)
(-0.0414842 -0.0190788 0)
(-0.0190533 -0.012948 0)
(-0.00469073 -0.00511369 0)
(7.89429e-05 0.00125243 0)
(-0.00215413 0.00453789 0)
(-0.0143562 0.0218348 0)
(-0.04004 0.03788 0)
(-0.0745939 0.0489407 0)
(-0.113838 0.0542275 0)
(-0.154076 0.0539636 0)
(-0.191796 0.0487367 0)
(-0.223851 0.039252 0)
(-0.247585 0.0262774 0)
(-0.260917 0.0107052 0)
(-0.262463 -0.00635025 0)
(-0.2517 -0.0234846 0)
(-0.229143 -0.0390107 0)
(-0.196484 -0.0510695 0)
(-0.156637 -0.0578593 0)
(-0.113604 -0.0579759 0)
(-0.0720736 -0.0508321 0)
(-0.0367597 -0.0370872 0)
(-0.0120385 -0.0191565 0)
(-0.00142702 -0.00252586 0)
(-0.00370958 0.0138277 0)
(-0.0218529 0.0462747 0)
(-0.0575791 0.073738 0)
(-0.103787 0.0920455 0)
(-0.154944 0.100291 0)
(-0.206593 0.0988875 0)
(-0.254575 0.0888033 0)
(-0.295174 0.0712368 0)
(-0.32526 0.0475414 0)
(-0.342363 0.0193121 0)
(-0.34481 -0.0114766 0)
(-0.331906 -0.0423741 0)
(-0.304137 -0.0704704 0)
(-0.263356 -0.0925764 0)
(-0.212878 -0.105595 0)
(-0.157405 -0.107079 0)
(-0.102618 -0.0959235 0)
(-0.0544904 -0.0730429 0)
(-0.019187 -0.0420127 0)
(-0.0027725 -0.0102276 0)
(-0.00505975 0.0269521 0)
(-0.0286798 0.0789769 0)
(-0.0738896 0.120024 0)
(-0.131072 0.146303 0)
(-0.193305 0.157295 0)
(-0.25543 0.153887 0)
(-0.312794 0.137589 0)
(-0.361304 0.110184 0)
(-0.397512 0.0736721 0)
(-0.418664 0.030399 0)
(-0.422803 -0.0167495 0)
(-0.40896 -0.0642065 0)
(-0.377391 -0.107726 0)
(-0.329837 -0.142606 0)
(-0.269737 -0.164183 0)
(-0.202283 -0.168614 0)
(-0.134115 -0.153872 0)
(-0.0726581 -0.120742 0)
(-0.0262742 -0.0736267 0)
(-0.00399647 -0.0215774 0)
(-0.00626553 0.043531 0)
(-0.0349404 0.119409 0)
(-0.0890316 0.176203 0)
(-0.156509 0.211153 0)
(-0.22909 0.224654 0)
(-0.300981 0.218427 0)
(-0.367155 0.19473 0)
(-0.423284 0.156032 0)
(-0.465736 0.105003 0)
(-0.491539 0.0447165 0)
(-0.498439 -0.0210717 0)
(-0.485073 -0.0877038 0)
(-0.451248 -0.149559 0)
(-0.398299 -0.200266 0)
(-0.329481 -0.233274 0)
(-0.250259 -0.242847 0)
(-0.168194 -0.225425 0)
(-0.0923874 -0.18105 0)
(-0.0338928 -0.114543 0)
(-0.00526572 -0.0365995 0)
(-0.00737738 0.0632821 0)
(-0.0407536 0.167048 0)
(-0.103118 0.241653 0)
(-0.18014 0.285927 0)
(-0.262247 0.301707 0)
(-0.343101 0.291948 0)
(-0.417441 0.259895 0)
(-0.48086 0.208805 0)
(-0.529682 0.142006 0)
(-0.560808 0.0632121 0)
(-0.571694 -0.0230891 0)
(-0.560482 -0.111278 0)
(-0.526308 -0.194415 0)
(-0.469769 -0.264356 0)
(-0.393547 -0.312316 0)
(-0.303028 -0.330039 0)
(-0.206527 -0.311566 0)
(-0.114992 -0.255305 0)
(-0.0427549 -0.165881 0)
(-0.00676885 -0.0557139 0)
(-0.00843151 0.0859936 0)
(-0.0462126 0.221391 0)
(-0.116219 0.31566 0)
(-0.201873 0.369753 0)
(-0.292389 0.387521 0)
(-0.381019 0.373588 0)
(-0.462451 0.332461 0)
(-0.532409 0.268284 0)
(-0.587367 0.185007 0)
(-0.624251 0.086824 0)
(-0.640301 -0.0212749 0)
(-0.633125 -0.132961 0)
(-0.600995 -0.240169 0)
(-0.543414 -0.332994 0)
(-0.461983 -0.40012 0)
(-0.361444 -0.430041 0)
(-0.250442 -0.413265 0)
(-0.141737 -0.345243 0)
(-0.0536049 -0.229387 0)
(-0.00870695 -0.0797582 0)
(-0.00946371 0.111505 0)
(-0.0514154 0.281961 0)
(-0.128391 0.397387 0)
(-0.221502 0.46146 0)
(-0.318811 0.480701 0)
(-0.413344 0.461919 0)
(-0.499999 0.411193 0)
(-0.574912 0.333667 0)
(-0.634993 0.233846 0)
(-0.677443 0.116193 0)
(-0.69947 -0.0141246 0)
(-0.69822 -0.150464 0)
(-0.671004 -0.284009 0)
(-0.615887 -0.403315 0)
(-0.532772 -0.494395 0)
(-0.424933 -0.541786 0)
(-0.300509 -0.531051 0)
(-0.173656 -0.452769 0)
(-0.067199 -0.307379 0)
(-0.0113074 -0.109998 0)
(-0.0105416 0.13973 0)
(-0.0565592 0.348319 0)
(-0.139811 0.485825 0)
(-0.238835 0.559418 0)
(-0.340589 0.579133 0)
(-0.438137 0.554603 0)
(-0.526944 0.493844 0)
(-0.603956 0.40313 0)
(-0.666902 0.287441 0)
(-0.713631 0.151261 0)
(-0.741643 -0.000477259 0)
(-0.747865 -0.161353 0)
(-0.728705 -0.322401 0)
(-0.680562 -0.471167 0)
(-0.601002 -0.59119 0)
(-0.490736 -0.662542 0)
(-0.356031 -0.664281 0)
(-0.211347 -0.579464 0)
(-0.0843138 -0.402583 0)
(-0.0148563 -0.148148 0)
(-0.0118219 0.17075 0)
(-0.0621013 0.420165 0)
(-0.150988 0.57976 0)
(-0.253892 0.661349 0)
(-0.356719 0.67967 0)
(-0.452987 0.647994 0)
(-0.539247 0.576711 0)
(-0.613769 0.473354 0)
(-0.675601 0.343299 0)
(-0.72372 0.190773 0)
(-0.756397 0.0200221 0)
(-0.770772 -0.163411 0)
(-0.76266 -0.351254 0)
(-0.726809 -0.530967 0)
(-0.657939 -0.684349 0)
(-0.552962 -0.787019 0)
(-0.414313 -0.810108 0)
(-0.254651 -0.725784 0)
(-0.105758 -0.517839 0)
(-0.0197527 -0.196437 0)
(-0.0136502 0.205048 0)
(-0.0690042 0.497544 0)
(-0.163031 0.677746 0)
(-0.267062 0.764083 0)
(-0.366142 0.777758 0)
(-0.454955 0.73672 0)
(-0.531891 0.654193 0)
(-0.597198 0.539081 0)
(-0.65182 0.397038 0)
(-0.696413 0.231766 0)
(-0.730594 0.046365 0)
(-0.752332 -0.155197 0)
(-0.757458 -0.366362 0)
(-0.739474 -0.575844 0)
(-0.690132 -0.765155 0)
(-0.601453 -0.90641 0)
(-0.469622 -0.962106 0)
(-0.302081 -0.889807 0)
(-0.132346 -0.655564 0)
(-0.0265948 -0.257729 0)
(-0.0167369 0.243956 0)
(-0.079086 0.581159 0)
(-0.177868 0.777972 0)
(-0.279014 0.863122 0)
(-0.367369 0.866905 0)
(-0.440054 0.813183 0)
(-0.498379 0.718392 0)
(-0.54536 0.592773 0)
(-0.584417 0.442066 0)
(-0.618385 0.269168 0)
(-0.648778 0.0756529 0)
(-0.675097 -0.136711 0)
(-0.694058 -0.364122 0)
(-0.698832 -0.598195 0)
(-0.678779 -0.822385 0)
(-0.620563 -1.00761 0)
(-0.511742 -1.10863 0)
(-0.349815 -1.06536 0)
(-0.164746 -0.816775 0)
(-0.0363033 -0.335736 0)
(-0.0224595 0.290455 0)
(-0.0954552 0.672653 0)
(-0.198128 0.87774 0)
(-0.289811 0.951758 0)
(-0.357033 0.937857 0)
(-0.401595 0.867 0)
(-0.429206 0.758836 0)
(-0.446473 0.624565 0)
(-0.459712 0.469613 0)
(-0.474191 0.295774 0)
(-0.493632 0.102839 0)
(-0.519631 -0.110001 0)
(-0.550756 -0.342503 0)
(-0.581246 -0.590801 0)
(-0.599614 -0.843109 0)
(-0.58802 -1.07304 0)
(-0.524031 -1.23119 0)
(-0.389904 -1.23936 0)
(-0.202893 -0.999193 0)
(-0.0502241 -0.43521 0)
(-0.0332842 0.350448 0)
(-0.12273 0.774432 0)
(-0.22576 0.97194 0)
(-0.295881 1.01935 0)
(-0.326003 0.977373 0)
(-0.32621 0.884475 0)
(-0.308329 0.762589 0)
(-0.283097 0.622812 0)
(-0.259657 0.469498 0)
(-0.245417 0.302956 0)
(-0.246079 0.121121 0)
(-0.265441 -0.0793591 0)
(-0.304647 -0.302005 0)
(-0.360622 -0.548524 0)
(-0.423594 -0.814632 0)
(-0.474068 -1.08182 0)
(-0.480824 -1.30357 0)
(-0.406962 -1.38853 0)
(-0.244082 -1.19378 0)
(-0.0698548 -0.561769 0)
(-0.0528694 0.434814 0)
(-0.165561 0.887786 0)
(-0.256604 1.04922 0)
(-0.281782 1.0482 0)
(-0.250472 0.96666 0)
(-0.185737 0.848548 0)
(-0.10652 0.715303 0)
(-0.0271272 0.575806 0)
(0.0415866 0.432105 0)
(0.0912849 0.282581 0)
(0.115335 0.123462 0)
(0.108399 -0.0505755 0)
(0.0667175 -0.24611 0)
(-0.0105831 -0.470202 0)
(-0.118558 -0.727601 0)
(-0.241155 -1.01286 0)
(-0.343952 -1.29275 0)
(-0.372118 -1.47619 0)
(-0.277628 -1.37946 0)
(-0.0949016 -0.721636 0)
(-0.083754 0.563631 0)
(-0.22032 1.00569 0)
(-0.263326 1.08174 0)
(-0.200257 1.00677 0)
(-0.074191 0.879067 0)
(0.076623 0.739596 0)
(0.228557 0.603751 0)
(0.366844 0.475051 0)
(0.481787 0.351831 0)
(0.566507 0.230275 0)
(0.615354 0.105404 0)
(0.622951 -0.0289335 0)
(0.583868 -0.180628 0)
(0.493108 -0.360031 0)
(0.348315 -0.579711 0)
(0.155711 -0.849885 0)
(-0.0582702 -1.16193 0)
(-0.232994 -1.44918 0)
(-0.273105 -1.51443 0)
(-0.116386 -0.92164 0)
(-0.112815 0.764555 0)
(-0.243363 1.08897 0)
(-0.149121 1.00494 0)
(0.069385 0.842402 0)
(0.320696 0.681927 0)
(0.563893 0.541478 0)
(0.781513 0.422826 0)
(0.965306 0.321743 0)
(1.11134 0.232563 0)
(1.2173 0.149868 0)
(1.28073 0.0685584 0)
(1.29807 -0.0167659 0)
(1.26396 -0.112857 0)
(1.17069 -0.229566 0)
(1.0085 -0.382125 0)
(0.768984 -0.592396 0)
(0.455071 -0.881893 0)
(0.103234 -1.2384 0)
(-0.156313 -1.51345 0)
(-0.0949296 -1.14386 0)
(-0.0148168 0.961675 0)
(-0.0156838 1.00281 0)
(0.364027 0.733677 0)
(0.785038 0.526611 0)
(1.14031 0.382204 0)
(1.42939 0.278802 0)
(1.66152 0.20345 0)
(1.84322 0.146582 0)
(1.97979 0.101067 0)
(2.075 0.0618878 0)
(2.13045 0.0253548 0)
(2.14544 -0.0117494 0)
(2.11637 -0.0531728 0)
(2.03576 -0.104602 0)
(1.89041 -0.176481 0)
(1.65945 -0.289265 0)
(1.31189 -0.480421 0)
(0.813873 -0.798722 0)
(0.269972 -1.21403 0)
(0.126458 -1.20004 0)
(1.06749 0.523564 0)
(1.37782 0.462789 0)
(1.93067 0.289333 0)
(2.35712 0.178078 0)
(2.62778 0.11255 0)
(2.80836 0.0724021 0)
(2.93576 0.0471385 0)
(3.02618 0.0306125 0)
(3.0886 0.019002 0)
(3.1284 0.0100128 0)
(3.14834 0.0022446 0)
(3.14913 -0.0052777 0)
(3.12961 -0.0135598 0)
(3.08616 -0.0240415 0)
(3.01073 -0.0396566 0)
(2.88636 -0.0673009 0)
(2.6734 -0.123622 0)
(2.27251 -0.243959 0)
(1.63405 -0.463624 0)
(1.1916 -0.565571 0)
)
;

boundaryField
{
    movingWall
    {
        type            fixedValue;
        value           uniform (3.7 0 0);
    }
    fixedWalls
    {
        type            noSlip;
    }
    frontAndBack
    {
        type            empty;
    }
}


// ************************************************************************* //
