/*--------------------------------*- C++ -*----------------------------------*\
  =========                 |
  \\      /  F ield         | OpenFOAM: The Open Source CFD Toolbox
   \\    /   O peration     | Website:  https://openfoam.org
    \\  /    A nd           | Version:  8
     \\/     M anipulation  |
\*---------------------------------------------------------------------------*/
FoamFile
{
    version     2.0;
    format      ascii;
    class       volVectorField;
    location    "0.1";
    object      U;
}
// * * * * * * * * * * * * * * * * * * * * * * * * * * * * * * * * * * * * * //

dimensions      [0 1 -1 0 0 0 0];

internalField   nonuniform List<vector> 
400
(
(0.000879333 -0.000906341 0)
(0.000341122 0.000465911 0)
(-0.00467551 0.00211329 0)
(-0.0131746 0.0032273 0)
(-0.0237175 0.00377788 0)
(-0.03494 0.00385222 0)
(-0.0456779 0.00353896 0)
(-0.054951 0.00290751 0)
(-0.0619417 0.00201107 0)
(-0.0659869 0.000901974 0)
(-0.0666089 -0.000349868 0)
(-0.0635808 -0.00164318 0)
(-0.0570091 -0.00284047 0)
(-0.0474091 -0.00377545 0)
(-0.0357433 -0.00427311 0)
(-0.0233911 -0.00418181 0)
(-0.0120245 -0.00341478 0)
(-0.00337334 -0.00199729 0)
(0.0011342 -0.000177891 0)
(0.00110354 0.00107039 0)
(-0.000437434 -0.000420304 0)
(-0.00646061 0.00639782 0)
(-0.0218613 0.0135221 0)
(-0.0441685 0.0184746 0)
(-0.0704501 0.0209215 0)
(-0.097912 0.0210472 0)
(-0.123946 0.0191567 0)
(-0.146252 0.0155582 0)
(-0.162887 0.0105498 0)
(-0.172317 0.00446227 0)
(-0.173497 -0.0022815 0)
(-0.166004 -0.00912318 0)
(-0.150195 -0.0153628 0)
(-0.127319 -0.0202028 0)
(-0.0995658 -0.022848 0)
(-0.0699554 -0.0226571 0)
(-0.0420267 -0.0193332 0)
(-0.0193033 -0.0131296 0)
(-0.00474939 -0.00518675 0)
(8.15944e-05 0.0012699 0)
(-0.00218308 0.00460323 0)
(-0.0144922 0.0220298 0)
(-0.0403871 0.0381944 0)
(-0.0752143 0.0493343 0)
(-0.114772 0.0546672 0)
(-0.155348 0.0544254 0)
(-0.193416 0.0491985 0)
(-0.22581 0.039688 0)
(-0.249854 0.0266537 0)
(-0.263439 0.0109798 0)
(-0.265147 -0.00622288 0)
(-0.254423 -0.0235444 0)
(-0.231758 -0.0392795 0)
(-0.198836 -0.0515389 0)
(-0.158589 -0.0584825 0)
(-0.115063 -0.0586683 0)
(-0.0730147 -0.0514827 0)
(-0.0372377 -0.0375813 0)
(-0.0121881 -0.01941 0)
(-0.00144199 -0.00255191 0)
(-0.00374937 0.0139848 0)
(-0.0220529 0.04668 0)
(-0.0580873 0.074345 0)
(-0.104689 0.0927901 0)
(-0.156293 0.101119 0)
(-0.20842 0.0997563 0)
(-0.256892 0.0896733 0)
(-0.297971 0.0720597 0)
(-0.328495 0.0482539 0)
(-0.345958 0.0198361 0)
(-0.348639 -0.0112251 0)
(-0.3358 -0.0424683 0)
(-0.307893 -0.0709514 0)
(-0.266757 -0.0934315 0)
(-0.21573 -0.106743 0)
(-0.159567 -0.108371 0)
(-0.104041 -0.0971606 0)
(-0.055237 -0.0740179 0)
(-0.0194358 -0.042567 0)
(-0.00280302 -0.0103455 0)
(-0.00511518 0.0272288 0)
(-0.0289685 0.0796806 0)
(-0.0746204 0.121047 0)
(-0.132361 0.147541 0)
(-0.195218 0.158664 0)
(-0.258006 0.155322 0)
(-0.316048 0.139025 0)
(-0.365217 0.111543 0)
(-0.402028 0.074851 0)
(-0.423674 0.0312718 0)
(-0.428141 -0.0163179 0)
(-0.4144 -0.0643351 0)
(-0.382659 -0.108484 0)
(-0.334638 -0.143979 0)
(-0.273795 -0.166049 0)
(-0.205392 -0.17074 0)
(-0.136189 -0.155942 0)
(-0.0737634 -0.122415 0)
(-0.0266512 -0.0746323 0)
(-0.00404515 -0.0218405 0)
(-0.00634383 0.0439838 0)
(-0.0353525 0.12054 0)
(-0.0900674 0.177814 0)
(-0.158323 0.21308 0)
(-0.231763 0.226772 0)
(-0.304558 0.220639 0)
(-0.371647 0.19694 0)
(-0.428663 0.158121 0)
(-0.471924 0.106817 0)
(-0.498395 0.0460689 0)
(-0.505747 -0.0203836 0)
(-0.49254 -0.0878609 0)
(-0.458513 -0.150673 0)
(-0.404967 -0.202328 0)
(-0.335169 -0.236114 0)
(-0.254665 -0.246126 0)
(-0.17117 -0.228666 0)
(-0.0939971 -0.183727 0)
(-0.0344525 -0.11621 0)
(-0.00534075 -0.0370812 0)
(-0.00748632 0.0639868 0)
(-0.041327 0.168778 0)
(-0.104547 0.244081 0)
(-0.182624 0.2888 0)
(-0.265881 0.304842 0)
(-0.347932 0.295204 0)
(-0.423474 0.263136 0)
(-0.488052 0.211864 0)
(-0.537933 0.144668 0)
(-0.569942 0.0652123 0)
(-0.581441 -0.0220382 0)
(-0.570477 -0.11144 0)
(-0.536093 -0.195963 0)
(-0.478828 -0.267301 0)
(-0.401362 -0.316443 0)
(-0.309163 -0.334879 0)
(-0.210735 -0.316431 0)
(-0.117308 -0.259403 0)
(-0.043578 -0.168509 0)
(-0.0068843 -0.056521 0)
(-0.00857802 0.0870454 0)
(-0.0469812 0.223937 0)
(-0.118119 0.319185 0)
(-0.205152 0.373881 0)
(-0.297155 0.391989 0)
(-0.387314 0.3782 0)
(-0.470269 0.337033 0)
(-0.541689 0.272593 0)
(-0.597985 0.188766 0)
(-0.635999 0.0896787 0)
(-0.652863 -0.0197168 0)
(-0.646067 -0.13307 0)
(-0.613764 -0.242208 0)
(-0.555363 -0.337019 0)
(-0.472432 -0.405882 0)
(-0.369784 -0.436929 0)
(-0.256271 -0.420325 0)
(-0.145012 -0.351317 0)
(-0.0548014 -0.233386 0)
(-0.00888394 -0.0810461 0)
(-0.00965289 0.113017 0)
(-0.0524037 0.28557 0)
(-0.130817 0.402327 0)
(-0.225657 0.467189 0)
(-0.324808 0.48685 0)
(-0.421214 0.468225 0)
(-0.509715 0.417417 0)
(-0.586396 0.339526 0)
(-0.648099 0.238976 0)
(-0.69194 0.12014 0)
(-0.71501 -0.0118737 0)
(-0.714321 -0.150411 0)
(-0.687035 -0.286541 0)
(-0.631082 -0.408571 0)
(-0.546281 -0.502128 0)
(-0.435932 -0.55125 0)
(-0.308376 -0.540979 0)
(-0.178193 -0.461521 0)
(-0.0689116 -0.313299 0)
(-0.0115764 -0.111987 0)
(-0.0107762 0.141823 0)
(-0.0577782 0.353257 0)
(-0.14278 0.492517 0)
(-0.243884 0.567102 0)
(-0.347818 0.587309 0)
(-0.447551 0.562928 0)
(-0.538491 0.502023 0)
(-0.617531 0.410822 0)
(-0.682344 0.294207 0)
(-0.730698 0.156545 0)
(-0.759985 0.0026847 0)
(-0.766986 -0.160967 0)
(-0.747941 -0.325339 0)
(-0.699067 -0.477707 0)
(-0.617776 -0.601146 0)
(-0.504725 -0.675077 0)
(-0.366323 -0.677802 0)
(-0.217476 -0.591728 0)
(-0.0867218 -0.411135 0)
(-0.0152607 -0.151144 0)
(-0.0121029 0.173549 0)
(-0.0635495 0.426699 0)
(-0.154482 0.588527 0)
(-0.259777 0.671314 0)
(-0.36506 0.690174 0)
(-0.463745 0.658607 0)
(-0.552327 0.587082 0)
(-0.629035 0.483094 0)
(-0.692877 0.351907 0)
(-0.742772 0.197606 0)
(-0.776903 0.0243162 0)
(-0.792278 -0.162469 0)
(-0.784538 -0.354403 0)
(-0.74821 -0.538684 0)
(-0.677783 -0.696599 0)
(-0.569994 -0.802973 0)
(-0.427284 -0.827896 0)
(-0.262691 -0.742476 0)
(-0.109077 -0.529898 0)
(-0.0203545 -0.200856 0)
(-0.0139803 0.208675 0)
(-0.0706772 0.505924 0)
(-0.167009 0.688869 0)
(-0.273663 0.776583 0)
(-0.375364 0.790793 0)
(-0.466684 0.749768 0)
(-0.545966 0.666859 0)
(-0.61344 0.550947 0)
(-0.670038 0.407567 0)
(-0.716396 0.240256 0)
(-0.752082 0.0519587 0)
(-0.774975 -0.153457 0)
(-0.780753 -0.369416 0)
(-0.762689 -0.584423 0)
(-0.712237 -0.779488 0)
(-0.621094 -0.925831 0)
(-0.485229 -0.984621 0)
(-0.312254 -0.911808 0)
(-0.136822 -0.672146 0)
(-0.0274821 -0.264124 0)
(-0.0171294 0.248538 0)
(-0.0810001 0.59161 0)
(-0.182296 0.79166 0)
(-0.286184 0.878291 0)
(-0.377152 0.882515 0)
(-0.452224 0.828627 0)
(-0.512683 0.733251 0)
(-0.561558 0.606628 0)
(-0.602299 0.454385 0)
(-0.637771 0.279239 0)
(-0.6695 0.0825766 0)
(-0.696966 -0.133988 0)
(-0.716796 -0.366716 0)
(-0.721968 -0.607111 0)
(-0.701517 -0.838221 0)
(-0.64165 -1.03008 0)
(-0.529421 -1.13588 0)
(-0.36211 -1.09331 0)
(-0.170621 -0.838953 0)
(-0.0375992 -0.344826 0)
(-0.022956 0.296145 0)
(-0.0976916 0.685387 0)
(-0.203037 0.894105 0)
(-0.29742 0.96956 0)
(-0.367008 0.955863 0)
(-0.413546 0.884543 0)
(-0.442763 0.775503 0)
(-0.461322 0.639979 0)
(-0.475621 0.483302 0)
(-0.49102 0.307075 0)
(-0.511323 0.110888 0)
(-0.538197 -0.10627 0)
(-0.570222 -0.344306 0)
(-0.601545 -0.599383 0)
(-0.620405 -0.859492 0)
(-0.608438 -1.09752 0)
(-0.542423 -1.26247 0)
(-0.403847 -1.27332 0)
(-0.210329 -1.0279 0)
(-0.0520894 -0.447901 0)
(-0.0339878 0.357501 0)
(-0.125508 0.789689 0)
(-0.231311 0.990975 0)
(-0.303849 1.03952 0)
(-0.335735 0.997288 0)
(-0.33711 0.903477 0)
(-0.319904 0.780323 0)
(-0.294965 0.638994 0)
(-0.271585 0.483782 0)
(-0.257324 0.314792 0)
(-0.258029 0.129769 0)
(-0.277667 -0.0748657 0)
(-0.317518 -0.302859 0)
(-0.374563 -0.556094 0)
(-0.438912 -0.830318 0)
(-0.490616 -1.10664 0)
(-0.497498 -1.33722 0)
(-0.421301 -1.42759 0)
(-0.25298 -1.22947 0)
(-0.0724609 -0.579125 0)
(-0.0539995 0.44373 0)
(-0.169322 0.905879 0)
(-0.263089 1.07073 0)
(-0.289943 1.07008 0)
(-0.259231 0.987566 0)
(-0.194301 0.867919 0)
(-0.114325 0.732937 0)
(-0.033788 0.591579 0)
(0.0362275 0.445825 0)
(0.0871912 0.293903 0)
(0.112302 0.131846 0)
(0.105971 -0.0458923 0)
(0.0641972 -0.246146 0)
(-0.0141123 -0.476263 0)
(-0.124125 -0.741279 0)
(-0.249585 -1.03585 0)
(-0.355207 -1.32604 0)
(-0.384418 -1.51803 0)
(-0.287247 -1.42154 0)
(-0.0983016 -0.744789 0)
(-0.0856889 0.575461 0)
(-0.225701 1.02696 0)
(-0.270778 1.10502 0)
(-0.20766 1.02906 0)
(-0.080098 0.899347 0)
(0.0730195 0.757636 0)
(0.22769 0.619612 0)
(0.368895 0.488835 0)
(0.486717 0.363539 0)
(0.574081 0.239797 0)
(0.625149 0.112442 0)
(0.634292 -0.0248729 0)
(0.595794 -0.180265 0)
(0.504329 -0.364395 0)
(0.357198 -0.590276 0)
(0.160442 -0.868692 0)
(-0.059099 -1.19127 0)
(-0.239219 -1.48979 0)
(-0.281428 -1.56059 0)
(-0.120132 -0.951591 0)
(-0.115882 0.781389 0)
(-0.250402 1.11319 0)
(-0.155483 1.02781 0)
(0.0667317 0.862316 0)
(0.322852 0.698845 0)
(0.571103 0.555711 0)
(0.793673 0.434758 0)
(0.982122 0.331703 0)
(1.13239 0.240746 0)
(1.24203 0.156339 0)
(1.30847 0.0732304 0)
(1.32795 -0.0141204 0)
(1.29487 -0.112622 0)
(1.20118 -0.232353 0)
(1.03665 -0.388956 0)
(0.792358 -0.605071 0)
(0.470865 -0.903372 0)
(0.109125 -1.27209 0)
(-0.159123 -1.5584 0)
(-0.0971005 -1.18014 0)
(-0.0166759 0.985011 0)
(-0.0188728 1.02681 0)
(0.368896 0.751512 0)
(0.799361 0.540058 0)
(1.163 0.392563 0)
(1.45926 0.286836 0)
(1.69757 0.209724 0)
(1.88455 0.151504 0)
(2.02555 0.104894 0)
(2.12438 0.0647507 0)
(2.18264 0.0272821 0)
(2.19952 -0.0108133 0)
(2.17129 -0.053359 0)
(2.09022 -0.10614 0)
(1.94272 -0.179799 0)
(1.70729 -0.295322 0)
(1.35185 -0.491505 0)
(0.84103 -0.819306 0)
(0.281341 -1.24816 0)
(0.132126 -1.23553 0)
(1.09495 0.537159 0)
(1.41214 0.474943 0)
(1.9783 0.297325 0)
(2.41571 0.183342 0)
(2.69378 0.116114 0)
(2.87958 0.0748425 0)
(3.01087 0.0488281 0)
(3.10426 0.0317958 0)
(3.16894 0.0198264 0)
(3.21042 0.0105577 0)
(3.23151 0.00254309 0)
(3.23291 -0.00522253 0)
(3.21343 -0.0137672 0)
(3.16934 -0.0245494 0)
(3.09241 -0.0405352 0)
(2.96533 -0.0687323 0)
(2.74761 -0.126208 0)
(2.33719 -0.249481 0)
(1.68148 -0.475489 0)
(1.22567 -0.581158 0)
)
;

boundaryField
{
    movingWall
    {
        type            fixedValue;
        value           uniform (3.8 0 0);
    }
    fixedWalls
    {
        type            noSlip;
    }
    frontAndBack
    {
        type            empty;
    }
}


// ************************************************************************* //
