/*--------------------------------*- C++ -*----------------------------------*\
  =========                 |
  \\      /  F ield         | OpenFOAM: The Open Source CFD Toolbox
   \\    /   O peration     | Website:  https://openfoam.org
    \\  /    A nd           | Version:  8
     \\/     M anipulation  |
\*---------------------------------------------------------------------------*/
FoamFile
{
    version     2.0;
    format      ascii;
    class       volVectorField;
    location    "0.5";
    object      U;
}
// * * * * * * * * * * * * * * * * * * * * * * * * * * * * * * * * * * * * * //

dimensions      [0 1 -1 0 0 0 0];

internalField   nonuniform List<vector> 
400
(
(0.00040026 -0.000395744 0)
(0.000205812 0.000186022 0)
(-0.00191495 0.000905088 0)
(-0.00559356 0.00140872 0)
(-0.0102004 0.00166008 0)
(-0.0151132 0.00168628 0)
(-0.019781 0.00152672 0)
(-0.0237469 0.00122095 0)
(-0.0266528 0.00080523 0)
(-0.0282395 0.000314453 0)
(-0.0283513 -0.000214225 0)
(-0.0269473 -0.000738292 0)
(-0.0241162 -0.00120836 0)
(-0.020091 -0.00156891 0)
(-0.0152559 -0.00176167 0)
(-0.0101401 -0.00173236 0)
(-0.00538552 -0.00144199 0)
(-0.00168222 -0.000883548 0)
(0.000346801 -0.000131514 0)
(0.00043677 0.000426922 0)
(-0.000137403 -0.000248135 0)
(-0.00262365 0.00266307 0)
(-0.0091745 0.00579313 0)
(-0.0187994 0.00802477 0)
(-0.0302258 0.00913499 0)
(-0.0421771 0.00916449 0)
(-0.0534415 0.00824998 0)
(-0.062967 0.00656409 0)
(-0.0699116 0.00429057 0)
(-0.0736663 0.00162237 0)
(-0.0738758 -0.00123078 0)
(-0.0704647 -0.00403482 0)
(-0.0636642 -0.00652987 0)
(-0.0540331 -0.00843869 0)
(-0.0424588 -0.00948796 0)
(-0.0301232 -0.00944551 0)
(-0.0184052 -0.00817663 0)
(-0.00871202 -0.00571976 0)
(-0.00231963 -0.00244178 0)
(-4.81703e-05 0.000398094 0)
(-0.00086685 0.00180278 0)
(-0.0060039 0.00924721 0)
(-0.0170312 0.0163675 0)
(-0.0320468 0.0213809 0)
(-0.0492118 0.0237938 0)
(-0.0668219 0.0236289 0)
(-0.0832439 0.0211562 0)
(-0.0970419 0.0167659 0)
(-0.10706 0.0109059 0)
(-0.112462 0.00406527 0)
(-0.112762 -0.00321927 0)
(-0.107862 -0.0103557 0)
(-0.0980798 -0.0166999 0)
(-0.0841792 -0.0215812 0)
(-0.0673631 -0.0243575 0)
(-0.0492269 -0.0245069 0)
(-0.0316238 -0.0217571 0)
(-0.01645 -0.0162465 0)
(-0.00558524 -0.00876929 0)
(-0.000734054 -0.00143554 0)
(-0.00151341 0.00567059 0)
(-0.00918567 0.0196662 0)
(-0.0245724 0.0318753 0)
(-0.0446967 0.0401822 0)
(-0.0670982 0.0439446 0)
(-0.0896997 0.0432301 0)
(-0.110556 0.0384938 0)
(-0.127971 0.0304007 0)
(-0.140586 0.0197294 0)
(-0.147418 0.00734058 0)
(-0.147888 -0.00582029 0)
(-0.141866 -0.0187151 0)
(-0.129702 -0.0302223 0)
(-0.112263 -0.0391809 0)
(-0.0909444 -0.0444846 0)
(-0.0676248 -0.0452336 0)
(-0.0445345 -0.040944 0)
(-0.0240342 -0.0317914 0)
(-0.00870589 -0.01891 0)
(-0.00134235 -0.00501512 0)
(-0.00207905 0.0111616 0)
(-0.0121321 0.0336714 0)
(-0.031728 0.0519739 0)
(-0.0567702 0.0639209 0)
(-0.0841309 0.0689231 0)
(-0.111365 0.0672227 0)
(-0.136269 0.0595466 0)
(-0.156961 0.0468954 0)
(-0.171954 0.0304247 0)
(-0.180169 0.0114055 0)
(-0.180958 -0.00877231 0)
(-0.174135 -0.0285855 0)
(-0.160028 -0.0463864 0)
(-0.139524 -0.0604594 0)
(-0.114112 -0.0691479 0)
(-0.085879 -0.0710655 0)
(-0.0574006 -0.0653863 0)
(-0.0315433 -0.052174 0)
(-0.0117053 -0.0327327 0)
(-0.00188566 -0.0101855 0)
(-0.00260291 0.0181512 0)
(-0.0149432 0.0511324 0)
(-0.0386406 0.0765589 0)
(-0.0684655 0.0924743 0)
(-0.100595 0.0985596 0)
(-0.132218 0.0954014 0)
(-0.160911 0.0841159 0)
(-0.184667 0.0661129 0)
(-0.20193 0.0429646 0)
(-0.211569 0.0163683 0)
(-0.212878 -0.0118369 0)
(-0.205596 -0.0396378 0)
(-0.189966 -0.0648399 0)
(-0.166812 -0.085121 0)
(-0.137624 -0.0981783 0)
(-0.104625 -0.101992 0)
(-0.0707157 -0.0952037 0)
(-0.0393201 -0.0775506 0)
(-0.0147759 -0.050308 0)
(-0.00242326 -0.016898 0)
(-0.00312203 0.0265903 0)
(-0.0177336 0.0719827 0)
(-0.0454868 0.105549 0)
(-0.0799827 0.125718 0)
(-0.116681 0.132676 0)
(-0.152423 0.127555 0)
(-0.184614 0.112005 0)
(-0.211192 0.0879285 0)
(-0.230601 0.0573465 0)
(-0.241711 0.022376 0)
(-0.243775 -0.0147232 0)
(-0.236438 -0.0514791 0)
(-0.219795 -0.0851617 0)
(-0.194508 -0.112809 0)
(-0.161954 -0.131371 0)
(-0.124391 -0.138011 0)
(-0.0849902 -0.130582 0)
(-0.0477676 -0.108205 0)
(-0.018144 -0.0718773 0)
(-0.00301826 -0.0252362 0)
(-0.00366875 0.0364969 0)
(-0.0206094 0.0962284 0)
(-0.0524234 0.13888 0)
(-0.0914524 0.16348 0)
(-0.132414 0.170995 0)
(-0.17184 0.163347 0)
(-0.207052 0.142889 0)
(-0.236033 0.11211 0)
(-0.257324 0.0735001 0)
(-0.26987 0.0295633 0)
(-0.272922 -0.0170871 0)
(-0.26602 -0.0635969 0)
(-0.249049 -0.106757 0)
(-0.222388 -0.142966 0)
(-0.187148 -0.168336 0)
(-0.145454 -0.179002 0)
(-0.100631 -0.171699 0)
(-0.05727 -0.144534 0)
(-0.0220382 -0.0978679 0)
(-0.00373408 -0.0354163 0)
(-0.00427591 0.0479492 0)
(-0.0236757 0.123943 0)
(-0.0595834 0.176481 0)
(-0.102913 0.20548 0)
(-0.147608 0.213044 0)
(-0.189973 0.202192 0)
(-0.227378 0.176186 0)
(-0.258006 0.138196 0)
(-0.280636 0.0911886 0)
(-0.294398 0.037988 0)
(-0.298611 -0.0185523 0)
(-0.292719 -0.0753292 0)
(-0.276339 -0.128774 0)
(-0.249434 -0.174706 0)
(-0.212637 -0.208343 0)
(-0.167692 -0.224576 0)
(-0.117843 -0.218613 0)
(-0.0681498 -0.186989 0)
(-0.0266876 -0.12888 0)
(-0.00463938 -0.0477855 0)
(-0.00498986 0.0610913 0)
(-0.0270689 0.155261 0)
(-0.0671066 0.218227 0)
(-0.114315 0.251227 0)
(-0.161839 0.258013 0)
(-0.205901 0.243094 0)
(-0.244134 0.210886 0)
(-0.275138 0.165339 0)
(-0.298128 0.109877 0)
(-0.312577 0.0475373 0)
(-0.317976 -0.0187541 0)
(-0.313719 -0.0858476 0)
(-0.299116 -0.150017 0)
(-0.273575 -0.206654 0)
(-0.236998 -0.250111 0)
(-0.190387 -0.273842 0)
(-0.136517 -0.271053 0)
(-0.0806387 -0.23595 0)
(-0.0323371 -0.165647 0)
(-0.00582058 -0.0628284 0)
(-0.00589391 0.0761686 0)
(-0.0310134 0.190388 0)
(-0.0751908 0.263863 0)
(-0.125529 0.299872 0)
(-0.174388 0.304553 0)
(-0.218176 0.28443 0)
(-0.25511 0.245351 0)
(-0.284513 0.192129 0)
(-0.306288 0.128584 0)
(-0.320448 0.0578118 0)
(-0.326804 -0.0174145 0)
(-0.324782 -0.094175 0)
(-0.313393 -0.168888 0)
(-0.291379 -0.236797 0)
(-0.257634 -0.291553 0)
(-0.211961 -0.325092 0)
(-0.156063 -0.328119 0)
(-0.09483 -0.291517 0)
(-0.0392763 -0.208976 0)
(-0.00740411 -0.0811944 0)
(-0.00715031 0.0936147 0)
(-0.0359091 0.229634 0)
(-0.0841431 0.312905 0)
(-0.136295 0.349993 0)
(-0.184096 0.350526 0)
(-0.224609 0.323709 0)
(-0.257119 0.277103 0)
(-0.282058 0.216414 0)
(-0.30031 0.145733 0)
(-0.312644 0.0679994 0)
(-0.319353 -0.0144463 0)
(-0.32003 -0.0992534 0)
(-0.31346 -0.183384 0)
(-0.297682 -0.262366 0)
(-0.270354 -0.329526 0)
(-0.229564 -0.375415 0)
(-0.175119 -0.38785 0)
(-0.110577 -0.353183 0)
(-0.0478783 -0.259646 0)
(-0.00959545 -0.103762 0)
(-0.00907471 0.114223 0)
(-0.0424509 0.273448 0)
(-0.0943719 0.364424 0)
(-0.146017 0.399245 0)
(-0.188996 0.392643 0)
(-0.221849 0.357276 0)
(-0.245595 0.302621 0)
(-0.262226 0.23517 0)
(-0.273876 0.159054 0)
(-0.282247 0.0767749 0)
(-0.28826 -0.0100706 0)
(-0.291823 -0.100068 0)
(-0.291661 -0.191186 0)
(-0.285221 -0.279818 0)
(-0.268856 -0.359612 0)
(-0.238497 -0.420249 0)
(-0.191057 -0.446606 0)
(-0.12725 -0.41929 0)
(-0.0586319 -0.318213 0)
(-0.0127453 -0.131768 0)
(-0.0122595 0.139453 0)
(-0.0517518 0.322371 0)
(-0.106161 0.416582 0)
(-0.153142 0.443772 0)
(-0.185482 0.425985 0)
(-0.204537 0.380033 0)
(-0.213898 0.317233 0)
(-0.217512 0.244504 0)
(-0.218902 0.165618 0)
(-0.220727 0.0822952 0)
(-0.224577 -0.00490829 0)
(-0.23081 -0.0958335 0)
(-0.238337 -0.189896 0)
(-0.244345 -0.285011 0)
(-0.24413 -0.376081 0)
(-0.231344 -0.452966 0)
(-0.199088 -0.498277 0)
(-0.143175 -0.486127 0)
(-0.0720876 -0.38456 0)
(-0.0174418 -0.167005 0)
(-0.0177192 0.171882 0)
(-0.0652772 0.376659 0)
(-0.118777 0.46566 0)
(-0.153599 0.477285 0)
(-0.166566 0.443463 0)
(-0.163778 0.385312 0)
(-0.152181 0.315301 0)
(-0.137779 0.239979 0)
(-0.12527 0.162156 0)
(-0.118001 0.0824009 0)
(-0.118062 2.28746e-05 0)
(-0.126292 -0.0862299 0)
(-0.142087 -0.177483 0)
(-0.162948 -0.27375 0)
(-0.183865 -0.372272 0)
(-0.196786 -0.464766 0)
(-0.19069 -0.533429 0)
(-0.154298 -0.546532 0)
(-0.0883992 -0.456887 0)
(-0.0245391 -0.212012 0)
(-0.0267848 0.215893 0)
(-0.0837979 0.434983 0)
(-0.12769 0.504052 0)
(-0.137209 0.48971 0)
(-0.11856 0.435445 0)
(-0.084634 0.365264 0)
(-0.0458138 0.291003 0)
(-0.00949053 0.217504 0)
(0.0192924 0.14585 0)
(0.0372125 0.0751616 0)
(0.0421533 0.00350899 0)
(0.0329481 -0.0716216 0)
(0.00946664 -0.152958 0)
(-0.0268718 -0.242817 0)
(-0.0720733 -0.3417 0)
(-0.118047 -0.445273 0)
(-0.150884 -0.53868 0)
(-0.151159 -0.587854 0)
(-0.105493 -0.529681 0)
(-0.0346771 -0.270339 0)
(-0.0396399 0.279196 0)
(-0.103045 0.490805 0)
(-0.117142 0.515933 0)
(-0.0802163 0.465023 0)
(-0.015519 0.389739 0)
(0.0572436 0.312058 0)
(0.126217 0.239965 0)
(0.184647 0.17491 0)
(0.228779 0.115624 0)
(0.256475 0.0597861 0)
(0.266332 0.00459222 0)
(0.257221 -0.053161 0)
(0.22821 -0.117145 0)
(0.178939 -0.191463 0)
(0.110721 -0.280018 0)
(0.0288019 -0.384162 0)
(-0.0539236 -0.496579 0)
(-0.112709 -0.588961 0)
(-0.113863 -0.589676 0)
(-0.0459195 -0.347288 0)
(-0.0478536 0.370114 0)
(-0.0996055 0.521712 0)
(-0.0427416 0.470738 0)
(0.0681714 0.380794 0)
(0.188335 0.294526 0)
(0.298598 0.221732 0)
(0.3915 0.162724 0)
(0.464463 0.114622 0)
(0.5171 0.0740235 0)
(0.549654 0.0378162 0)
(0.562132 0.00314334 0)
(0.553893 -0.0329141 0)
(0.523444 -0.0737732 0)
(0.468463 -0.123869 0)
(0.386389 -0.18907 0)
(0.276318 -0.276156 0)
(0.142948 -0.389107 0)
(0.00517514 -0.517899 0)
(-0.0837337 -0.605182 0)
(-0.0447674 -0.442681 0)
(0.00832136 0.442682 0)
(0.0222719 0.463416 0)
(0.206924 0.333667 0)
(0.403703 0.230068 0)
(0.562801 0.158481 0)
(0.685855 0.10916 0)
(0.778928 0.0747995 0)
(0.846753 0.0499878 0)
(0.89318 0.0309306 0)
(0.920919 0.0150482 0)
(0.931355 0.000440156 0)
(0.924521 -0.0145906 0)
(0.898944 -0.0320414 0)
(0.851287 -0.0548195 0)
(0.775939 -0.0877366 0)
(0.664875 -0.138871 0)
(0.507183 -0.220624 0)
(0.294368 -0.347288 0)
(0.0768723 -0.505695 0)
(0.0348127 -0.488865 0)
(0.475191 0.232066 0)
(0.625021 0.203367 0)
(0.878886 0.122859 0)
(1.06616 0.071821 0)
(1.17904 0.0427751 0)
(1.25052 0.0259122 0)
(1.2981 0.0158831 0)
(1.3297 0.00963994 0)
(1.34976 0.00542734 0)
(1.36085 0.00224908 0)
(1.36423 -0.000501258 0)
(1.36017 -0.0032801 0)
(1.34795 -0.0066159 0)
(1.32552 -0.0113443 0)
(1.28869 -0.0190937 0)
(1.22927 -0.0332285 0)
(1.12866 -0.0606142 0)
(0.946275 -0.114111 0)
(0.674807 -0.204189 0)
(0.498739 -0.240608 0)
)
;

boundaryField
{
    movingWall
    {
        type            fixedValue;
        value           uniform (1.6 0 0);
    }
    fixedWalls
    {
        type            noSlip;
    }
    frontAndBack
    {
        type            empty;
    }
}


// ************************************************************************* //
