/*--------------------------------*- C++ -*----------------------------------*\
  =========                 |
  \\      /  F ield         | OpenFOAM: The Open Source CFD Toolbox
   \\    /   O peration     | Website:  https://openfoam.org
    \\  /    A nd           | Version:  8
     \\/     M anipulation  |
\*---------------------------------------------------------------------------*/
FoamFile
{
    version     2.0;
    format      ascii;
    class       volScalarField;
    location    "0.1";
    object      p;
}
// * * * * * * * * * * * * * * * * * * * * * * * * * * * * * * * * * * * * * //

dimensions      [0 2 -2 0 0 0 0];

internalField   nonuniform List<scalar> 
400
(
3.85714e-07
-0.029824
-0.0651268
-0.0916942
-0.102259
-0.093978
-0.0664518
-0.020868
0.0403102
0.113292
0.192831
0.272263
0.343935
0.400117
0.434373
0.443179
0.427467
0.393719
0.35417
0.325915
0.0275608
-0.00325916
-0.0308199
-0.0489413
-0.0548137
-0.0464805
-0.0234405
0.0136031
0.0629247
0.121691
0.185834
0.250101
0.308403
0.354588
0.383568
0.392607
0.382501
0.358042
0.326711
0.298073
0.0618846
0.0200505
-0.00891583
-0.0249339
-0.0296339
-0.0222845
-0.00265533
0.0287605
0.0708072
0.121423
0.177385
0.234242
0.286579
0.328684
0.355595
0.364327
0.355063
0.331286
0.296737
0.256431
0.0899219
0.0333293
-0.001635
-0.019258
-0.0250827
-0.0195289
-0.00269145
0.0250743
0.0631109
0.110014
0.163178
0.218564
0.270822
0.313897
0.342072
0.351326
0.340805
0.312933
0.268802
0.211319
0.101941
0.0304181
-0.0116747
-0.0322186
-0.0401694
-0.0368844
-0.0226498
0.00240939
0.0381969
0.0839929
0.137779
0.195793
0.252484
0.300999
0.33426
0.346543
0.335438
0.302212
0.245794
0.168267
0.0899252
0.00436511
-0.0449114
-0.0688919
-0.0795008
-0.0788048
-0.0671038
-0.0441346
-0.0092931
0.037513
0.0949527
0.159578
0.225523
0.284815
0.328423
0.348119
0.339158
0.301169
0.230869
0.130302
0.0470887
-0.051297
-0.107353
-0.134883
-0.148458
-0.15068
-0.141692
-0.120656
-0.0860561
-0.0367428
0.0269105
0.102009
0.182478
0.259049
0.320155
0.354068
0.352507
0.312403
0.227434
0.0998855
-0.0326548
-0.14253
-0.204685
-0.235592
-0.252298
-0.257865
-0.252155
-0.233563
-0.199389
-0.147051
-0.0754929
0.0134563
0.113922
0.215437
0.303426
0.361476
0.376032
0.33942
0.240304
0.0808308
-0.154857
-0.274904
-0.342254
-0.376037
-0.395811
-0.40517
-0.403656
-0.388731
-0.356204
-0.301578
-0.221691
-0.116502
0.00915578
0.14415
0.270743
0.366619
0.410659
0.387512
0.277182
0.0802549
-0.324529
-0.453622
-0.524879
-0.560337
-0.582466
-0.595688
-0.599315
-0.589774
-0.56108
-0.50628
-0.419279
-0.297031
-0.142054
0.03504
0.213856
0.365313
0.45807
0.464685
0.350423
0.110954
-0.546295
-0.683726
-0.756708
-0.791057
-0.813263
-0.829209
-0.838226
-0.835676
-0.813508
-0.761763
-0.670532
-0.532464
-0.346033
-0.119391
0.125962
0.354315
0.521718
0.582988
0.479394
0.194807
-0.825179
-0.970803
-1.04126
-1.0685
-1.08541
-1.10043
-1.11326
-1.11817
-1.10479
-1.05964
-0.96818
-0.817465
-0.600009
-0.318906
0.00611452
0.334646
0.609178
0.760734
0.693869
0.368089
-1.16891
-1.32264
-1.38176
-1.38992
-1.39093
-1.39722
-1.4091
-1.41959
-1.41556
-1.37951
-1.29159
-1.13226
-0.886342
-0.549053
-0.134307
0.3172
0.736482
1.0262
1.03914
0.690251
-1.59364
-1.7525
-1.78166
-1.74856
-1.71521
-1.69929
-1.70131
-1.71218
-1.71522
-1.68824
-1.60558
-1.44047
-1.16898
-0.776047
-0.265287
0.329204
0.933774
1.42287
1.58378
1.25896
-2.13705
-2.28487
-2.24446
-2.13159
-2.03533
-1.97758
-1.95675
-1.95965
-1.96447
-1.94328
-1.86407
-1.69268
-1.39608
-0.947677
-0.336905
0.41713
1.24862
2.01316
2.42819
2.23234
-2.88589
-2.96404
-2.77178
-2.51693
-2.31847
-2.19469
-2.13619
-2.12169
-2.12159
-2.10057
-2.01972
-1.83755
-1.51198
-1.00473
-0.288445
0.641002
1.74266
2.87539
3.70574
3.84841
-4.0342
-3.86459
-3.36151
-2.87419
-2.52536
-2.31047
-2.20186
-2.16344
-2.15363
-2.12803
-2.04011
-1.84108
-1.48019
-0.906863
-0.0744147
1.05246
2.47599
4.09267
5.58316
6.45722
-6.07564
-5.09067
-3.9767
-3.14582
-2.60103
-2.27963
-2.12072
-2.06302
-2.04805
-2.02091
-1.92788
-1.71377
-1.31954
-0.681507
0.27125
1.61721
3.42622
5.69187
8.29703
10.7756
-10.4252
-6.67739
-4.28919
-3.04362
-2.34247
-1.96683
-1.8088
-1.77559
-1.79079
-1.79194
-1.72217
-1.52389
-1.13381
-0.47848
0.537438
2.04779
4.23889
7.36076
11.9988
18.3844
-18.8847
-8.1883
-3.57439
-2.09062
-1.47798
-1.22224
-1.18925
-1.2717
-1.38707
-1.47519
-1.48403
-1.3608
-1.04731
-0.470174
0.469354
1.9357
4.25388
8.14956
15.6688
29.2878
)
;

boundaryField
{
    movingWall
    {
        type            zeroGradient;
    }
    fixedWalls
    {
        type            zeroGradient;
    }
    frontAndBack
    {
        type            empty;
    }
}


// ************************************************************************* //
