/*--------------------------------*- C++ -*----------------------------------*\
  =========                 |
  \\      /  F ield         | OpenFOAM: The Open Source CFD Toolbox
   \\    /   O peration     | Website:  https://openfoam.org
    \\  /    A nd           | Version:  8
     \\/     M anipulation  |
\*---------------------------------------------------------------------------*/
FoamFile
{
    version     2.0;
    format      ascii;
    class       surfaceScalarField;
    location    "0.1";
    object      phi;
}
// * * * * * * * * * * * * * * * * * * * * * * * * * * * * * * * * * * * * * //

dimensions      [0 3 -1 0 0 0 0];

internalField   nonuniform List<scalar> 
760
(
6.151e-08
-6.15058e-08
-1.2928e-07
1.90787e-07
-5.81971e-07
4.52693e-07
-1.20979e-06
6.27819e-07
-1.92303e-06
7.13239e-07
-2.6431e-06
7.20078e-07
-3.30319e-06
6.60092e-07
-3.84581e-06
5.42625e-07
-4.22115e-06
3.75332e-07
-4.3881e-06
1.66955e-07
-4.31863e-06
-6.94764e-08
-4.00429e-06
-3.14334e-07
-3.46329e-06
-5.40999e-07
-2.74546e-06
-7.17825e-07
-1.9327e-06
-8.12762e-07
-1.13249e-06
-8.00212e-07
-4.63378e-07
-6.69116e-07
-3.27191e-08
-4.30661e-07
9.82329e-08
-1.30955e-07
9.82319e-08
-1.90799e-07
1.29286e-07
-9.34594e-07
9.34589e-07
-2.18148e-06
1.69957e-06
-3.77596e-06
2.2223e-06
-5.53805e-06
2.47532e-06
-7.29476e-06
2.47678e-06
-8.88985e-06
2.25519e-06
-1.0186e-05
1.83876e-06
-1.10662e-05
1.25554e-06
-1.14389e-05
5.39662e-07
-1.12473e-05
-2.61063e-07
-1.04817e-05
-1.07997e-06
-9.19137e-06
-1.83131e-06
-7.49222e-06
-2.41698e-06
-5.56449e-06
-2.7405e-06
-3.63712e-06
-2.72758e-06
-1.95587e-06
-2.35037e-06
-7.36167e-07
-1.65036e-06
-1.03073e-07
-7.64044e-07
-4.83798e-09
-4.88045e-07
6.17332e-07
-1.82635e-06
2.27289e-06
-3.8303e-06
3.70353e-06
-6.26871e-06
4.66072e-06
-8.89744e-06
5.10405e-06
-1.14823e-05
5.06163e-06
-1.38091e-05
4.58202e-06
-1.56882e-05
3.71783e-06
-1.69584e-05
2.52576e-06
-1.74952e-05
1.07641e-06
-1.72225e-05
-5.33673e-07
-1.61285e-05
-2.17397e-06
-1.42796e-05
-3.68024e-06
-1.18299e-05
-4.8667e-06
-9.01922e-06
-5.55119e-06
-6.15428e-06
-5.59252e-06
-3.56971e-06
-4.93495e-06
-1.57053e-06
-3.64954e-06
-3.64314e-07
-1.97025e-06
-3.69148e-07
-7.60935e-07
1.37826e-06
-2.67137e-06
4.18332e-06
-5.39513e-06
6.42729e-06
-8.61024e-06
7.87584e-06
-1.20119e-05
8.5057e-06
-1.53195e-05
8.36927e-06
-1.828e-05
7.54252e-06
-2.06694e-05
6.1072e-06
-2.22966e-05
4.15298e-06
-2.3012e-05
1.79176e-06
-2.27204e-05
-8.25241e-07
-2.13987e-05
-3.4957e-06
-1.91132e-05
-5.96576e-06
-1.60335e-05
-7.94633e-06
-1.24359e-05
-9.14883e-06
-8.68772e-06
-9.3407e-06
-5.20877e-06
-8.4139e-06
-2.40863e-06
-6.44967e-06
-6.12393e-07
-3.76648e-06
-9.81542e-07
-1.00513e-06
2.3834e-06
-3.44853e-06
6.62673e-06
-6.84759e-06
9.82634e-06
-1.07861e-05
1.18143e-05
-1.49006e-05
1.26202e-05
-1.88727e-05
1.23414e-05
-2.24223e-05
1.10922e-05
-2.53032e-05
8.98807e-06
-2.73029e-05
6.15268e-06
-2.82492e-05
2.73813e-06
-2.80232e-05
-1.05123e-06
-2.65777e-05
-4.94123e-06
-2.39598e-05
-8.58368e-06
-2.03329e-05
-1.15732e-05
-1.5991e-05
-1.34907e-05
-1.13544e-05
-1.39773e-05
-6.93672e-06
-1.28316e-05
-3.27836e-06
-1.0108e-05
-8.56756e-07
-6.18808e-06
-1.8383e-06
-1.22494e-06
3.60834e-06
-4.15786e-06
9.55964e-06
-8.18205e-06
1.38505e-05
-1.27911e-05
1.64234e-05
-1.75675e-05
1.73965e-05
-2.21624e-05
1.69363e-05
-2.62787e-05
1.52084e-05
-2.96571e-05
1.23665e-05
-3.20704e-05
8.56594e-06
-3.33249e-05
3.99266e-06
-3.32714e-05
-1.1047e-06
-3.18246e-05
-6.388e-06
-2.89914e-05
-1.14169e-05
-2.49044e-05
-1.56602e-05
-1.98534e-05
-1.85417e-05
-1.43016e-05
-1.95292e-05
-8.86583e-06
-1.82673e-05
-4.24911e-06
-1.47247e-05
-1.12473e-06
-9.31246e-06
-2.96303e-06
-1.42316e-06
5.0315e-06
-4.80013e-06
1.29366e-05
-9.39211e-06
1.84425e-05
-1.46096e-05
2.16409e-05
-1.99878e-05
2.27747e-05
-2.51566e-05
2.21052e-05
-2.98121e-05
1.98639e-05
-3.36922e-05
1.62466e-05
-3.65625e-05
1.14363e-05
-3.82109e-05
5.64108e-06
-3.84538e-05
-8.61817e-07
-3.71548e-05
-7.68699e-06
-3.42583e-05
-1.43134e-05
-2.98363e-05
-2.00822e-05
-2.41436e-05
-2.42344e-05
-1.76635e-05
-2.60092e-05
-1.11172e-05
-2.48136e-05
-5.40258e-06
-2.04394e-05
-1.44783e-06
-1.32672e-05
-4.41086e-06
-1.60069e-06
6.63218e-06
-5.37313e-06
1.67091e-05
-1.04646e-05
2.3534e-05
-1.62092e-05
2.73856e-05
-2.21035e-05
2.86689e-05
-2.77672e-05
2.7769e-05
-3.29026e-05
2.49992e-05
-3.72582e-05
2.06023e-05
-4.06045e-05
1.47825e-05
-4.27188e-05
7.75539e-06
-4.33849e-05
-1.95744e-07
-4.24074e-05
-8.66446e-06
-3.96477e-05
-1.70732e-05
-3.50829e-05
-2.4647e-05
-2.88881e-05
-3.04292e-05
-2.1524e-05
-3.33732e-05
-1.37955e-05
-3.25421e-05
-6.82058e-06
-2.74143e-05
-1.85921e-06
-1.82286e-05
-6.27007e-06
-1.75828e-06
8.39047e-06
-5.87464e-06
2.08254e-05
-1.13832e-05
2.90425e-05
-1.7545e-05
3.35474e-05
-2.38275e-05
3.49513e-05
-2.98545e-05
3.3796e-05
-3.53512e-05
3.04959e-05
-4.00952e-05
2.53463e-05
-4.38795e-05
1.85668e-05
-4.64875e-05
1.03634e-05
-4.76814e-05
9.98178e-07
-4.72092e-05
-9.13669e-06
-4.48355e-05
-1.94469e-05
-4.0408e-05
-2.90745e-05
-3.39641e-05
-3.68731e-05
-2.58716e-05
-4.14658e-05
-1.69626e-05
-4.14511e-05
-8.57643e-06
-3.58005e-05
-2.39376e-06
-2.44113e-05
-8.66384e-06
-1.90075e-06
1.02912e-05
-6.31153e-06
2.52362e-05
-1.21399e-05
3.48709e-05
-1.85718e-05
3.99793e-05
-2.50562e-05
4.14357e-05
-3.12393e-05
3.99791e-05
-3.68913e-05
3.61479e-05
-4.18429e-05
3.02978e-05
-4.59349e-05
2.26589e-05
-4.89823e-05
1.34108e-05
-5.075e-05
2.76589e-06
-5.0946e-05
-8.94068e-06
-4.92399e-05
-2.11529e-05
-4.53237e-05
-3.29907e-05
-3.90334e-05
-4.31634e-05
-3.0543e-05
-4.99562e-05
-2.06038e-05
-5.13903e-05
-1.0725e-05
-4.56793e-05
-3.08954e-06
-3.20467e-05
-1.17534e-05
-2.04405e-06
1.23353e-05
-6.71454e-06
2.99067e-05
-1.27536e-05
4.09099e-05
-1.92626e-05
4.64883e-05
-2.56869e-05
4.78599e-05
-3.17207e-05
4.60129e-05
-3.72082e-05
4.16354e-05
-4.20624e-05
3.51521e-05
-4.6204e-05
2.68005e-05
-4.9514e-05
1.67207e-05
-5.17971e-05
5.04902e-06
-5.27574e-05
-7.98042e-06
-5.19939e-05
-2.19164e-05
-4.90388e-05
-3.59458e-05
-4.34721e-05
-4.87302e-05
-3.51525e-05
-5.82757e-05
-2.45783e-05
-6.19645e-05
-1.32858e-05
-5.69717e-05
-3.98992e-06
-4.13427e-05
-1.57433e-05
-2.22669e-06
1.4562e-05
-7.15893e-06
3.48389e-05
-1.32909e-05
4.70419e-05
-1.96255e-05
5.28229e-05
-2.56314e-05
5.38658e-05
-3.10898e-05
5.14714e-05
-3.59567e-05
4.65023e-05
-4.02625e-05
3.94579e-05
-4.40423e-05
3.05803e-05
-4.72823e-05
1.99606e-05
-4.98738e-05
7.64058e-06
-5.15711e-05
-6.28314e-06
-5.19564e-05
-2.15311e-05
-5.04356e-05
-3.74666e-05
-4.63115e-05
-5.28543e-05
-3.90109e-05
-6.55764e-05
-2.85483e-05
-7.24271e-05
-1.6212e-05
-6.9308e-05
-5.14555e-06
-5.24091e-05
-2.08888e-05
-2.52817e-06
1.70901e-05
-7.78971e-06
4.01004e-05
-1.38813e-05
5.31335e-05
-1.97032e-05
5.86448e-05
-2.48047e-05
5.89674e-05
-2.91166e-05
5.57832e-05
-3.27564e-05
5.0142e-05
-3.59098e-05
4.26114e-05
-3.87586e-05
3.34291e-05
-4.14294e-05
2.26315e-05
-4.39475e-05
1.01586e-05
-4.61811e-05
-4.04955e-06
-4.77769e-05
-1.99353e-05
-4.80972e-05
-3.71462e-05
-4.62109e-05
-5.47406e-05
-4.10464e-05
-7.07408e-05
-3.18838e-05
-8.15897e-05
-1.93335e-05
-8.18584e-05
-6.61296e-06
-6.51296e-05
-2.75018e-05
-3.09855e-06
2.01887e-05
-8.84368e-06
4.58456e-05
-1.47003e-05
5.89901e-05
-1.95162e-05
6.34607e-05
-2.30432e-05
6.24944e-05
-2.54613e-05
5.82014e-05
-2.71135e-05
5.17942e-05
-2.83763e-05
4.38742e-05
-2.95987e-05
3.46515e-05
-3.10671e-05
2.40999e-05
-3.2971e-05
1.20625e-05
-3.535e-05
-1.67057e-06
-3.80092e-05
-1.72761e-05
-4.0397e-05
-3.47584e-05
-4.14824e-05
-5.36552e-05
-3.97442e-05
-7.2479e-05
-3.35407e-05
-8.77933e-05
-2.22547e-05
-9.31443e-05
-8.43783e-06
-7.89465e-05
-3.59396e-05
-4.19881e-06
2.43875e-05
-1.06338e-05
5.22805e-05
-1.58476e-05
6.42039e-05
-1.88551e-05
6.64682e-05
-1.98529e-05
6.34922e-05
-1.94183e-05
5.77667e-05
-1.81883e-05
5.05642e-05
-1.67497e-05
4.24356e-05
-1.56124e-05
3.35142e-05
-1.52085e-05
2.36959e-05
-1.58877e-05
1.27417e-05
-1.78844e-05
3.26165e-07
-2.12381e-05
-1.39224e-05
-2.56362e-05
-3.03602e-05
-3.01762e-05
-4.91152e-05
-3.31143e-05
-6.95409e-05
-3.19011e-05
-8.90065e-05
-2.41612e-05
-0.000100884
-1.0583e-05
-9.25247e-05
-4.65227e-05
-6.21338e-06
3.06009e-05
-1.33587e-05
5.94259e-05
-1.69147e-05
6.77599e-05
-1.67082e-05
6.62617e-05
-1.38042e-05
6.05882e-05
-9.34632e-06
5.33089e-05
-4.29826e-06
4.55161e-05
5.75767e-07
3.75615e-05
4.66506e-06
2.94249e-05
7.4555e-06
2.09055e-05
8.49527e-06
1.17019e-05
7.38816e-06
1.43328e-06
3.84383e-06
-1.03781e-05
-2.18608e-06
-2.43303e-05
-1.02068e-05
-4.10945e-05
-1.86875e-05
-6.10602e-05
-2.45533e-05
-8.31407e-05
-2.34493e-05
-0.000101988
-1.26964e-05
-0.000103278
-5.9219e-05
-9.46399e-06
4.00649e-05
-1.62737e-05
6.62356e-05
-1.57102e-05
6.71964e-05
-9.89197e-06
6.04435e-05
-1.28508e-06
5.19813e-05
8.36608e-06
4.36577e-05
1.78973e-05
3.59849e-05
2.65244e-05
2.89345e-05
3.36812e-05
2.22681e-05
3.89033e-05
1.56834e-05
4.17508e-05
8.85446e-06
4.17661e-05
1.41804e-06
3.84735e-05
-7.08557e-06
3.14431e-05
-1.72999e-05
2.05339e-05
-3.01853e-05
6.48757e-06
-4.70139e-05
-7.98509e-06
-6.8668e-05
-1.71169e-05
-9.28564e-05
-1.35757e-05
-0.000106819
-7.27947e-05
-1.32356e-05
5.33005e-05
-1.48273e-05
6.78273e-05
-4.95043e-06
5.73195e-05
9.76359e-06
4.57295e-05
2.55579e-05
3.6187e-05
4.06735e-05
2.85421e-05
5.42477e-05
2.24108e-05
6.58299e-05
1.73523e-05
7.51431e-05
1.29548e-05
8.19464e-05
8.88007e-06
8.59551e-05
4.8458e-06
8.67866e-05
5.86527e-07
8.39254e-05
-4.22437e-06
7.6678e-05
-1.00525e-05
6.42337e-05
-1.7741e-05
4.60362e-05
-2.88164e-05
2.30511e-05
-4.56829e-05
4.44978e-07
-7.02502e-05
-1.01536e-05
-9.62203e-05
-8.29483e-05
-9.18287e-06
6.24833e-05
8.88498e-06
4.97595e-05
3.49383e-05
3.12662e-05
5.94698e-05
2.1198e-05
8.05995e-05
1.50572e-05
9.82645e-05
1.08772e-05
0.000112731
7.9441e-06
0.000124291
5.79275e-06
0.000133154
4.09099e-06
0.000139414
2.62103e-06
0.000143023
1.23633e-06
0.000143784
-1.74251e-07
0.000141308
-1.74841e-06
0.000134902
-3.64713e-06
0.000123408
-6.24679e-06
0.000105002
-1.04106e-05
7.75834e-05
-1.82639e-05
4.13852e-05
-3.40521e-05
6.64072e-06
-6.14758e-05
-7.63076e-05
6.24833e-05
0.000112243
0.000143509
0.000164707
0.000179764
0.000190641
0.000198585
0.000204378
0.000208469
0.00021109
0.000212327
0.000212152
0.000210404
0.000206757
0.00020051
0.000190099
0.000171835
0.000137783
7.63076e-05
)
;

boundaryField
{
    movingWall
    {
        type            calculated;
        value           uniform 0;
    }
    fixedWalls
    {
        type            calculated;
        value           uniform 0;
    }
    frontAndBack
    {
        type            empty;
        value           nonuniform List<scalar> 0();
    }
}


// ************************************************************************* //
