/*--------------------------------*- C++ -*----------------------------------*\
  =========                 |
  \\      /  F ield         | OpenFOAM: The Open Source CFD Toolbox
   \\    /   O peration     | Website:  https://openfoam.org
    \\  /    A nd           | Version:  8
     \\/     M anipulation  |
\*---------------------------------------------------------------------------*/
FoamFile
{
    version     2.0;
    format      ascii;
    class       volScalarField;
    location    "0.5";
    object      p;
}
// * * * * * * * * * * * * * * * * * * * * * * * * * * * * * * * * * * * * * //

dimensions      [0 2 -2 0 0 0 0];

internalField   nonuniform List<scalar> 
400
(
3.61194e-06
-0.0139989
-0.0308517
-0.0435779
-0.0482803
-0.0432746
-0.0284088
-0.00457367
0.0265919
0.0628456
0.101434
0.139213
0.172859
0.199194
0.215632
0.220716
0.214692
0.200049
0.181899
0.168001
0.0138991
-0.000554547
-0.0137246
-0.0223964
-0.0248372
-0.0198919
-0.00736838
0.0121293
0.0373963
0.0667166
0.0979324
0.128554
0.155945
0.177603
0.191521
0.196601
0.193082
0.182758
0.168465
0.154275
0.0317393
0.0117712
-0.00238293
-0.010248
-0.0121919
-0.00768059
0.0033147
0.0202545
0.0421674
0.0676673
0.0949655
0.12194
0.146285
0.165754
0.178475
0.183312
0.180263
0.170491
0.154888
0.13512
0.0472369
0.0198387
0.00240266
-0.0064752
-0.00894222
-0.00502312
0.00508881
0.0208132
0.0412914
0.0653311
0.0913495
0.117387
0.141217
0.160555
0.173356
0.178176
0.17463
0.163337
0.143693
0.115992
0.0560468
0.021027
-0.000264101
-0.010691
-0.0139327
-0.0104829
-0.000732685
0.0146855
0.0349907
0.0591307
0.0856537
0.112662
0.137872
0.158796
0.173025
0.178624
0.174702
0.161355
0.136714
0.100227
0.0548699
0.0124158
-0.0127882
-0.0248281
-0.0287424
-0.0254178
-0.0154032
0.000634196
0.0219899
0.0477344
0.0765123
0.10643
0.135057
0.159569
0.177018
0.184783
0.181299
0.166067
0.136003
0.0899995
0.0408793
-0.00878523
-0.0377247
-0.051145
-0.05537
-0.0516421
-0.0406346
-0.0230183
0.000604437
0.0294472
0.0622615
0.0971477
0.131483
0.162003
0.185048
0.197073
0.195591
0.17929
0.143689
0.0871856
0.0113283
-0.0453714
-0.0776983
-0.091999
-0.0959245
-0.0910878
-0.0782713
-0.0581118
-0.0310554
0.00231899
0.0409366
0.0829454
0.125545
0.164975
0.1967
0.215966
0.218996
0.203265
0.162394
0.0941001
-0.0367075
-0.100359
-0.135554
-0.149928
-0.152642
-0.145767
-0.130207
-0.106524
-0.0749281
-0.0356794
0.0104519
0.0617926
0.115465
0.167228
0.211547
0.242141
0.253437
0.241048
0.195784
0.11418
-0.10653
-0.177175
-0.214435
-0.227586
-0.227702
-0.217492
-0.198034
-0.169778
-0.132591
-0.0862532
-0.0310306
0.0318061
0.0995136
0.167512
0.229234
0.276566
0.30152
0.296885
0.249178
0.152738
-0.20211
-0.279929
-0.31787
-0.327609
-0.322897
-0.307408
-0.282484
-0.248421
-0.204601
-0.150117
-0.0844589
-0.00817354
0.0764861
0.164919
0.249685
0.320658
0.36677
0.376684
0.330344
0.217997
-0.328717
-0.413914
-0.449918
-0.452396
-0.43916
-0.415347
-0.382668
-0.341186
-0.289609
-0.226079
-0.148975
-0.0577019
0.0464841
0.159519
0.273558
0.376595
0.453956
0.488609
0.450624
0.32269
-0.494323
-0.586544
-0.615366
-0.603744
-0.57587
-0.538964
-0.495136
-0.444021
-0.383366
-0.310022
-0.220872
-0.113685
0.0119136
0.153217
0.302895
0.447763
0.569507
0.643841
0.626567
0.486817
-0.71284
-0.809029
-0.81987
-0.782137
-0.729815
-0.672662
-0.612876
-0.549192
-0.477903
-0.394122
-0.292804
-0.169573
-0.0217054
0.150503
0.341672
0.53905
0.721729
0.857318
0.882393
0.742822
-1.01124
-1.09912
-1.06948
-0.985139
-0.893515
-0.806223
-0.724376
-0.644749
-0.561336
-0.466894
-0.353969
-0.215565
-0.045915
0.158254
0.395452
0.656171
0.919937
1.14763
1.2531
1.14495
-1.44331
-1.48453
-1.36886
-1.20476
-1.05313
-0.923626
-0.81338
-0.715094
-0.619066
-0.514835
-0.392048
-0.240691
-0.0514003
0.183765
0.46947
0.803594
1.17208
1.53479
1.78593
1.78202
-2.11608
-2.00518
-1.71829
-1.42609
-1.18846
-1.00433
-0.861328
-0.744307
-0.63767
-0.526733
-0.39779
-0.237589
-0.0328205
0.230099
0.564446
0.980911
1.48097
2.03516
2.53924
2.79751
-3.28447
-2.7102
-2.09246
-1.61314
-1.266
-1.02125
-0.848706
-0.719587
-0.609727
-0.499459
-0.371793
-0.21053
0.00137221
0.283682
0.660834
1.16297
1.81873
2.63552
3.58893
4.4956
-5.65193
-3.61714
-2.32364
-1.61668
-1.18155
-0.907163
-0.735425
-0.620138
-0.528297
-0.436754
-0.327175
-0.182407
0.0160671
0.292093
0.68036
1.2344
2.02845
3.17513
4.98322
7.61602
-9.90338
-4.49899
-2.0779
-1.21432
-0.811106
-0.598725
-0.492672
-0.437071
-0.396781
-0.35041
-0.282411
-0.178833
-0.0238093
0.203725
0.538433
1.04561
1.85308
3.27547
6.35772
12.4293
)
;

boundaryField
{
    movingWall
    {
        type            zeroGradient;
    }
    fixedWalls
    {
        type            zeroGradient;
    }
    frontAndBack
    {
        type            empty;
    }
}


// ************************************************************************* //
