/*--------------------------------*- C++ -*----------------------------------*\
  =========                 |
  \\      /  F ield         | OpenFOAM: The Open Source CFD Toolbox
   \\    /   O peration     | Website:  https://openfoam.org
    \\  /    A nd           | Version:  8
     \\/     M anipulation  |
\*---------------------------------------------------------------------------*/
FoamFile
{
    version     2.0;
    format      ascii;
    class       volVectorField;
    location    "0.5";
    object      U;
}
// * * * * * * * * * * * * * * * * * * * * * * * * * * * * * * * * * * * * * //

dimensions      [0 1 -1 0 0 0 0];

internalField   nonuniform List<vector> 
400
(
(0.000590361 -0.000586013 0)
(0.000272396 0.000291457 0)
(-0.00292647 0.00135887 0)
(-0.00842574 0.00209792 0)
(-0.0152826 0.0024649 0)
(-0.0225874 0.00250628 0)
(-0.0295436 0.0022806 0)
(-0.0354876 0.00184175 0)
(-0.0398877 0.00123645 0)
(-0.0423422 0.000509955 0)
(-0.0425913 -0.000286042 0)
(-0.0405434 -0.0010873 0)
(-0.036308 -0.00181458 0)
(-0.030228 -0.0023762 0)
(-0.0228946 -0.00267591 0)
(-0.0151338 -0.00262674 0)
(-0.00794744 -0.00217133 0)
(-0.00239656 -0.00130877 0)
(0.000592196 -0.000167814 0)
(0.000673002 0.000655982 0)
(-0.000230771 -0.000333559 0)
(-0.0040168 0.00404704 0)
(-0.0138773 0.00869353 0)
(-0.0282799 0.0119745 0)
(-0.0453225 0.0135996 0)
(-0.0631357 0.0136528 0)
(-0.0799558 0.0123364 0)
(-0.0942431 0.00988721 0)
(-0.104743 0.00654944 0)
(-0.110517 0.00258378 0)
(-0.110983 -0.00171113 0)
(-0.105972 -0.00598151 0)
(-0.0957881 -0.00981594 0)
(-0.0812579 -0.0127641 0)
(-0.063739 -0.0143805 0)
(-0.0450632 -0.0142947 0)
(-0.02737 -0.0123097 0)
(-0.012822 -0.00852091 0)
(-0.00332631 -0.00354347 0)
(-2.86637e-05 0.00067233 0)
(-0.00133936 0.00280401 0)
(-0.00912733 0.013991 0)
(-0.0257104 0.0245574 0)
(-0.04818 0.0319321 0)
(-0.0737961 0.0354671 0)
(-0.100066 0.0352424 0)
(-0.124611 0.0316555 0)
(-0.145323 0.0252427 0)
(-0.160478 0.0166078 0)
(-0.168785 0.00642307 0)
(-0.169454 -0.0045404 0)
(-0.16226 -0.0153883 0)
(-0.147627 -0.0251077 0)
(-0.126677 -0.0326188 0)
(-0.101244 -0.0368813 0)
(-0.0737924 -0.0370634 0)
(-0.0471976 -0.0327639 0)
(-0.0243824 -0.0242678 0)
(-0.00817601 -0.0129012 0)
(-0.00103857 -0.00197217 0)
(-0.00232355 0.00869348 0)
(-0.0139298 0.0297028 0)
(-0.0370337 0.0478067 0)
(-0.0671149 0.0600206 0)
(-0.100525 0.0655331 0)
(-0.134239 0.0645145 0)
(-0.165428 0.0576288 0)
(-0.191606 0.0457881 0)
(-0.21074 0.0300467 0)
(-0.221307 0.0115937 0)
(-0.222358 -0.00820917 0)
(-0.213595 -0.027796 0)
(-0.195465 -0.0454094 0)
(-0.169228 -0.0591862 0)
(-0.136995 -0.0673364 0)
(-0.101667 -0.0684202 0)
(-0.0667142 -0.061711 0)
(-0.0357978 -0.0475884 0)
(-0.0128386 -0.0279754 0)
(-0.00193606 -0.00720758 0)
(-0.00318152 0.017035 0)
(-0.0183456 0.0507779 0)
(-0.047688 0.0778832 0)
(-0.0850309 0.0954358 0)
(-0.125766 0.102772 0)
(-0.166358 0.100345 0)
(-0.203618 0.0892009 0)
(-0.234792 0.0707077 0)
(-0.257648 0.0464266 0)
(-0.270503 0.0181112 0)
(-0.272267 -0.0122395 0)
(-0.26253 -0.0423334 0)
(-0.241655 -0.0695942 0)
(-0.210899 -0.0912704 0)
(-0.172493 -0.104676 0)
(-0.129655 -0.107576 0)
(-0.0864104 -0.0987005 0)
(-0.0472435 -0.0782913 0)
(-0.0173709 -0.0486266 0)
(-0.00274302 -0.0148205 0)
(-0.00396461 0.0276175 0)
(-0.0224925 0.0769597 0)
(-0.0578186 0.114552 0)
(-0.102124 0.13792 0)
(-0.149824 0.146881 0)
(-0.196893 0.14241 0)
(-0.239845 0.1261 0)
(-0.27575 0.0998628 0)
(-0.302264 0.065808 0)
(-0.317597 0.0262635 0)
(-0.320529 -0.0161397 0)
(-0.310479 -0.0583825 0)
(-0.287627 -0.0970388 0)
(-0.253071 -0.12838 0)
(-0.209006 -0.148656 0)
(-0.158846 -0.154583 0)
(-0.107145 -0.144022 0)
(-0.0593143 -0.116729 0)
(-0.022098 -0.0750506 0)
(-0.00355579 -0.0247708 0)
(-0.0047194 0.0403238 0)
(-0.0265049 0.108052 0)
(-0.0676147 0.157578 0)
(-0.118586 0.187188 0)
(-0.172861 0.197527 0)
(-0.22596 0.190379 0)
(-0.274182 0.168069 0)
(-0.314524 0.133152 0)
(-0.344624 0.0883127 0)
(-0.362653 0.0364254 0)
(-0.367278 -0.0193049 0)
(-0.357705 -0.0751901 0)
(-0.333812 -0.126975 0)
(-0.296372 -0.169896 0)
(-0.24734 -0.198959 0)
(-0.190153 -0.209506 0)
(-0.129805 -0.198087 0)
(-0.0727076 -0.163488 0)
(-0.0274049 -0.107743 0)
(-0.00447948 -0.0372386 0)
(-0.00548435 0.0551157 0)
(-0.0305022 0.143929 0)
(-0.0772359 0.206717 0)
(-0.134514 0.24286 0)
(-0.194805 0.254226 0)
(-0.253245 0.243735 0)
(-0.306044 0.214664 0)
(-0.350267 0.170319 0)
(-0.383666 0.113969 0)
(-0.404481 0.048963 0)
(-0.411315 -0.021035 0)
(-0.40314 -0.091798 0)
(-0.379427 -0.158337 0)
(-0.340422 -0.214851 0)
(-0.287577 -0.25494 0)
(-0.224061 -0.272204 0)
(-0.155102 -0.261301 0)
(-0.0880914 -0.21936 0)
(-0.0336866 -0.147525 0)
(-0.00562228 -0.05263 0)
(-0.00629797 0.072022 0)
(-0.0346039 0.184533 0)
(-0.0868167 0.261691 0)
(-0.149893 0.304387 0)
(-0.215315 0.316203 0)
(-0.27796 0.301598 0)
(-0.334129 0.265059 0)
(-0.381162 0.21076 0)
(-0.41713 0.142535 0)
(-0.440498 0.0641025 0)
(-0.449915 -0.0206016 0)
(-0.444146 -0.107027 0)
(-0.422171 -0.189648 0)
(-0.3835 -0.261732 0)
(-0.328735 -0.315384 0)
(-0.260345 -0.342077 0)
(-0.183382 -0.333858 0)
(-0.106023 -0.285234 0)
(-0.0413402 -0.195522 0)
(-0.0071033 -0.0715777 0)
(-0.00721884 0.0911491 0)
(-0.0389824 0.229869 0)
(-0.0965294 0.322126 0)
(-0.164635 0.370914 0)
(-0.233785 0.382197 0)
(-0.298794 0.362486 0)
(-0.356337 0.31779 0)
(-0.404324 0.253262 0)
(-0.441419 0.173272 0)
(-0.466551 0.0817432 0)
(-0.478594 -0.0173671 0)
(-0.476202 -0.119503 0)
(-0.457846 -0.218935 0)
(-0.422108 -0.308262 0)
(-0.368338 -0.378157 0)
(-0.297707 -0.41766 0)
(-0.214398 -0.41538 0)
(-0.126872 -0.361863 0)
(-0.0507825 -0.253082 0)
(-0.00907175 -0.0949517 0)
(-0.0083616 0.112738 0)
(-0.0439572 0.280047 0)
(-0.106687 0.387488 0)
(-0.178639 0.441106 0)
(-0.249329 0.450207 0)
(-0.313846 0.424028 0)
(-0.36966 0.370451 0)
(-0.415656 0.295723 0)
(-0.451447 0.204673 0)
(-0.476736 0.101221 0)
(-0.490875 -0.0109713 0)
(-0.492601 -0.12776 0)
(-0.479953 -0.2437 0)
(-0.450477 -0.351204 0)
(-0.401879 -0.439838 0)
(-0.333288 -0.496113 0)
(-0.246984 -0.504381 0)
(-0.150704 -0.44948 0)
(-0.0624799 -0.321656 0)
(-0.0117407 -0.1239 0)
(-0.00996075 0.137301 0)
(-0.0501375 0.335358 0)
(-0.117863 0.456983 0)
(-0.191794 0.512889 0)
(-0.260657 0.517161 0)
(-0.320412 0.482615 0)
(-0.369943 0.419383 0)
(-0.409632 0.334858 0)
(-0.44046 0.234195 0)
(-0.463248 0.121054 0)
(-0.478137 -0.00157274 0)
(-0.484226 -0.130443 0)
(-0.479343 -0.261025 0)
(-0.460057 -0.386283 0)
(-0.422168 -0.495374 0)
(-0.361989 -0.572614 0)
(-0.27852 -0.597524 0)
(-0.17705 -0.547198 0)
(-0.0769818 -0.402579 0)
(-0.0154447 -0.159936 0)
(-0.0124839 0.165896 0)
(-0.0586238 0.396401 0)
(-0.130942 0.529333 0)
(-0.203768 0.583026 0)
(-0.265643 0.578449 0)
(-0.314453 0.533007 0)
(-0.351371 0.459364 0)
(-0.378893 0.365975 0)
(-0.399778 0.258071 0)
(-0.41627 0.13873 0)
(-0.429586 0.00989744 0)
(-0.439518 -0.126594 0)
(-0.444056 -0.267827 0)
(-0.439116 -0.408281 0)
(-0.418647 -0.537861 0)
(-0.375587 -0.639707 0)
(-0.304099 -0.688632 0)
(-0.204437 -0.652042 0)
(-0.0949197 -0.496653 0)
(-0.0207332 -0.205116 0)
(-0.0168221 0.200609 0)
(-0.071235 0.464111 0)
(-0.146893 0.60223 0)
(-0.213216 0.646347 0)
(-0.260185 0.62726 0)
(-0.289381 0.5679 0)
(-0.305412 0.483424 0)
(-0.313481 0.382946 0)
(-0.318376 0.271329 0)
(-0.323874 0.150688 0)
(-0.332405 0.0215751 0)
(-0.34473 -0.115984 0)
(-0.359485 -0.261322 0)
(-0.372591 -0.411476 0)
(-0.376754 -0.55868 0)
(-0.36159 -0.686841 0)
(-0.315163 -0.767494 0)
(-0.22941 -0.757438 0)
(-0.116828 -0.603288 0)
(-0.0284875 -0.262274 0)
(-0.0245331 0.245299 0)
(-0.0905119 0.539384 0)
(-0.1656 0.671055 0)
(-0.215564 0.694458 0)
(-0.235575 0.653744 0)
(-0.233593 0.577655 0)
(-0.218843 0.483015 0)
(-0.199492 0.378637 0)
(-0.182177 0.268284 0)
(-0.1719 0.152677 0)
(-0.172096 0.0307605 0)
(-0.184559 -0.0993983 0)
(-0.209043 -0.239701 0)
(-0.242432 -0.390577 0)
(-0.27753 -0.548332 0)
(-0.301857 -0.700503 0)
(-0.297329 -0.818789 0)
(-0.244431 -0.851048 0)
(-0.142256 -0.718699 0)
(-0.0398907 -0.335178 0)
(-0.037779 0.306754 0)
(-0.118396 0.621418 0)
(-0.181926 0.726051 0)
(-0.197568 0.713653 0)
(-0.173129 0.644237 0)
(-0.12606 0.550615 0)
(-0.0705894 0.449006 0)
(-0.0171347 0.346182 0)
(0.0268508 0.243797 0)
(0.0561053 0.140779 0)
(0.0669067 0.0345018 0)
(0.0567514 -0.0786567 0)
(0.0245245 -0.202904 0)
(-0.0286691 -0.342223 0)
(-0.0977877 -0.498287 0)
(-0.171116 -0.665571 0)
(-0.226929 -0.821666 0)
(-0.233465 -0.91196 0)
(-0.166723 -0.83266 0)
(-0.0555183 -0.428715 0)
(-0.0574168 0.397176 0)
(-0.15014 0.702539 0)
(-0.174493 0.745671 0)
(-0.125316 0.681149 0)
(-0.0345205 0.580618 0)
(0.0702682 0.474432 0)
(0.172173 0.37388 0)
(0.261147 0.281348 0)
(0.331164 0.195422 0)
(0.378413 0.113147 0)
(0.400096 0.03077 0)
(0.393759 -0.0562002 0)
(0.357129 -0.153212 0)
(0.288594 -0.266804 0)
(0.188811 -0.403872 0)
(0.0643431 -0.568189 0)
(-0.0659354 -0.750426 0)
(-0.163644 -0.907066 0)
(-0.173839 -0.922505 0)
(-0.0714297 -0.549616 0)
(-0.0724725 0.531371 0)
(-0.15325 0.752399 0)
(-0.0778874 0.685447 0)
(0.0786678 0.562802 0)
(0.252426 0.44354 0)
(0.415413 0.341238 0)
(0.556205 0.256815 0)
(0.67018 0.186748 0)
(0.755872 0.126622 0)
(0.812863 0.0723046 0)
(0.840538 0.0199332 0)
(0.837427 -0.0345458 0)
(0.800807 -0.096055 0)
(0.726568 -0.171318 0)
(0.609822 -0.269795 0)
(0.447608 -0.403372 0)
(0.245164 -0.580859 0)
(0.0294873 -0.789156 0)
(-0.117223 -0.937455 0)
(-0.0653403 -0.69354 0)
(0.00362895 0.648057 0)
(0.0157012 0.677938 0)
(0.280626 0.491729 0)
(0.56759 0.344793 0)
(0.803783 0.242616 0)
(0.990317 0.170983 0)
(1.13489 0.120106 0)
(1.24337 0.0827067 0)
(1.32061 0.0535523 0)
(1.37008 0.0290332 0)
(1.39356 0.00648311 0)
(1.39098 -0.0164735 0)
(1.36017 -0.0426485 0)
(1.29618 -0.0762277 0)
(1.19041 -0.124429 0)
(1.03005 -0.200075 0)
(0.797045 -0.324088 0)
(0.475144 -0.521339 0)
(0.137837 -0.771159 0)
(0.0632444 -0.750889 0)
(0.704726 0.344769 0)
(0.920128 0.303429 0)
(1.29263 0.185995 0)
(1.57257 0.111067 0)
(1.7449 0.0677414 0)
(1.8563 0.0419916 0)
(1.93215 0.026311 0)
(1.98383 0.0163567 0)
(2.01774 0.00954654 0)
(2.03767 0.00438227 0)
(2.04554 -4.80188e-05 0)
(2.04186 -0.00440698 0)
(2.02573 -0.00943301 0)
(1.99441 -0.0162623 0)
(1.94201 -0.0271578 0)
(1.85662 -0.0470386 0)
(1.71087 -0.0865608 0)
(1.44188 -0.166465 0)
(1.03091 -0.304792 0)
(0.757506 -0.363533 0)
)
;

boundaryField
{
    movingWall
    {
        type            fixedValue;
        value           uniform (2.4 0 0);
    }
    fixedWalls
    {
        type            noSlip;
    }
    frontAndBack
    {
        type            empty;
    }
}


// ************************************************************************* //
