/*--------------------------------*- C++ -*----------------------------------*\
  =========                 |
  \\      /  F ield         | OpenFOAM: The Open Source CFD Toolbox
   \\    /   O peration     | Website:  https://openfoam.org
    \\  /    A nd           | Version:  8
     \\/     M anipulation  |
\*---------------------------------------------------------------------------*/
FoamFile
{
    version     2.0;
    format      ascii;
    class       surfaceScalarField;
    location    "0.5";
    object      phi;
}
// * * * * * * * * * * * * * * * * * * * * * * * * * * * * * * * * * * * * * //

dimensions      [0 3 -1 0 0 0 0];

internalField   nonuniform List<scalar> 
760
(
4.68551e-08
-4.69579e-08
-9.09492e-08
1.37804e-07
-4.22586e-07
3.31637e-07
-8.86174e-07
4.63588e-07
-1.41407e-06
5.27894e-07
-1.94556e-06
5.31495e-07
-2.42896e-06
4.83397e-07
-2.82101e-06
3.92052e-07
-3.08619e-06
2.65174e-07
-3.19726e-06
1.11072e-07
-3.13757e-06
-5.9683e-08
-2.90455e-06
-2.3303e-07
-2.51334e-06
-3.91208e-07
-1.99953e-06
-5.13812e-07
-1.41926e-06
-5.80264e-07
-8.45663e-07
-5.73601e-07
-3.604e-07
-4.85263e-07
-4.02472e-08
-3.20152e-07
6.58307e-08
-1.06078e-07
6.58307e-08
-1.34279e-07
8.73216e-08
-6.7364e-07
6.77163e-07
-1.58721e-06
1.24521e-06
-2.76142e-06
1.6378e-06
-4.06095e-06
1.82742e-06
-5.35344e-06
1.82399e-06
-6.51964e-06
1.64959e-06
-7.4571e-06
1.32951e-06
-8.08226e-06
8.90334e-07
-8.33358e-06
3.62388e-07
-8.1767e-06
-2.16558e-07
-7.61103e-06
-7.98705e-07
-6.67601e-06
-1.32623e-06
-5.45481e-06
-1.73502e-06
-4.07256e-06
-1.96251e-06
-2.6868e-06
-1.95937e-06
-1.46795e-06
-1.70411e-06
-5.69766e-07
-1.21834e-06
-8.88497e-08
-5.86995e-07
-2.30188e-08
-3.49717e-07
4.37039e-07
-1.32134e-06
1.64878e-06
-2.78841e-06
2.71228e-06
-4.58155e-06
3.43094e-06
-6.51654e-06
3.76241e-06
-8.41442e-06
3.72187e-06
-1.01123e-05
3.34751e-06
-1.14693e-05
2.68648e-06
-1.23703e-05
1.79134e-06
-1.27314e-05
7.23455e-07
-1.25065e-05
-4.41471e-07
-1.16956e-05
-1.60956e-06
-1.03525e-05
-2.66931e-06
-8.589e-06
-3.49855e-06
-6.57265e-06
-3.97886e-06
-4.51498e-06
-4.01703e-06
-2.64731e-06
-3.57178e-06
-1.18506e-06
-2.68059e-06
-2.84258e-07
-1.4878e-06
-3.07277e-07
-5.46231e-07
9.8327e-07
-1.93459e-06
3.03714e-06
-3.92914e-06
4.70683e-06
-6.29279e-06
5.79459e-06
-8.79447e-06
6.2641e-06
-1.1219e-05
6.14643e-06
-1.33737e-05
5.50218e-06
-1.50922e-05
4.40496e-06
-1.62385e-05
2.93763e-06
-1.67122e-05
1.19723e-06
-1.64564e-05
-6.9735e-07
-1.54662e-05
-2.59976e-06
-1.37988e-05
-4.33671e-06
-1.15797e-05
-5.71763e-06
-9.00318e-06
-6.55537e-06
-6.32202e-06
-6.69819e-06
-3.82366e-06
-6.07014e-06
-1.79288e-06
-4.71137e-06
-4.67147e-07
-2.81353e-06
-7.74423e-07
-7.22479e-07
1.70575e-06
-2.50119e-06
4.81586e-06
-4.9939e-06
7.19953e-06
-7.89193e-06
8.69262e-06
-1.09176e-05
9.28977e-06
-1.38249e-05
9.05375e-06
-1.63994e-05
8.07669e-06
-1.8458e-05
6.46353e-06
-1.98501e-05
4.32973e-06
-2.04617e-05
1.8088e-06
-2.02224e-05
-9.36684e-07
-1.91155e-05
-3.7066e-06
-1.71903e-05
-6.26196e-06
-1.45726e-05
-8.33532e-06
-1.14716e-05
-9.65639e-06
-8.17535e-06
-9.99439e-06
-5.03117e-06
-9.21432e-06
-2.40746e-06
-7.33508e-06
-6.4338e-07
-4.57762e-06
-1.4178e-06
-8.83239e-07
2.58899e-06
-3.02594e-06
6.95856e-06
-5.98646e-06
1.016e-05
-9.38558e-06
1.20917e-05
-1.29008e-05
1.2805e-05
-1.62599e-05
1.24128e-05
-1.92331e-05
1.10499e-05
-2.16271e-05
8.85751e-06
-2.32816e-05
5.98431e-06
-2.40705e-05
2.59767e-06
-2.39069e-05
-1.10033e-06
-2.27541e-05
-4.85937e-06
-2.0641e-05
-8.37504e-06
-1.76796e-05
-1.12967e-05
-1.40811e-05
-1.32549e-05
-1.01628e-05
-1.39127e-05
-6.33634e-06
-1.30408e-05
-3.0706e-06
-1.06008e-05
-8.30155e-07
-6.81807e-06
-2.24796e-06
-1.0327e-06
3.62168e-06
-3.51522e-06
9.44108e-06
-6.91158e-06
1.35564e-05
-1.07746e-05
1.59547e-05
-1.47405e-05
1.6771e-05
-1.85164e-05
1.61887e-05
-2.18643e-05
1.43978e-05
-2.45882e-05
1.15814e-05
-2.65237e-05
7.91984e-06
-2.75348e-05
3.60871e-06
-2.75159e-05
-1.11918e-06
-2.64028e-05
-5.97243e-06
-2.41908e-05
-1.05871e-05
-2.09605e-05
-1.4527e-05
-1.69075e-05
-1.73079e-05
-1.23658e-05
-1.84545e-05
-7.81153e-06
-1.7595e-05
-3.83146e-06
-1.45809e-05
-1.0469e-06
-9.60263e-06
-3.29485e-06
-1.17388e-06
4.79556e-06
-3.97371e-06
1.22409e-05
-7.76967e-06
1.73524e-05
-1.20483e-05
2.02334e-05
-1.64096e-05
2.11322e-05
-2.05475e-05
2.03266e-05
-2.42258e-05
1.80761e-05
-2.7255e-05
1.46106e-05
-2.94756e-05
1.01403e-05
-3.07468e-05
4.87999e-06
-3.09458e-05
-9.20227e-07
-2.99749e-05
-6.94335e-06
-2.77826e-05
-1.27794e-05
-2.43974e-05
-1.79122e-05
-1.99733e-05
-2.1732e-05
-1.48373e-05
-2.35904e-05
-9.51985e-06
-2.29125e-05
-4.73886e-06
-1.93619e-05
-1.3136e-06
-1.30279e-05
-4.60845e-06
-1.3097e-06
6.10526e-06
-4.4058e-06
1.5337e-05
-8.558e-06
2.15046e-05
-1.31855e-05
2.48609e-05
-1.78579e-05
2.58046e-05
-2.22671e-05
2.47358e-05
-2.61917e-05
2.20006e-05
-2.94629e-05
1.78819e-05
-3.19387e-05
1.26161e-05
-3.34847e-05
6.426e-06
-3.39663e-05
-4.38584e-07
-3.32521e-05
-7.65756e-06
-3.12331e-05
-1.47984e-05
-2.78623e-05
-2.12829e-05
-2.32175e-05
-2.63768e-05
-1.75789e-05
-2.9229e-05
-1.15013e-05
-2.899e-05
-5.83665e-06
-2.50266e-05
-1.65086e-06
-1.72137e-05
-6.25931e-06
-1.44576e-06
7.55102e-06
-4.82126e-06
1.87125e-05
-9.27695e-06
2.59602e-05
-1.41595e-05
2.97435e-05
-1.90159e-05
3.0661e-05
-2.35515e-05
2.92714e-05
-2.75782e-05
2.60273e-05
-3.09672e-05
2.12709e-05
-3.36122e-05
1.52611e-05
-3.54021e-05
8.2159e-06
-3.62044e-05
3.63682e-07
-3.58607e-05
-8.00128e-06
-3.42002e-05
-1.64589e-05
-3.10796e-05
-2.44035e-05
-2.6458e-05
-3.09984e-05
-2.05098e-05
-3.51773e-05
-1.37562e-05
-3.57436e-05
-7.15959e-06
-3.16232e-05
-2.08114e-06
-2.22921e-05
-8.34045e-06
-1.5952e-06
9.14622e-06
-5.24446e-06
2.23618e-05
-9.93989e-06
3.06557e-05
-1.49457e-05
3.47493e-05
-1.97992e-05
3.55145e-05
-2.42421e-05
3.37143e-05
-2.8145e-05
2.99301e-05
-3.14438e-05
2.45698e-05
-3.40921e-05
1.79094e-05
-3.60251e-05
1.01489e-05
-3.71342e-05
1.47274e-06
-3.72517e-05
-7.88373e-06
-3.61526e-05
-1.7558e-05
-3.35846e-05
-2.69716e-05
-2.93456e-05
-3.52374e-05
-2.34272e-05
-4.10957e-05
-1.622e-05
-4.29508e-05
-8.72662e-06
-3.91165e-05
-2.63083e-06
-2.83879e-05
-1.09713e-05
-1.7866e-06
1.09328e-05
-5.72717e-06
2.63023e-05
-1.05834e-05
3.55119e-05
-1.55259e-05
3.96918e-05
-2.01071e-05
4.00957e-05
-2.41408e-05
3.77481e-05
-2.75909e-05
3.33802e-05
-3.04885e-05
2.74673e-05
-3.28743e-05
2.02952e-05
-3.47571e-05
1.20317e-05
-3.60807e-05
2.7963e-06
-3.66974e-05
-7.26704e-06
-3.63516e-05
-1.79037e-05
-3.46883e-05
-2.86348e-05
-3.13144e-05
-3.86113e-05
-2.59532e-05
-4.6457e-05
-1.87251e-05
-5.01789e-05
-1.05278e-05
-4.73139e-05
-3.33336e-06
-3.55823e-05
-1.43046e-05
-2.07679e-06
1.30096e-05
-6.36319e-06
3.05887e-05
-1.12701e-05
4.04188e-05
-1.58754e-05
4.42972e-05
-1.97991e-05
4.40194e-05
-2.29841e-05
4.0933e-05
-2.55328e-05
3.5929e-05
-2.76052e-05
2.95397e-05
-2.93556e-05
2.20456e-05
-3.08916e-05
1.35676e-05
-3.22393e-05
4.14406e-06
-3.33086e-05
-6.19774e-06
-3.38559e-05
-1.73564e-05
-3.34586e-05
-2.90321e-05
-3.15343e-05
-4.05356e-05
-2.74688e-05
-5.05224e-05
-2.09412e-05
-5.67065e-05
-1.24971e-05
-5.5758e-05
-4.23251e-06
-4.38469e-05
-1.85372e-05
-2.57084e-06
1.55804e-05
-7.29716e-06
3.53151e-05
-1.20626e-05
4.51842e-05
-1.59048e-05
4.81394e-05
-1.86186e-05
4.67332e-05
-2.03642e-05
4.26786e-05
-2.14387e-05
3.70035e-05
-2.21608e-05
3.02619e-05
-2.28147e-05
2.26995e-05
-2.36201e-05
1.4373e-05
-2.47064e-05
5.23042e-06
-2.60775e-05
-4.8267e-06
-2.75583e-05
-1.58756e-05
-2.87295e-05
-2.78609e-05
-2.88769e-05
-4.03882e-05
-2.7036e-05
-5.23634e-05
-2.22819e-05
-6.14606e-05
-1.44555e-05
-6.35843e-05
-5.38076e-06
-5.29217e-05
-2.39179e-05
-3.44683e-06
1.90273e-05
-8.69766e-06
4.05659e-05
-1.29129e-05
4.93995e-05
-1.52885e-05
5.05149e-05
-1.6e-05
4.74448e-05
-1.55477e-05
4.22262e-05
-1.44769e-05
3.59327e-05
-1.32761e-05
2.90611e-05
-1.23498e-05
2.17732e-05
-1.20164e-05
1.40396e-05
-1.25056e-05
5.71966e-06
-1.39351e-05
-3.3972e-06
-1.62552e-05
-1.35556e-05
-1.91504e-05
-2.49657e-05
-2.19064e-05
-3.76322e-05
-2.33071e-05
-5.09627e-05
-2.17556e-05
-6.30121e-05
-1.59821e-05
-6.93579e-05
-6.80844e-06
-6.20953e-05
-3.07264e-05
-4.94985e-06
2.39771e-05
-1.05866e-05
4.62027e-05
-1.33209e-05
5.21338e-05
-1.30457e-05
5.02397e-05
-1.06572e-05
4.50563e-05
-7.12054e-06
3.86896e-05
-3.23886e-06
3.2051e-05
3.71631e-07
2.54506e-05
3.24501e-06
1.88998e-05
5.01902e-06
1.22656e-05
5.40574e-06
5.33295e-06
4.18822e-06
-2.17968e-06
1.25884e-06
-1.06262e-05
-3.27771e-06
-2.04291e-05
-8.90755e-06
-3.20024e-05
-1.4425e-05
-4.54452e-05
-1.77207e-05
-5.97164e-05
-1.61245e-05
-7.09541e-05
-8.38701e-06
-6.98328e-05
-3.91134e-05
-7.21874e-06
3.11959e-05
-1.21932e-05
5.11771e-05
-1.14185e-05
5.13591e-05
-6.63014e-06
4.54514e-05
1.73529e-07
3.82526e-05
7.57585e-06
3.12872e-05
1.46489e-05
2.4978e-05
2.07975e-05
1.9302e-05
2.5623e-05
1.40743e-05
2.88254e-05
9.06318e-06
3.01412e-05
4.01717e-06
2.93122e-05
-1.35067e-06
2.60907e-05
-7.40466e-06
2.03042e-05
-1.46426e-05
1.20468e-05
-2.37449e-05
2.08434e-06
-3.54828e-05
-7.5078e-06
-5.01242e-05
-1.28388e-05
-6.56231e-05
-9.44871e-06
-7.32229e-05
-4.85621e-05
-9.51603e-06
4.07119e-05
-9.92824e-06
5.15893e-05
-1.79307e-06
4.32239e-05
9.77015e-06
3.38881e-05
2.18449e-05
2.61778e-05
3.30707e-05
2.00615e-05
4.28173e-05
1.52314e-05
5.07974e-05
1.13219e-05
5.68683e-05
8.00337e-06
6.09197e-05
5.01177e-06
6.28102e-05
2.12667e-06
6.23274e-05
-8.67888e-07
5.91581e-05
-4.23534e-06
5.2882e-05
-8.36644e-06
4.30474e-05
-1.39103e-05
2.94945e-05
-2.19299e-05
1.32326e-05
-3.38623e-05
-1.89907e-06
-5.04914e-05
-7.95719e-06
-6.71648e-05
-5.65193e-05
-5.42923e-06
4.61411e-05
8.97565e-06
3.71845e-05
2.89428e-05
2.32567e-05
4.74304e-05
1.54006e-05
6.2998e-05
1.06103e-05
7.564e-05
7.41942e-06
8.56427e-05
5.22878e-06
9.33094e-05
3.65516e-06
9.88729e-05
2.43991e-06
0.000102466
1.41829e-06
0.000104113
4.80216e-07
0.000103714
-4.68842e-07
0.000101003
-1.52505e-06
9.54868e-05
-2.84978e-06
8.6325e-05
-4.74852e-06
7.22782e-05
-7.88311e-06
5.21075e-05
-1.36917e-05
2.64458e-05
-2.48297e-05
2.92968e-06
-4.36487e-05
-5.35896e-05
4.61411e-05
8.33256e-05
0.000106582
0.000121983
0.000132593
0.000140013
0.000145241
0.000148897
0.000151336
0.000152755
0.000153235
0.000152766
0.000151241
0.000148391
0.000143643
0.00013576
0.000122068
9.72383e-05
5.35896e-05
)
;

boundaryField
{
    movingWall
    {
        type            calculated;
        value           uniform 0;
    }
    fixedWalls
    {
        type            calculated;
        value           uniform 0;
    }
    frontAndBack
    {
        type            empty;
        value           nonuniform List<scalar> 0();
    }
}


// ************************************************************************* //
