/*--------------------------------*- C++ -*----------------------------------*\
  =========                 |
  \\      /  F ield         | OpenFOAM: The Open Source CFD Toolbox
   \\    /   O peration     | Website:  https://openfoam.org
    \\  /    A nd           | Version:  8
     \\/     M anipulation  |
\*---------------------------------------------------------------------------*/
FoamFile
{
    version     2.0;
    format      ascii;
    class       volScalarField;
    location    "0.2";
    object      p;
}
// * * * * * * * * * * * * * * * * * * * * * * * * * * * * * * * * * * * * * //

dimensions      [0 2 -2 0 0 0 0];

internalField   nonuniform List<scalar> 
400
(
1.59662e-05
-0.0163031
-0.0358702
-0.0506121
-0.0560746
-0.0503441
-0.0332353
-0.00572648
0.0303587
0.0724861
0.117488
0.161684
0.201131
0.232022
0.251245
0.257054
0.249769
0.232401
0.211057
0.194873
0.0162448
-0.000621948
-0.0159095
-0.0259406
-0.028777
-0.0231123
-0.00871378
0.0137657
0.0429948
0.077041
0.113426
0.149237
0.181346
0.206748
0.223023
0.228847
0.224521
0.212224
0.195401
0.178894
0.0369776
0.0136787
-0.00273466
-0.0118081
-0.0140666
-0.00892763
0.00365594
0.0231135
0.0483937
0.0779563
0.10976
0.141324
0.169905
0.19279
0.207703
0.213262
0.209478
0.197792
0.1794
0.156379
0.0548143
0.022879
0.00268774
-0.00753912
-0.0104243
-0.00603809
0.0054195
0.0233508
0.0468597
0.0746544
0.104949
0.135459
0.163522
0.186359
0.201459
0.20705
0.202674
0.189144
0.165941
0.1336
0.0645959
0.0238443
-0.000771642
-0.0127863
-0.01663
-0.0129164
-0.00205456
0.0153298
0.0384681
0.0662661
0.0971162
0.128815
0.158625
0.183495
0.200442
0.207064
0.202274
0.186267
0.157083
0.114345
0.0623738
0.0130879
-0.0160008
-0.0299039
-0.0346493
-0.0312972
-0.0204076
-0.00260069
0.0214948
0.0509761
0.084386
0.119545
0.153537
0.182879
0.203889
0.21328
0.209109
0.190844
0.155132
0.101028
0.0447699
-0.0127029
-0.0460424
-0.0616107
-0.066929
-0.0634484
-0.0518284
-0.0326328
-0.00630411
0.026487
0.0644645
0.105478
0.146388
0.183157
0.211182
0.225978
0.224403
0.204907
0.162491
0.095725
0.00855143
-0.0567964
-0.0939758
-0.110704
-0.116016
-0.111757
-0.0986537
-0.0771543
-0.0474346
-0.0098366
0.0346472
0.0839835
0.134848
0.182588
0.221474
0.245439
0.249648
0.230994
0.182182
0.101071
-0.0496338
-0.122639
-0.163065
-0.180127
-0.184548
-0.178652
-0.163233
-0.138562
-0.104436
-0.060716
-0.00792675
0.0522042
0.11632
0.179196
0.233819
0.272123
0.286906
0.272627
0.218516
0.121099
-0.133451
-0.21404
-0.256819
-0.272862
-0.275001
-0.266232
-0.247466
-0.218738
-0.179326
-0.1284
-0.0657501
0.00750641
0.0882805
0.170984
0.247304
0.306783
0.339022
0.334768
0.277846
0.162185
-0.24717
-0.335454
-0.379063
-0.391742
-0.389267
-0.375671
-0.352079
-0.318232
-0.272719
-0.213753
-0.140048
-0.0516858
0.0489912
0.156477
0.261402
0.350711
0.409939
0.424399
0.369561
0.234351
-0.396342
-0.492528
-0.534073
-0.539159
-0.52806
-0.50641
-0.47567
-0.435198
-0.382671
-0.315035
-0.229517
-0.124635
-0.00133726
0.1357
0.276709
0.406261
0.505174
0.551287
0.507471
0.353275
-0.589371
-0.693156
-0.726801
-0.716638
-0.690094
-0.655131
-0.613581
-0.564203
-0.503432
-0.426567
-0.328901
-0.206818
-0.059076
0.111524
0.296034
0.477645
0.632499
0.728988
0.711841
0.543722
-0.841184
-0.949415
-0.963044
-0.924023
-0.870913
-0.814543
-0.756762
-0.695193
-0.624486
-0.537799
-0.428021
-0.288834
-0.115986
0.0908741
0.325443
0.571669
0.802501
0.975917
1.01242
0.845891
-1.18139
-1.28077
-1.24897
-1.15772
-1.06106
-0.971924
-0.890815
-0.813027
-0.730475
-0.633495
-0.512081
-0.356722
-0.159424
0.0846315
0.374118
0.697296
1.02791
1.31546
1.45218
1.3266
-1.67025
-1.71824
-1.58918
-1.40778
-1.24385
-1.10794
-0.995927
-0.898367
-0.802876
-0.696013
-0.564372
-0.394877
-0.175251
0.104953
0.451961
0.863331
1.32103
1.77349
2.08887
2.0938
-2.42995
-2.30754
-1.98363
-1.65664
-1.39561
-1.1984
-1.04997
-0.931887
-0.824974
-0.710915
-0.572407
-0.392618
-0.154661
0.158551
0.563517
1.07334
1.68895
2.37241
2.99374
3.3192
-3.75453
-3.10565
-2.40379
-1.86343
-1.47806
-1.21216
-1.03034
-0.898636
-0.788021
-0.674439
-0.536792
-0.354842
-0.107348
0.230036
0.686954
1.2996
2.10204
3.10064
4.26078
5.36411
-6.46096
-4.13197
-2.65508
-1.85562
-1.37053
-1.07097
-0.890169
-0.774348
-0.684266
-0.591815
-0.474317
-0.310383
-0.0769883
0.255108
0.727708
1.40484
2.3757
3.77247
5.95083
9.095
-11.3813
-5.12835
-2.34714
-1.37336
-0.927718
-0.699917
-0.595056
-0.548535
-0.518436
-0.478542
-0.409302
-0.292843
-0.109008
0.168409
0.581342
1.20778
2.20173
3.93572
7.61852
14.7807
)
;

boundaryField
{
    movingWall
    {
        type            zeroGradient;
    }
    fixedWalls
    {
        type            zeroGradient;
    }
    frontAndBack
    {
        type            empty;
    }
}


// ************************************************************************* //
