/*--------------------------------*- C++ -*----------------------------------*\
  =========                 |
  \\      /  F ield         | OpenFOAM: The Open Source CFD Toolbox
   \\    /   O peration     | Website:  https://openfoam.org
    \\  /    A nd           | Version:  8
     \\/     M anipulation  |
\*---------------------------------------------------------------------------*/
FoamFile
{
    version     2.0;
    format      ascii;
    class       surfaceScalarField;
    location    "0.2";
    object      phi;
}
// * * * * * * * * * * * * * * * * * * * * * * * * * * * * * * * * * * * * * //

dimensions      [0 3 -1 0 0 0 0];

internalField   nonuniform List<scalar> 
760
(
3.72267e-08
-3.73675e-08
-6.86207e-08
1.05852e-07
-3.26527e-07
2.57904e-07
-6.88907e-07
3.62382e-07
-1.10234e-06
4.13434e-07
-1.51814e-06
4.15798e-07
-1.89474e-06
3.76603e-07
-2.19788e-06
3.03142e-07
-2.40028e-06
2.02406e-07
-2.48203e-06
8.17422e-08
-2.43187e-06
-5.01568e-08
-2.24936e-06
-1.82505e-07
-1.9471e-06
-3.02265e-07
-1.55232e-06
-3.94778e-07
-1.10705e-06
-4.45274e-07
-6.65758e-07
-4.4129e-07
-2.89849e-07
-3.75909e-07
-3.8377e-08
-2.51471e-07
4.8673e-08
-8.70476e-08
4.86757e-08
-1.02078e-07
6.47187e-08
-5.18563e-07
5.22337e-07
-1.2286e-06
9.67936e-07
-2.14455e-06
1.27833e-06
-3.15964e-06
1.42853e-06
-4.16835e-06
1.4245e-06
-5.07559e-06
1.28384e-06
-5.8007e-06
1.02825e-06
-6.27947e-06
6.81172e-07
-6.46636e-06
2.68639e-07
-6.33779e-06
-1.78727e-07
-5.89607e-06
-6.24224e-07
-5.17325e-06
-1.02509e-06
-4.23318e-06
-1.33485e-06
-3.1702e-06
-1.50825e-06
-2.1025e-06
-1.50899e-06
-1.15872e-06
-1.31969e-06
-4.56975e-07
-9.53218e-07
-7.49539e-08
-4.69069e-07
-2.62769e-08
-2.67904e-07
3.32625e-07
-1.01887e-06
1.2733e-06
-2.15884e-06
2.10791e-06
-3.55661e-06
2.6761e-06
-5.06662e-06
2.93854e-06
-6.54624e-06
2.90413e-06
-7.86594e-06
2.60354e-06
-8.91492e-06
2.07722e-06
-9.60482e-06
1.37107e-06
-9.87339e-06
5.37208e-07
-9.68885e-06
-3.63267e-07
-9.05493e-06
-1.25815e-06
-8.01542e-06
-2.0646e-06
-6.65661e-06
-2.69366e-06
-5.10534e-06
-3.05951e-06
-3.52059e-06
-3.09373e-06
-2.07669e-06
-2.76358e-06
-9.38289e-07
-2.09162e-06
-2.28918e-07
-1.17844e-06
-2.55195e-07
-4.19102e-07
7.51722e-07
-1.49326e-06
2.34746e-06
-3.04427e-06
3.65893e-06
-4.88759e-06
4.51942e-06
-6.83999e-06
4.89094e-06
-8.72954e-06
4.79369e-06
-1.04027e-05
4.27671e-06
-1.17288e-05
3.40333e-06
-1.26036e-05
2.24581e-06
-1.29528e-05
8.86435e-07
-1.27373e-05
-5.78727e-07
-1.19587e-05
-2.03679e-06
-1.06646e-05
-3.35862e-06
-8.95314e-06
-4.40517e-06
-6.97172e-06
-5.04093e-06
-4.91025e-06
-5.15521e-06
-2.98435e-06
-4.68948e-06
-1.40988e-06
-3.66609e-06
-3.72061e-07
-2.21626e-06
-6.27257e-07
-5.55363e-07
1.30708e-06
-1.93452e-06
3.72661e-06
-3.87686e-06
5.60127e-06
-6.14065e-06
6.7832e-06
-8.50438e-06
7.25467e-06
-1.07704e-05
7.05974e-06
-1.27673e-05
6.27359e-06
-1.4351e-05
4.98701e-06
-1.54063e-05
3.30117e-06
-1.58498e-05
1.32988e-06
-1.56337e-05
-7.94808e-07
-1.47527e-05
-2.9178e-06
-1.32508e-05
-4.86048e-06
-1.12284e-05
-6.42761e-06
-8.84522e-06
-7.4241e-06
-6.31743e-06
-7.683e-06
-3.90378e-06
-7.10313e-06
-1.88061e-06
-5.68926e-06
-5.08517e-07
-3.58835e-06
-1.13577e-06
-6.81411e-07
1.9885e-06
-2.34923e-06
5.39443e-06
-4.66434e-06
7.91638e-06
-7.32726e-06
9.44613e-06
-1.00787e-05
1.00061e-05
-1.26982e-05
9.67922e-06
-1.5001e-05
8.57638e-06
-1.68348e-05
6.82082e-06
-1.80776e-05
4.54404e-06
-1.86381e-05
1.89035e-06
-1.84585e-05
-9.74456e-07
-1.75212e-05
-3.85509e-06
-1.58584e-05
-6.52326e-06
-1.3563e-05
-8.72296e-06
-1.07986e-05
-1.01886e-05
-7.80294e-06
-1.06786e-05
-4.88071e-06
-1.00254e-05
-2.37949e-06
-8.19049e-06
-6.50552e-07
-5.31729e-06
-1.78633e-06
-8.0164e-07
2.79014e-06
-2.74549e-06
7.33828e-06
-5.41544e-06
1.05863e-05
-8.45457e-06
1.24853e-05
-1.15674e-05
1.3119e-05
-1.45146e-05
1.26263e-05
-1.71034e-05
1.11652e-05
-1.9179e-05
8.89644e-06
-2.06172e-05
5.98226e-06
-2.1321e-05
2.59411e-06
-2.12213e-05
-1.07415e-06
-2.02834e-05
-4.79296e-06
-1.85186e-05
-8.28802e-06
-1.60008e-05
-1.12408e-05
-1.28852e-05
-1.33042e-05
-9.42311e-06
-1.41407e-05
-5.96502e-06
-1.34835e-05
-2.94056e-06
-1.12149e-05
-8.1181e-07
-7.44605e-06
-2.59814e-06
-9.1958e-07
3.70972e-06
-3.13002e-06
9.54872e-06
-6.13533e-06
1.35916e-05
-9.52034e-06
1.58703e-05
-1.29562e-05
1.65548e-05
-1.61902e-05
1.58604e-05
-1.90295e-05
1.40045e-05
-2.13245e-05
1.11915e-05
-2.29556e-05
7.61337e-06
-2.38245e-05
3.46303e-06
-2.38518e-05
-1.04689e-06
-2.29815e-05
-5.66321e-06
-2.11948e-05
-1.00747e-05
-1.8532e-05
-1.39036e-05
-1.51224e-05
-1.67138e-05
-1.12154e-05
-1.80477e-05
-7.20026e-06
-1.74986e-05
-3.59743e-06
-1.48178e-05
-1.00613e-06
-1.00373e-05
-3.60427e-06
-1.03862e-06
4.74834e-06
-3.50901e-06
1.20191e-05
-6.82572e-06
1.69083e-05
-1.05122e-05
1.95567e-05
-1.42101e-05
2.02527e-05
-1.76622e-05
1.93124e-05
-2.06863e-05
1.70286e-05
-2.31498e-05
1.36549e-05
-2.49477e-05
9.41131e-06
-2.59886e-05
4.50394e-06
-2.61867e-05
-8.48755e-07
-2.54638e-05
-6.38613e-06
-2.37621e-05
-1.17764e-05
-2.10716e-05
-1.65941e-05
-1.74717e-05
-2.03137e-05
-1.31832e-05
-2.23362e-05
-8.61502e-06
-2.20668e-05
-4.38039e-06
-1.90524e-05
-1.24767e-06
-1.31701e-05
-4.85193e-06
-1.16407e-06
5.91241e-06
-3.89186e-06
1.47469e-05
-7.48862e-06
2.05051e-05
-1.141e-05
2.34781e-05
-1.52741e-05
2.41169e-05
-1.88325e-05
2.28709e-05
-2.19298e-05
2.01259e-05
-2.44657e-05
1.61908e-05
-2.63652e-05
1.13108e-05
-2.75559e-05
5.69465e-06
-2.79548e-05
-4.49911e-07
-2.74644e-05
-6.87651e-06
-2.5983e-05
-1.32578e-05
-2.34332e-05
-1.9144e-05
-1.98138e-05
-2.39331e-05
-1.52767e-05
-2.68733e-05
-1.02128e-05
-2.71306e-05
-5.3144e-06
-2.39508e-05
-1.55192e-06
-1.69325e-05
-6.40386e-06
-1.30675e-06
7.21916e-06
-4.29765e-06
1.77378e-05
-8.13214e-06
2.43396e-05
-1.21885e-05
2.75345e-05
-1.60727e-05
2.8001e-05
-1.95652e-05
2.63634e-05
-2.25598e-05
2.31204e-05
-2.50101e-05
1.86411e-05
-2.68898e-05
1.31905e-05
-2.81629e-05
6.96768e-06
-2.87632e-05
1.50389e-07
-2.85842e-05
-7.05544e-06
-2.74816e-05
-1.43604e-05
-2.52971e-05
-2.13284e-05
-2.1916e-05
-2.73142e-05
-1.73664e-05
-3.1423e-05
-1.1957e-05
-3.254e-05
-6.41594e-06
-2.94919e-05
-1.93768e-06
-2.14108e-05
-8.34153e-06
-1.48891e-06
8.70807e-06
-4.76386e-06
2.10127e-05
-8.77575e-06
2.83515e-05
-1.28166e-05
3.15753e-05
-1.65027e-05
3.16871e-05
-1.96761e-05
2.95369e-05
-2.23104e-05
2.57547e-05
-2.44393e-05
2.07701e-05
-2.61073e-05
1.48585e-05
-2.73344e-05
8.1948e-06
-2.80908e-05
9.06802e-07
-2.82782e-05
-6.86808e-06
-2.77211e-05
-1.49175e-05
-2.61784e-05
-2.28712e-05
-2.33931e-05
-3.00994e-05
-1.92056e-05
-3.56105e-05
-1.37463e-05
-3.79993e-05
-7.68617e-06
-3.5552e-05
-2.42995e-06
-2.6667e-05
-1.07715e-05
-1.75387e-06
1.04619e-05
-5.35574e-06
2.46146e-05
-9.44822e-06
3.2444e-05
-1.32411e-05
3.53682e-05
-1.64088e-05
3.48548e-05
-1.89058e-05
3.20339e-05
-2.0826e-05
2.76749e-05
-2.2312e-05
2.2256e-05
-2.34999e-05
1.60464e-05
-2.44842e-05
9.17916e-06
-2.52914e-05
1.714e-06
-2.5855e-05
-6.30447e-06
-2.59934e-05
-1.47791e-05
-2.53991e-05
-2.34655e-05
-2.36633e-05
-3.18352e-05
-2.03789e-05
-3.88949e-05
-1.53731e-05
-4.30052e-05
-9.09534e-06
-4.18298e-05
-3.06409e-06
-3.26983e-05
-1.38356e-05
-2.18082e-06
1.26428e-05
-6.16947e-06
2.86032e-05
-1.01609e-05
3.64354e-05
-1.33342e-05
3.85414e-05
-1.55172e-05
3.70378e-05
-1.68545e-05
3.33713e-05
-1.76082e-05
2.84285e-05
-1.8054e-05
2.27018e-05
-1.84313e-05
1.64237e-05
-1.89177e-05
9.66558e-06
-1.96095e-05
2.40581e-06
-2.04968e-05
-5.41717e-06
-2.1429e-05
-1.38469e-05
-2.20754e-05
-2.28192e-05
-2.19035e-05
-3.2007e-05
-2.02317e-05
-4.05667e-05
-1.64531e-05
-4.67838e-05
-1.05457e-05
-4.77372e-05
-3.888e-06
-3.93559e-05
-1.77236e-05
-2.90178e-06
1.55445e-05
-7.30384e-06
3.30053e-05
-1.08121e-05
3.99437e-05
-1.27528e-05
4.04822e-05
-1.32855e-05
3.75705e-05
-1.28475e-05
3.29333e-05
-1.1911e-05
2.7492e-05
-1.08897e-05
2.16804e-05
-1.01145e-05
1.56485e-05
-9.83282e-06
9.3839e-06
-1.02073e-05
2.78031e-06
-1.13003e-05
-4.32418e-06
-1.3035e-05
-1.21122e-05
-1.51291e-05
-2.07251e-05
-1.70116e-05
-3.01245e-05
-1.77754e-05
-3.98028e-05
-1.63e-05
-4.82592e-05
-1.17787e-05
-5.22585e-05
-4.94631e-06
-4.61884e-05
-2.26699e-05
-4.08953e-06
1.96341e-05
-8.71288e-06
3.76287e-05
-1.09113e-05
4.21421e-05
-1.0618e-05
4.01889e-05
-8.60364e-06
3.55561e-05
-5.69441e-06
3.00241e-05
-2.56932e-06
2.43669e-05
2.64156e-07
1.8847e-05
2.43771e-06
1.3475e-05
3.68132e-06
8.14029e-06
3.79732e-06
2.66431e-06
2.65688e-06
-3.18374e-06
2.29622e-07
-9.68496e-06
-3.33909e-06
-1.71564e-05
-7.58948e-06
-2.58741e-05
-1.15643e-05
-3.58279e-05
-1.37036e-05
-4.612e-05
-1.21491e-05
-5.38129e-05
-6.18828e-06
-5.21492e-05
-2.88581e-05
-5.80474e-06
2.54388e-05
-9.68629e-06
4.15102e-05
-8.88066e-06
4.13365e-05
-4.85467e-06
3.61629e-05
7.19784e-07
2.99817e-05
6.66162e-06
2.40822e-05
1.22132e-05
1.88153e-05
1.69069e-05
1.41533e-05
2.04474e-05
9.93447e-06
2.26272e-05
5.96053e-06
2.32741e-05
2.0174e-06
2.22275e-05
-2.13721e-06
1.93455e-05
-6.80295e-06
1.45621e-05
-1.23729e-05
8.03769e-06
-1.93497e-05
4.53564e-07
-2.82438e-05
-6.56333e-06
-3.91031e-05
-1.01466e-05
-5.02296e-05
-7.18213e-06
-5.51137e-05
-3.60403e-05
-7.3703e-06
3.28091e-05
-7.30558e-06
4.14455e-05
-4.70753e-07
3.45016e-05
8.97368e-06
2.67185e-05
1.86553e-05
2.03e-05
2.74801e-05
1.52575e-05
3.49678e-05
1.13276e-05
4.09268e-05
8.19424e-06
4.52837e-05
5.57754e-06
4.7989e-05
3.2553e-06
4.89647e-05
1.04162e-06
4.80747e-05
-1.2472e-06
4.51044e-05
-3.83257e-06
3.97672e-05
-7.03576e-06
3.17819e-05
-1.13644e-05
2.11365e-05
-1.75984e-05
8.7353e-06
-2.67019e-05
-2.43228e-06
-3.9062e-05
-6.43948e-06
-5.11065e-05
-4.24798e-05
-3.63561e-06
3.64447e-05
8.25525e-06
2.95546e-05
2.43522e-05
1.84047e-05
3.90768e-05
1.19939e-05
5.12798e-05
8.097e-06
6.09948e-05
5.54251e-06
6.85049e-05
3.81757e-06
7.41011e-05
2.59797e-06
7.80075e-05
1.67117e-06
8.03594e-05
9.03368e-07
8.11962e-05
2.04845e-07
8.04518e-05
-5.02814e-07
7.79219e-05
-1.30267e-06
7.32173e-05
-2.3312e-06
6.56938e-05
-3.8409e-06
5.4444e-05
-6.34852e-06
3.86472e-05
-1.09052e-05
1.89813e-05
-1.93962e-05
1.44884e-06
-3.3574e-05
-4.10309e-05
3.64447e-05
6.59993e-05
8.4404e-05
9.63979e-05
0.000104495
0.000110037
0.000113855
0.000116453
0.000118124
0.000119028
0.000119232
0.00011873
0.000117427
0.000115096
0.000111255
0.000104906
9.40011e-05
7.46049e-05
4.10309e-05
)
;

boundaryField
{
    movingWall
    {
        type            calculated;
        value           uniform 0;
    }
    fixedWalls
    {
        type            calculated;
        value           uniform 0;
    }
    frontAndBack
    {
        type            empty;
        value           nonuniform List<scalar> 0();
    }
}


// ************************************************************************* //
