/*--------------------------------*- C++ -*----------------------------------*\
  =========                 |
  \\      /  F ield         | OpenFOAM: The Open Source CFD Toolbox
   \\    /   O peration     | Website:  https://openfoam.org
    \\  /    A nd           | Version:  8
     \\/     M anipulation  |
\*---------------------------------------------------------------------------*/
FoamFile
{
    version     2.0;
    format      ascii;
    class       volVectorField;
    location    "0.2";
    object      U;
}
// * * * * * * * * * * * * * * * * * * * * * * * * * * * * * * * * * * * * * //

dimensions      [0 1 -1 0 0 0 0];

internalField   nonuniform List<vector> 
400
(
(0.000682925 -0.0006797 0)
(0.000298022 0.000346189 0)
(-0.00344074 0.00158476 0)
(-0.00984266 0.00243782 0)
(-0.0178093 0.00286068 0)
(-0.0262936 0.00291061 0)
(-0.034383 0.00265547 0)
(-0.0413154 0.00215498 0)
(-0.0464731 0.00145925 0)
(-0.0493799 0.000617048 0)
(-0.0497172 -0.0003136 0)
(-0.0473603 -0.00125742 0)
(-0.0424239 -0.00211892 0)
(-0.0353045 -0.00278611 0)
(-0.026701 -0.00314147 0)
(-0.0175969 -0.00308035 0)
(-0.00918389 -0.00253665 0)
(-0.00271466 -0.00151534 0)
(0.000735667 -0.000177059 0)
(0.000795907 0.000774753 0)
(-0.000282271 -0.000369312 0)
(-0.00472762 0.00474649 0)
(-0.0162444 0.0101384 0)
(-0.0330205 0.013929 0)
(-0.052843 0.015804 0)
(-0.0735572 0.0158732 0)
(-0.0931359 0.0143707 0)
(-0.109804 0.0115598 0)
(-0.122103 0.00770723 0)
(-0.128921 0.00310094 0)
(-0.129552 -0.00191963 0)
(-0.123765 -0.00693989 0)
(-0.111891 -0.011467 0)
(-0.0948878 -0.0149551 0)
(-0.0743567 -0.0168634 0)
(-0.0524701 -0.0167474 0)
(-0.0317662 -0.0143806 0)
(-0.0147978 -0.0098981 0)
(-0.00378338 -0.00405696 0)
(-6.33755e-06 0.000831129 0)
(-0.00158318 0.00332293 0)
(-0.0107104 0.0163791 0)
(-0.0300728 0.0286394 0)
(-0.0562482 0.0371621 0)
(-0.0860525 0.0412421 0)
(-0.116615 0.0409975 0)
(-0.145199 0.0368865 0)
(-0.169373 0.0295057 0)
(-0.187127 0.0195206 0)
(-0.196938 0.00768073 0)
(-0.197843 -0.00513333 0)
(-0.18954 -0.0178738 0)
(-0.172488 -0.0293313 0)
(-0.147987 -0.0382021 0)
(-0.118191 -0.0432277 0)
(-0.0860229 -0.043409 0)
(-0.0548909 -0.0382839 0)
(-0.0282518 -0.0282332 0)
(-0.00940943 -0.0148859 0)
(-0.00117248 -0.00218694 0)
(-0.00273927 0.0102395 0)
(-0.0163296 0.0347486 0)
(-0.0432895 0.0557477 0)
(-0.0783174 0.0698602 0)
(-0.117182 0.0762232 0)
(-0.156405 0.0750724 0)
(-0.192739 0.0671698 0)
(-0.223313 0.05353 0)
(-0.245759 0.0353176 0)
(-0.258272 0.0138619 0)
(-0.259697 -0.0092801 0)
(-0.24963 -0.0322754 0)
(-0.228544 -0.0530294 0)
(-0.197885 -0.0692968 0)
(-0.160129 -0.0789122 0)
(-0.118711 -0.0801437 0)
(-0.0777499 -0.0721448 0)
(-0.0415917 -0.0554308 0)
(-0.0148368 -0.0323804 0)
(-0.0022102 -0.00820988 0)
(-0.00374569 0.0200267 0)
(-0.0214806 0.0593675 0)
(-0.0556793 0.0907898 0)
(-0.0991183 0.111064 0)
(-0.146469 0.119537 0)
(-0.193681 0.116784 0)
(-0.237098 0.104001 0)
(-0.273547 0.0827065 0)
(-0.300424 0.0546227 0)
(-0.315729 0.0217089 0)
(-0.318125 -0.0137519 0)
(-0.307052 -0.0490807 0)
(-0.282865 -0.0812108 0)
(-0.246982 -0.106827 0)
(-0.202004 -0.122677 0)
(-0.151737 -0.126063 0)
(-0.100972 -0.115486 0)
(-0.0550563 -0.0913179 0)
(-0.0201445 -0.056414 0)
(-0.00314662 -0.0170011 0)
(-0.00465812 0.0324256 0)
(-0.0262825 0.0899041 0)
(-0.0673737 0.133451 0)
(-0.118823 0.160434 0)
(-0.174201 0.170803 0)
(-0.228912 0.165748 0)
(-0.278976 0.147079 0)
(-0.321023 0.116911 0)
(-0.352311 0.0775642 0)
(-0.370703 0.0316296 0)
(-0.374685 -0.0178971 0)
(-0.363471 -0.0674955 0)
(-0.337158 -0.113091 0)
(-0.296947 -0.150193 0)
(-0.245369 -0.174248 0)
(-0.186453 -0.181274 0)
(-0.125631 -0.168715 0)
(-0.0693876 -0.136379 0)
(-0.0257331 -0.0872705 0)
(-0.00409845 -0.0285337 0)
(-0.00552589 0.047276 0)
(-0.0308713 0.126078 0)
(-0.0785507 0.183396 0)
(-0.137597 0.217586 0)
(-0.200495 0.229601 0)
(-0.262161 0.22157 0)
(-0.318386 0.196122 0)
(-0.365721 0.156071 0)
(-0.401397 0.104354 0)
(-0.423212 0.0441492 0)
(-0.429493 -0.0209122 0)
(-0.419162 -0.0865438 0)
(-0.391922 -0.147693 0)
(-0.348536 -0.198617 0)
(-0.291217 -0.233241 0)
(-0.223993 -0.245889 0)
(-0.152834 -0.232393 0)
(-0.0854542 -0.191399 0)
(-0.0320788 -0.12561 0)
(-0.00519442 -0.043051 0)
(-0.00638828 0.0644972 0)
(-0.0353643 0.167669 0)
(-0.0893545 0.240261 0)
(-0.155494 0.282009 0)
(-0.225204 0.295323 0)
(-0.292998 0.283636 0)
(-0.354582 0.250632 0)
(-0.406587 0.199936 0)
(-0.446372 0.135095 0)
(-0.47179 0.0597854 0)
(-0.481064 -0.0218752 0)
(-0.4728 -0.104996 0)
(-0.446171 -0.183665 0)
(-0.401264 -0.25089 0)
(-0.339635 -0.298869 0)
(-0.264957 -0.319768 0)
(-0.183465 -0.307074 0)
(-0.10409 -0.257419 0)
(-0.0396735 -0.172501 0)
(-0.00656858 -0.061076 0)
(-0.00728439 0.0840747 0)
(-0.0398797 0.214518 0)
(-0.0999052 0.303624 0)
(-0.172454 0.352988 0)
(-0.247889 0.367025 0)
(-0.320464 0.35091 0)
(-0.386006 0.309665 0)
(-0.44146 0.24784 0)
(-0.484539 0.169566 0)
(-0.513336 0.0788764 0)
(-0.5261 -0.0198445 0)
(-0.52116 -0.121368 0)
(-0.497066 -0.219167 0)
(-0.45298 -0.305131 0)
(-0.38938 -0.369628 0)
(-0.309039 -0.402186 0)
(-0.217942 -0.393047 0)
(-0.125985 -0.335602 0)
(-0.049013 -0.22939 0)
(-0.00836968 -0.0834135 0)
(-0.00827673 0.106072 0)
(-0.0446011 0.266525 0)
(-0.110381 0.372949 0)
(-0.188361 0.429458 0)
(-0.26785 0.443202 0)
(-0.343057 0.421661 0)
(-0.410242 0.371526 0)
(-0.466994 0.29839 0)
(-0.511686 0.206925 0)
(-0.542935 0.101335 0)
(-0.559232 -0.0140292 0)
(-0.558765 -0.133979 0)
(-0.539461 -0.251782 0)
(-0.499341 -0.358542 0)
(-0.437333 -0.442889 0)
(-0.354571 -0.491343 0)
(-0.255918 -0.489869 0)
(-0.151583 -0.42693 0)
(-0.0606135 -0.298 0)
(-0.0107841 -0.111165 0)
(-0.00949373 0.130701 0)
(-0.0498918 0.323704 0)
(-0.121156 0.447523 0)
(-0.203144 0.509815 0)
(-0.284144 0.521517 0)
(-0.358692 0.493139 0)
(-0.423933 0.433422 0)
(-0.478546 0.349127 0)
(-0.52197 0.245385 0)
(-0.553704 0.126342 0)
(-0.572805 -0.00404861 0)
(-0.577575 -0.141127 0)
(-0.56545 -0.278542 0)
(-0.533228 -0.407218 0)
(-0.477841 -0.514472 0)
(-0.397896 -0.583738 0)
(-0.295842 -0.595701 0)
(-0.180906 -0.531713 0)
(-0.0750392 -0.380165 0)
(-0.0140757 -0.145773 0)
(-0.0112045 0.158485 0)
(-0.0564676 0.386301 0)
(-0.132951 0.526371 0)
(-0.216812 0.591659 0)
(-0.295499 0.598443 0)
(-0.364517 0.561192 0)
(-0.422569 0.491104 0)
(-0.469993 0.396179 0)
(-0.50777 0.281876 0)
(-0.536694 0.15201 0)
(-0.556774 0.00973781 0)
(-0.566799 -0.141373 0)
(-0.564036 -0.296101 0)
(-0.544197 -0.446099 0)
(-0.501973 -0.578271 0)
(-0.432552 -0.673445 0)
(-0.334287 -0.706385 0)
(-0.213245 -0.64881 0)
(-0.0929245 -0.477533 0)
(-0.0186523 -0.189126 0)
(-0.0139518 0.190584 0)
(-0.0656422 0.454963 0)
(-0.146943 0.608051 0)
(-0.229272 0.671344 0)
(-0.299876 0.668763 0)
(-0.356362 0.619828 0)
(-0.399948 0.538517 0)
(-0.433316 0.433995 0)
(-0.459458 0.311807 0)
(-0.480831 0.175122 0)
(-0.498764 0.0258995 0)
(-0.51297 -0.133937 0)
(-0.521056 -0.301115 0)
(-0.518122 -0.46918 0)
(-0.496791 -0.626085 0)
(-0.448251 -0.7514 0)
(-0.364931 -0.81425 0)
(-0.246541 -0.77442 0)
(-0.114941 -0.591006 0)
(-0.0251705 -0.243742 0)
(-0.0187763 0.229374 0)
(-0.0796148 0.530837 0)
(-0.164546 0.690093 0)
(-0.239484 0.74316 0)
(-0.293206 0.724838 0)
(-0.327367 0.660733 0)
(-0.346964 0.567578 0)
(-0.357698 0.455299 0)
(-0.364888 0.329089 0)
(-0.372807 0.191092 0)
(-0.384295 0.0417375 0)
(-0.40035 -0.119114 0)
(-0.419543 -0.29084 0)
(-0.437223 -0.470121 0)
(-0.444789 -0.647897 0)
(-0.429662 -0.804956 0)
(-0.376982 -0.906752 0)
(-0.27618 -0.900231 0)
(-0.141521 -0.719611 0)
(-0.034657 -0.313019 0)
(-0.0275127 0.279348 0)
(-0.101527 0.615231 0)
(-0.186151 0.767613 0)
(-0.242957 0.797877 0)
(-0.26635 0.755632 0)
(-0.265036 0.672909 0)
(-0.249159 0.568325 0)
(-0.227786 0.451564 0)
(-0.208404 0.326702 0)
(-0.196801 0.194429 0)
(-0.197106 0.0534519 0)
(-0.211686 -0.098548 0)
(-0.240628 -0.263919 0)
(-0.28069 -0.443405 0)
(-0.32374 -0.633003 0)
(-0.355083 -0.818261 0)
(-0.35278 -0.965367 0)
(-0.292492 -1.01087 0)
(-0.171703 -0.858236 0)
(-0.0484253 -0.401317 0)
(-0.0427682 0.348537 0)
(-0.134061 0.707837 0)
(-0.206681 0.83013 0)
(-0.225413 0.820313 0)
(-0.198646 0.745709 0)
(-0.145758 0.642911 0)
(-0.0826074 0.529972 0)
(-0.020939 0.414447 0)
(0.0306734 0.298195 0)
(0.0659979 0.180025 0)
(0.0804386 0.0569806 0)
(0.0706872 -0.0750865 0)
(0.0349354 -0.22112 0)
(-0.0261375 -0.386018 0)
(-0.107274 -0.572262 0)
(-0.195179 -0.774074 0)
(-0.264173 -0.965444 0)
(-0.275746 -1.08086 0)
(-0.199413 -0.99375 0)
(-0.0668942 -0.514055 0)
(-0.0658506 0.4515 0)
(-0.172584 0.80087 0)
(-0.202516 0.85377 0)
(-0.148402 0.78469 0)
(-0.0459188 0.674144 0)
(0.0737733 0.556107 0)
(0.191541 0.443291 0)
(0.295789 0.338498 0)
(0.379342 0.240257 0)
(0.437472 0.145351 0)
(0.466562 0.0496298 0)
(0.463345 -0.051957 0)
(0.424689 -0.165673 0)
(0.348101 -0.299275 0)
(0.233563 -0.461339 0)
(0.0878867 -0.657311 0)
(-0.0674111 -0.877505 0)
(-0.18703 -1.07093 0)
(-0.204292 -1.09809 0)
(-0.0848201 -0.658309 0)
(-0.0848892 0.606738 0)
(-0.180714 0.860751 0)
(-0.0981798 0.787538 0)
(0.078943 0.651052 0)
(0.277787 0.517587 0)
(0.466213 0.402296 0)
(0.630869 0.306393 0)
(0.766029 0.226117 0)
(0.86954 0.156637 0)
(0.940491 0.0933967 0)
(0.977803 0.032114 0)
(0.97946 -0.0317341 0)
(0.942008 -0.103719 0)
(0.860313 -0.191626 0)
(0.728113 -0.306746 0)
(0.541035 -0.463871 0)
(0.304025 -0.675092 0)
(0.0475498 -0.926656 0)
(-0.131426 -1.11026 0)
(-0.0750179 -0.826496 0)
(-0.000749537 0.747096 0)
(0.00852757 0.780954 0)
(0.31081 0.568183 0)
(0.640654 0.401479 0)
(0.91437 0.285347 0)
(1.13265 0.203327 0)
(1.30378 0.144564 0)
(1.43396 0.100997 0)
(1.52833 0.0667594 0)
(1.59056 0.0377832 0)
(1.62248 0.0110638 0)
(1.62393 -0.0160648 0)
(1.59232 -0.0467515 0)
(1.52194 -0.0857267 0)
(1.40275 -0.141316 0)
(1.21943 -0.228756 0)
(0.950068 -0.373766 0)
(0.573631 -0.607627 0)
(0.174129 -0.906213 0)
(0.0803978 -0.886125 0)
(0.817623 0.400321 0)
(1.06368 0.352924 0)
(1.49334 0.217755 0)
(1.81898 0.131322 0)
(2.02143 0.0810153 0)
(2.15362 0.0508061 0)
(2.24464 0.0322086 0)
(2.30746 0.020288 0)
(2.34935 0.0120671 0)
(2.37464 0.00580037 0)
(2.38557 0.00042536 0)
(2.38272 -0.00482107 0)
(2.36515 -0.0107661 0)
(2.32983 -0.0186625 0)
(2.2701 -0.0310283 0)
(2.17239 -0.0534763 0)
(2.00524 -0.0985636 0)
(1.69446 -0.191317 0)
(1.21341 -0.354376 0)
(0.889285 -0.425471 0)
)
;

boundaryField
{
    movingWall
    {
        type            fixedValue;
        value           uniform (2.8 0 0);
    }
    fixedWalls
    {
        type            noSlip;
    }
    frontAndBack
    {
        type            empty;
    }
}


// ************************************************************************* //
