/*--------------------------------*- C++ -*----------------------------------*\
  =========                 |
  \\      /  F ield         | OpenFOAM: The Open Source CFD Toolbox
   \\    /   O peration     | Website:  https://openfoam.org
    \\  /    A nd           | Version:  8
     \\/     M anipulation  |
\*---------------------------------------------------------------------------*/
FoamFile
{
    version     2.0;
    format      ascii;
    class       surfaceScalarField;
    location    "0.4";
    object      phi;
}
// * * * * * * * * * * * * * * * * * * * * * * * * * * * * * * * * * * * * * //

dimensions      [0 3 -1 0 0 0 0];

internalField   nonuniform List<scalar> 
760
(
4.21136e-08
-4.21842e-08
-7.96731e-08
1.21787e-07
-3.745e-07
2.94826e-07
-7.87655e-07
4.13155e-07
-1.25854e-06
4.70885e-07
-1.73236e-06
4.73818e-07
-2.16239e-06
4.30036e-07
-2.50986e-06
3.47463e-07
-2.74338e-06
2.33519e-07
-2.83947e-06
9.60917e-08
-2.78431e-06
-5.51573e-08
-2.57649e-06
-2.07819e-07
-2.22994e-06
-3.46555e-07
-1.77602e-06
-4.53922e-07
-1.26368e-06
-5.12337e-07
-7.56548e-07
-5.07136e-07
-3.25995e-07
-4.30552e-07
-3.99112e-08
-2.86084e-07
5.70536e-08
-9.69643e-08
5.70535e-08
-1.18055e-07
7.58702e-08
-5.95871e-07
5.99602e-07
-1.40775e-06
1.10671e-06
-2.45312e-06
1.45852e-06
-3.61079e-06
1.62856e-06
-4.76166e-06
1.62468e-06
-5.79839e-06
1.46677e-06
-6.62939e-06
1.17846e-06
-7.18084e-06
7.84966e-07
-7.39938e-06
3.14625e-07
-7.25624e-06
-1.98291e-07
-6.75249e-06
-7.11575e-07
-5.92394e-06
-1.1751e-06
-4.84403e-06
-1.53383e-06
-3.62226e-06
-1.7341e-06
-2.39617e-06
-1.73323e-06
-1.315e-06
-1.51172e-06
-5.14618e-07
-1.08647e-06
-8.24001e-08
-5.29183e-07
-2.5346e-08
-3.086e-07
3.84469e-07
-1.16971e-06
1.46071e-06
-2.4733e-06
2.4103e-06
-4.06909e-06
3.0543e-06
-5.79201e-06
3.35148e-06
-7.48104e-06
3.31371e-06
-8.98979e-06
2.97552e-06
-1.01923e-05
2.38098e-06
-1.0987e-05
1.57967e-06
-1.1301e-05
6.28617e-07
-1.10957e-05
-4.03639e-07
-1.03731e-05
-1.43413e-06
-9.18224e-06
-2.36597e-06
-7.62201e-06
-3.09406e-06
-5.8394e-06
-3.51672e-06
-4.01921e-06
-3.55342e-06
-2.36387e-06
-3.16706e-06
-1.06323e-06
-2.38712e-06
-2.57278e-07
-1.33513e-06
-2.82623e-07
-4.82354e-07
8.66822e-07
-1.71336e-06
2.69171e-06
-3.48625e-06
4.18319e-06
-5.59016e-06
5.15822e-06
-7.8177e-06
5.57902e-06
-9.97503e-06
5.47104e-06
-1.18888e-05
4.88925e-06
-1.34103e-05
3.90254e-06
-1.44197e-05
2.58903e-06
-1.48299e-05
1.0388e-06
-1.45931e-05
-6.40421e-07
-1.37081e-05
-2.3191e-06
-1.22276e-05
-3.84644e-06
-1.02634e-05
-5.05829e-06
-7.98606e-06
-5.79407e-06
-5.6164e-06
-5.92308e-06
-3.40537e-06
-5.37809e-06
-1.60289e-06
-4.1896e-06
-4.2038e-07
-2.51764e-06
-7.03002e-07
-6.38541e-07
1.50536e-06
-2.21727e-06
4.27044e-06
-4.43508e-06
6.401e-06
-7.01664e-06
7.73978e-06
-9.71202e-06
8.27439e-06
-1.2299e-05
8.058e-06
-1.45843e-05
7.17452e-06
-1.64042e-05
5.72245e-06
-1.7626e-05
3.81085e-06
-1.81513e-05
1.56407e-06
-1.79215e-05
-8.70212e-07
-1.69261e-05
-3.31443e-06
-1.52123e-05
-5.56028e-06
-1.28932e-05
-7.37735e-06
-1.01533e-05
-8.53404e-06
-7.24392e-06
-8.83243e-06
-4.46729e-06
-8.15472e-06
-2.14498e-06
-6.51191e-06
-5.76683e-07
-4.08594e-06
-1.27969e-06
-7.81976e-07
2.28734e-06
-2.68729e-06
6.17575e-06
-5.32582e-06
9.03953e-06
-8.35796e-06
1.07719e-05
-1.14923e-05
1.14087e-05
-1.44819e-05
1.10476e-05
-1.71192e-05
9.81177e-06
-1.92311e-05
7.8344e-06
-2.06768e-05
5.25656e-06
-2.13478e-05
2.23507e-06
-2.11725e-05
-1.04554e-06
-2.01246e-05
-4.36237e-06
-1.82352e-05
-7.44962e-06
-1.56075e-05
-1.00051e-05
-1.24286e-05
-1.17129e-05
-8.97554e-06
-1.22855e-05
-5.60527e-06
-1.1525e-05
-2.72466e-06
-9.39252e-06
-7.40841e-07
-6.06976e-06
-2.02053e-06
-9.17021e-07
3.20436e-06
-3.13086e-06
8.38959e-06
-6.16555e-06
1.20742e-05
-9.61854e-06
1.42249e-05
-1.31595e-05
1.49497e-05
-1.65215e-05
1.44096e-05
-1.94888e-05
1.27791e-05
-2.18857e-05
1.02313e-05
-2.35681e-05
6.93893e-06
-2.44198e-05
3.08682e-06
-2.43546e-05
-1.11078e-06
-2.33239e-05
-5.39304e-06
-2.13322e-05
-9.4413e-06
-1.84577e-05
-1.28796e-05
-1.48761e-05
-1.52945e-05
-1.08796e-05
-1.6282e-05
-6.87999e-06
-1.55246e-05
-3.3832e-06
-1.28893e-05
-9.29281e-07
-8.52368e-06
-2.94981e-06
-1.04703e-06
4.25139e-06
-3.55388e-06
1.08964e-05
-6.95738e-06
1.54777e-05
-1.07924e-05
1.80599e-05
-1.46934e-05
1.88507e-05
-1.83802e-05
1.80964e-05
-2.16377e-05
1.60365e-05
-2.4296e-05
1.28896e-05
-2.62155e-05
8.85851e-06
-2.72776e-05
4.14887e-06
-2.73818e-05
-1.00653e-06
-2.6453e-05
-6.32191e-06
-2.44573e-05
-1.14369e-05
-2.14308e-05
-1.59061e-05
-1.75162e-05
-1.92092e-05
-1.30013e-05
-2.07968e-05
-8.3444e-06
-2.01816e-05
-4.16151e-06
-1.70722e-05
-1.15879e-06
-1.15264e-05
-4.1086e-06
-1.17522e-06
5.4266e-06
-3.96182e-06
1.36831e-05
-7.70106e-06
1.9217e-05
-1.1863e-05
2.22218e-05
-1.60519e-05
2.30396e-05
-1.9984e-05
2.20286e-05
-2.3457e-05
1.95095e-05
-2.63196e-05
1.57522e-05
-2.84485e-05
1.09874e-05
-2.97314e-05
5.43176e-06
-3.00592e-05
-6.78725e-07
-2.93286e-05
-7.05248e-06
-2.74583e-05
-1.33072e-05
-2.44221e-05
-1.89424e-05
-2.03001e-05
-2.33312e-05
-1.53435e-05
-2.57534e-05
-1.00327e-05
-2.54923e-05
-5.09639e-06
-2.20085e-05
-1.44662e-06
-1.51762e-05
-5.55521e-06
-1.3071e-06
6.7337e-06
-4.36438e-06
1.67403e-05
-8.39793e-06
2.32505e-05
-1.28071e-05
2.66309e-05
-1.71728e-05
2.74053e-05
-2.12223e-05
2.60782e-05
-2.47831e-05
2.30702e-05
-2.77403e-05
1.87094e-05
-3.00032e-05
1.32504e-05
-3.14808e-05
6.90934e-06
-3.20663e-05
-9.32687e-08
-3.16334e-05
-7.48534e-06
-3.00482e-05
-1.48924e-05
-2.72029e-05
-2.17877e-05
-2.30793e-05
-2.74548e-05
-1.78422e-05
-3.09904e-05
-1.19473e-05
-3.13872e-05
-6.21757e-06
-2.77383e-05
-1.81157e-06
-1.95822e-05
-7.36678e-06
-1.45469e-06
8.18839e-06
-4.78332e-06
2.0069e-05
-9.05871e-06
2.75259e-05
-1.35996e-05
3.11719e-05
-1.79758e-05
3.17815e-05
-2.19472e-05
3.00496e-05
-2.53952e-05
2.65182e-05
-2.82645e-05
2.15786e-05
-3.05186e-05
1.55045e-05
-3.21076e-05
8.49839e-06
-3.29452e-05
7.44292e-07
-3.28956e-05
-7.53489e-06
-3.17763e-05
-1.60118e-05
-2.93848e-05
-2.41792e-05
-2.55663e-05
-3.12733e-05
-2.0334e-05
-3.62228e-05
-1.40389e-05
-3.76823e-05
-7.54299e-06
-3.42342e-05
-2.27608e-06
-2.48491e-05
-9.64287e-06
-1.64341e-06
9.8318e-06
-5.26314e-06
2.36887e-05
-9.71101e-06
3.19738e-05
-1.42151e-05
3.56759e-05
-1.83578e-05
3.59242e-05
-2.19661e-05
3.36579e-05
-2.50081e-05
2.95603e-05
-2.75164e-05
2.40869e-05
-2.95338e-05
1.75218e-05
-3.1075e-05
1.00396e-05
-3.20977e-05
1.767e-06
-3.24798e-05
-7.15278e-06
-3.20073e-05
-1.64843e-05
-3.03844e-05
-2.5802e-05
-2.729e-05
-3.43677e-05
-2.25105e-05
-4.10022e-05
-1.61757e-05
-4.40172e-05
-9.06906e-06
-4.13409e-05
-2.8693e-06
-3.10488e-05
-1.25122e-05
-1.92328e-06
1.17551e-05
-5.88302e-06
2.76484e-05
-1.03995e-05
3.64903e-05
-1.46129e-05
3.98893e-05
-1.81684e-05
3.94797e-05
-2.10142e-05
3.65037e-05
-2.32486e-05
3.17947e-05
-2.50234e-05
2.58617e-05
-2.64843e-05
1.89828e-05
-2.77328e-05
1.12882e-05
-2.87956e-05
2.82977e-06
-2.95944e-05
-6.35403e-06
-2.99168e-05
-1.61618e-05
-2.9399e-05
-2.63198e-05
-2.75484e-05
-3.62184e-05
-2.38596e-05
-4.4691e-05
-1.80928e-05
-4.97839e-05
-1.07499e-05
-4.86838e-05
-3.6309e-06
-3.81678e-05
-1.61431e-05
-2.38636e-06
1.41414e-05
-6.76259e-06
3.20247e-05
-1.11594e-05
4.08871e-05
-1.46811e-05
4.3411e-05
-1.71378e-05
4.19365e-05
-1.86823e-05
3.80481e-05
-1.95952e-05
3.27076e-05
-2.0175e-05
2.64415e-05
-2.06846e-05
1.94923e-05
-2.1323e-05
1.19266e-05
-2.22031e-05
3.70987e-06
-2.33211e-05
-5.23606e-06
-2.4513e-05
-1.49699e-05
-2.54028e-05
-2.543e-05
-2.53679e-05
-3.62533e-05
-2.35894e-05
-4.64696e-05
-1.93103e-05
-5.4063e-05
-1.24505e-05
-5.55436e-05
-4.61172e-06
-4.60066e-05
-2.07548e-05
-3.18741e-06
1.73289e-05
-8.03384e-06
3.68711e-05
-1.19121e-05
4.47654e-05
-1.40798e-05
4.55788e-05
-1.47051e-05
4.25617e-05
-1.42584e-05
3.76015e-05
-1.3251e-05
3.17002e-05
-1.21359e-05
2.53265e-05
-1.12822e-05
1.86386e-05
-1.09733e-05
1.16177e-05
-1.1405e-05
4.14157e-06
-1.26659e-05
-3.9752e-06
-1.46901e-05
-1.29457e-05
-1.71756e-05
-2.29444e-05
-1.94771e-05
-3.39519e-05
-2.05336e-05
-4.5413e-05
-1.89944e-05
-5.56022e-05
-1.38367e-05
-6.07012e-05
-5.85116e-06
-5.39921e-05
-2.66059e-05
-4.53449e-06
2.18634e-05
-9.68117e-06
4.20178e-05
-1.21557e-05
4.72399e-05
-1.18709e-05
4.5294e-05
-9.66326e-06
4.0354e-05
-6.43209e-06
3.43703e-05
-2.92185e-06
2.81899e-05
3.03353e-07
2.21013e-05
2.82521e-06
1.61167e-05
4.32738e-06
1.01155e-05
4.56784e-06
3.90112e-06
3.37557e-06
-2.78294e-06
6.84757e-07
-1.02549e-05
-3.37485e-06
-1.88848e-05
-8.31061e-06
-2.90161e-05
-1.30367e-05
-4.06869e-05
-1.57213e-05
-5.29176e-05
-1.4116e-05
-6.23066e-05
-7.26376e-06
-6.08443e-05
-3.38697e-05
-6.52483e-06
2.83882e-05
-1.09568e-05
4.64498e-05
-1.0158e-05
4.64411e-05
-5.73475e-06
4.08708e-05
4.7174e-07
3.41475e-05
7.15761e-06
2.76844e-05
1.34772e-05
2.18703e-05
1.88977e-05
1.66808e-05
2.30718e-05
1.19426e-05
2.57466e-05
7.44077e-06
2.67055e-05
2.94219e-06
2.57413e-05
-1.81873e-06
2.26619e-05
-7.17542e-06
1.73524e-05
-1.35753e-05
9.94679e-06
-2.16105e-05
1.17716e-06
-3.19173e-05
-7.09999e-06
-4.46405e-05
-1.15142e-05
-5.78924e-05
-8.30617e-06
-6.40524e-05
-4.21759e-05
-8.44507e-06
3.68332e-05
-8.59671e-06
4.66014e-05
-1.08137e-06
3.89257e-05
9.45203e-06
3.03374e-05
2.03528e-05
2.32467e-05
3.03904e-05
1.76468e-05
3.90085e-05
1.32522e-05
4.59685e-05
9.7208e-06
5.11638e-05
6.74736e-06
5.45162e-05
4.08831e-06
5.59184e-05
1.53999e-06
5.5198e-05
-1.09832e-06
5.20929e-05
-4.07027e-06
4.62518e-05
-7.73427e-06
3.73123e-05
-1.2671e-05
2.51963e-05
-1.98013e-05
1.0872e-05
-3.03162e-05
-2.24075e-06
-4.47796e-05
-7.22095e-06
-5.90722e-05
-4.93968e-05
-4.49348e-06
4.13267e-05
8.69422e-06
3.34137e-05
2.67638e-05
2.08562e-05
4.33974e-05
1.37038e-05
5.72961e-05
9.34792e-06
6.84744e-05
6.46853e-06
7.72193e-05
4.50735e-06
8.38307e-05
3.10934e-06
8.85397e-05
2.03836e-06
9.14832e-05
1.14487e-06
9.26944e-05
3.28782e-07
9.20927e-05
-4.96618e-07
8.94439e-05
-1.42152e-06
8.43056e-05
-2.59591e-06
7.59352e-05
-4.30052e-06
6.32604e-05
-7.12652e-06
4.52603e-05
-1.23161e-05
2.26063e-05
-2.21257e-05
2.12903e-06
-3.85949e-05
-4.72678e-05
4.13267e-05
7.47405e-05
9.55966e-05
0.0001093
0.000118648
0.000125117
0.000129624
0.000132734
0.000134772
0.000135917
0.000136246
0.000135749
0.000134327
0.000131731
0.000127431
0.000120304
0.000107988
8.58627e-05
4.72678e-05
)
;

boundaryField
{
    movingWall
    {
        type            calculated;
        value           uniform 0;
    }
    fixedWalls
    {
        type            calculated;
        value           uniform 0;
    }
    frontAndBack
    {
        type            empty;
        value           nonuniform List<scalar> 0();
    }
}


// ************************************************************************* //
