/*--------------------------------*- C++ -*----------------------------------*\
  =========                 |
  \\      /  F ield         | OpenFOAM: The Open Source CFD Toolbox
   \\    /   O peration     | Website:  https://openfoam.org
    \\  /    A nd           | Version:  8
     \\/     M anipulation  |
\*---------------------------------------------------------------------------*/
FoamFile
{
    version     2.0;
    format      ascii;
    class       volScalarField;
    location    "0.4";
    object      p;
}
// * * * * * * * * * * * * * * * * * * * * * * * * * * * * * * * * * * * * * //

dimensions      [0 2 -2 0 0 0 0];

internalField   nonuniform List<scalar> 
400
(
-3.18638e-06
-0.0269637
-0.0588063
-0.0826996
-0.0919142
-0.08362
-0.0574154
-0.014455
0.0428899
0.111014
0.184982
0.258602
0.324836
0.376642
0.408191
0.416304
0.401834
0.370678
0.334034
0.307646
0.0267886
-0.00115372
-0.0260187
-0.0422418
-0.0471839
-0.0389485
-0.0170582
0.0177995
0.0639683
0.118755
0.178335
0.237828
0.291641
0.334179
0.360845
0.369183
0.359926
0.337413
0.308408
0.281643
0.0604964
0.0219472
-0.0046144
-0.0191398
-0.0231481
-0.0159354
0.00270281
0.0322633
0.0716089
0.118755
0.170658
0.22318
0.271361
0.310028
0.33472
0.342773
0.334355
0.312581
0.280678
0.243074
0.0883901
0.0357692
0.00330617
-0.0129545
-0.0181551
-0.0126761
0.00336378
0.0295606
0.0652064
0.108897
0.158139
0.209172
0.257108
0.296492
0.322216
0.330703
0.321187
0.295782
0.255174
0.201728
0.101258
0.0345507
-0.00475897
-0.0238979
-0.0311433
-0.0277454
-0.014022
0.0098012
0.0434897
0.086226
0.136022
0.189355
0.24116
0.28529
0.315457
0.326595
0.316562
0.286398
0.234706
0.162943
0.0918343
0.0119318
-0.0341985
-0.0565953
-0.0662587
-0.0650968
-0.0534633
-0.0312677
0.00184345
0.0457355
0.0989931
0.158338
0.218411
0.272077
0.311351
0.329
0.320848
0.286468
0.222361
0.129772
0.0539589
-0.0379853
-0.0904925
-0.116134
-0.128338
-0.129515
-0.119903
-0.098929
-0.065474
-0.0187897
0.0404926
0.109518
0.182691
0.251718
0.306407
0.33651
0.33482
0.298567
0.221455
0.104742
-0.0178944
-0.120644
-0.178826
-0.207408
-0.222096
-0.22574
-0.218351
-0.198704
-0.164678
-0.114327
-0.0471129
0.0349371
0.126304
0.217574
0.295926
0.347093
0.359397
0.326143
0.236567
0.0915771
-0.128805
-0.241177
-0.304121
-0.335003
-0.35186
-0.35805
-0.353322
-0.335652
-0.30164
-0.24773
-0.171652
-0.0739394
0.0406136
0.161871
0.274199
0.358273
0.396032
0.374331
0.274867
0.0969283
-0.283453
-0.404479
-0.470914
-0.502782
-0.520855
-0.529277
-0.527612
-0.512933
-0.480284
-0.42401
-0.339404
-0.224583
-0.0825736
0.0766799
0.235071
0.367432
0.447095
0.450812
0.34767
0.132448
-0.48632
-0.615447
-0.683265
-0.713332
-0.730222
-0.739449
-0.740606
-0.729811
-0.700279
-0.643754
-0.552309
-0.420541
-0.248293
-0.0437652
0.173649
0.372924
0.516726
0.567005
0.472519
0.21773
-0.742486
-0.879679
-0.944847
-0.967362
-0.977862
-0.984218
-0.986354
-0.979383
-0.954401
-0.900056
-0.804444
-0.657512
-0.45429
-0.199091
0.0896918
0.376611
0.612685
0.739942
0.676148
0.384864
-1.05985
-1.20505
-1.25928
-1.26301
-1.25715
-1.25326
-1.25179
-1.24662
-1.22629
-1.17585
-1.07876
-0.919357
-0.686326
-0.377662
-0.00739664
0.388103
0.749643
0.995256
0.998883
0.685985
-1.45453
-1.60479
-1.63058
-1.59486
-1.55553
-1.52896
-1.51566
-1.5075
-1.4897
-1.44303
-1.34578
-1.17607
-0.915106
-0.552397
-0.0936518
0.429603
0.953348
1.37124
1.50126
1.20637
-1.96326
-2.10281
-2.06298
-1.95199
-1.85279
-1.7855
-1.7486
-1.73007
-1.71031
-1.66485
-1.56631
-1.3863
-1.09809
-0.681268
-0.129534
0.537905
1.26272
1.92148
2.27148
2.08455
-2.66894
-2.74153
-2.55895
-2.31475
-2.11919
-1.98891
-1.91503
-1.87793
-1.85081
-1.80248
-1.69934
-1.50644
-1.18908
-0.716381
-0.0671466
0.759657
1.72661
2.71178
3.42663
3.53162
-3.75416
-3.59083
-3.11702
-2.65517
-2.3182
-2.10171
-1.97972
-1.91877
-1.88103
-1.82701
-1.71629
-1.50749
-1.15778
-0.625372
0.128677
1.13378
2.39082
3.80973
5.11234
5.86207
-5.67855
-4.74635
-3.70112
-2.91796
-2.39716
-2.08047
-1.91092
-1.83148
-1.7887
-1.73357
-1.61926
-1.39877
-1.02135
-0.433548
0.425815
1.6258
3.22854
5.23004
7.53289
9.72196
-9.75203
-6.24044
-4.00607
-2.83473
-2.16715
-1.79983
-1.63133
-1.57509
-1.56122
-1.53388
-1.44333
-1.23994
-0.87137
-0.273105
0.637497
1.97931
3.91882
6.68286
10.8187
16.5592
-17.5841
-7.66938
-3.37142
-1.96965
-1.38055
-1.12479
-1.07311
-1.1249
-1.20485
-1.25938
-1.2434
-1.11214
-0.81586
-0.293101
0.541798
1.83466
3.87558
7.32109
14.0731
26.4585
)
;

boundaryField
{
    movingWall
    {
        type            zeroGradient;
    }
    fixedWalls
    {
        type            zeroGradient;
    }
    frontAndBack
    {
        type            empty;
    }
}


// ************************************************************************* //
