/*--------------------------------*- C++ -*----------------------------------*\
  =========                 |
  \\      /  F ield         | OpenFOAM: The Open Source CFD Toolbox
   \\    /   O peration     | Website:  https://openfoam.org
    \\  /    A nd           | Version:  8
     \\/     M anipulation  |
\*---------------------------------------------------------------------------*/
FoamFile
{
    version     2.0;
    format      ascii;
    class       surfaceScalarField;
    location    "0.4";
    object      phi;
}
// * * * * * * * * * * * * * * * * * * * * * * * * * * * * * * * * * * * * * //

dimensions      [0 3 -1 0 0 0 0];

internalField   nonuniform List<scalar> 
760
(
5.86199e-08
-5.85931e-08
-1.19791e-07
1.78411e-07
-5.4353e-07
4.23738e-07
-1.13257e-06
5.89036e-07
-1.80209e-06
6.69521e-07
-2.47736e-06
6.75273e-07
-3.09484e-06
6.17478e-07
-3.60031e-06
5.0546e-07
-3.94741e-06
3.47106e-07
-4.09871e-06
1.51294e-07
-4.02937e-06
-6.93369e-08
-3.73296e-06
-2.96414e-07
-3.22741e-06
-5.05543e-07
-2.55936e-06
-6.68053e-07
-1.80432e-06
-7.55043e-07
-1.06095e-06
-7.43367e-07
-4.38169e-07
-6.22782e-07
-3.52686e-08
-4.02903e-07
8.97655e-08
-1.25037e-07
8.97643e-08
-1.75894e-07
1.173e-07
-8.70896e-07
8.7341e-07
-2.03969e-06
1.59253e-06
-3.53592e-06
2.08526e-06
-5.18963e-06
2.32323e-06
-6.83666e-06
2.3223e-06
-8.32882e-06
2.10965e-06
-9.53676e-06
1.7134e-06
-1.03517e-05
1.16203e-06
-1.069e-05
4.89553e-07
-1.05013e-05
-2.58025e-07
-9.77934e-06
-1.01834e-06
-8.57223e-06
-1.71266e-06
-6.98842e-06
-2.25186e-06
-5.1947e-06
-2.54877e-06
-3.40181e-06
-2.53625e-06
-1.83595e-06
-2.18865e-06
-6.96301e-07
-1.54255e-06
-1.00377e-07
-7.2096e-07
-1.06149e-08
-4.54913e-07
5.72213e-07
-1.70635e-06
2.12484e-06
-3.58452e-06
3.4707e-06
-5.87201e-06
4.37275e-06
-8.33779e-06
4.78901e-06
-1.07596e-05
4.74408e-06
-1.29345e-05
4.28459e-06
-1.46841e-05
3.46302e-06
-1.58588e-05
2.33665e-06
-1.63446e-05
9.75422e-07
-1.60747e-05
-5.2796e-07
-1.50417e-05
-2.05134e-06
-1.33106e-05
-3.44373e-06
-1.10263e-05
-4.53621e-06
-8.41083e-06
-5.16421e-06
-5.74672e-06
-5.20036e-06
-3.3415e-06
-4.59387e-06
-1.47645e-06
-3.4076e-06
-3.45481e-07
-1.85193e-06
-3.56097e-07
-7.09776e-07
1.28199e-06
-2.49672e-06
3.91178e-06
-5.04892e-06
6.0229e-06
-8.06354e-06
7.38737e-06
-1.12519e-05
7.97734e-06
-1.43475e-05
7.83974e-06
-1.71108e-05
7.04784e-06
-1.93312e-05
5.68341e-06
-2.08316e-05
3.83703e-06
-2.14757e-05
1.61955e-06
-2.118e-05
-8.23694e-07
-1.99282e-05
-3.30313e-06
-1.77867e-05
-5.5852e-06
-1.49158e-05
-7.40707e-06
-1.15717e-05
-8.50836e-06
-8.09207e-06
-8.67999e-06
-4.86153e-06
-7.82441e-06
-2.25606e-06
-6.01307e-06
-5.77421e-07
-3.53056e-06
-9.33519e-07
-9.37268e-07
2.21926e-06
-3.22184e-06
6.19635e-06
-6.40504e-06
9.20609e-06
-1.00952e-05
1.10775e-05
-1.39477e-05
1.18298e-05
-1.76598e-05
1.15519e-05
-2.09662e-05
1.03542e-05
-2.36356e-05
8.35281e-06
-2.54716e-05
5.67301e-06
-2.63182e-05
2.46617e-06
-2.60712e-05
-1.07065e-06
-2.46944e-05
-4.68e-06
-2.22383e-05
-8.04126e-06
-1.88593e-05
-1.07861e-05
-1.48305e-05
-1.25371e-05
-1.05376e-05
-1.29729e-05
-6.44896e-06
-1.19131e-05
-3.05781e-06
-9.40423e-06
-8.04114e-07
-5.78426e-06
-1.73763e-06
-1.14149e-06
3.36075e-06
-3.88223e-06
8.93709e-06
-7.64836e-06
1.29722e-05
-1.1963e-05
1.53922e-05
-1.64297e-05
1.62965e-05
-2.07164e-05
1.58386e-05
-2.4541e-05
1.41789e-05
-2.76604e-05
1.14722e-05
-2.9865e-05
7.87757e-06
-3.09802e-05
3.58139e-06
-3.08759e-05
-1.17494e-06
-2.94832e-05
-6.07277e-06
-2.68183e-05
-1.07061e-05
-2.30118e-05
-1.45925e-05
-1.83347e-05
-1.72142e-05
-1.32112e-05
-1.80965e-05
-8.20129e-06
-1.69229e-05
-3.94234e-06
-1.36632e-05
-1.0498e-06
-8.6768e-06
-2.78743e-06
-1.32556e-06
4.6863e-06
-4.47995e-06
1.20915e-05
-8.77503e-06
1.72673e-05
-1.36551e-05
2.02723e-05
-1.86782e-05
2.13195e-05
-2.34912e-05
2.06516e-05
-2.78051e-05
1.84927e-05
-3.13741e-05
1.50412e-05
-3.39826e-05
1.04861e-05
-3.54403e-05
5.0391e-06
-3.55874e-05
-1.02782e-06
-3.43108e-05
-7.34936e-06
-3.15729e-05
-1.3444e-05
-2.74522e-05
-1.87133e-05
-2.21901e-05
-2.24763e-05
-1.62301e-05
-2.40565e-05
-1.02242e-05
-2.29288e-05
-4.98124e-06
-1.89061e-05
-1.34235e-06
-1.23157e-05
-4.12978e-06
-1.49108e-06
6.17738e-06
-5.01497e-06
1.56154e-05
-9.77613e-06
2.20285e-05
-1.51459e-05
2.56421e-05
-2.06448e-05
2.68184e-05
-2.59091e-05
2.59158e-05
-3.06548e-05
2.32385e-05
-3.46462e-05
1.90326e-05
-3.76725e-05
1.35123e-05
-3.95349e-05
6.90148e-06
-4.00452e-05
-5.17428e-07
-3.90391e-05
-8.35553e-06
-3.64062e-05
-1.60769e-05
-3.21427e-05
-2.29767e-05
-2.64215e-05
-2.81974e-05
-1.96681e-05
-3.081e-05
-1.2609e-05
-2.99879e-05
-6.24595e-06
-2.52692e-05
-1.71089e-06
-1.68507e-05
-5.84068e-06
-1.63966e-06
7.81704e-06
-5.48771e-06
1.94634e-05
-1.06405e-05
2.71812e-05
-1.63992e-05
3.14008e-05
-2.22555e-05
3.26746e-05
-2.78486e-05
3.1509e-05
-3.29158e-05
2.83057e-05
-3.72481e-05
2.3365e-05
-4.06562e-05
1.69204e-05
-4.29474e-05
9.19264e-06
-4.39149e-05
4.50072e-07
-4.33437e-05
-8.92673e-06
-4.10383e-05
-1.83823e-05
-3.6881e-05
-2.71341e-05
-3.09252e-05
-3.41532e-05
-2.35173e-05
-3.82179e-05
-1.54104e-05
-3.80949e-05
-7.80026e-06
-3.28793e-05
-2.18577e-06
-2.24652e-05
-8.02645e-06
-1.77678e-06
9.59382e-06
-5.90719e-06
2.35938e-05
-1.1365e-05
3.26391e-05
-1.73784e-05
3.74142e-05
-2.34206e-05
3.87169e-05
-2.91516e-05
3.724e-05
-3.43509e-05
3.3505e-05
-3.88591e-05
2.78731e-05
-4.25315e-05
2.05928e-05
-4.52045e-05
1.18656e-05
-4.66734e-05
1.91905e-06
-4.66869e-05
-8.91331e-06
-4.49633e-05
-2.01058e-05
-4.12463e-05
-3.08511e-05
-3.54124e-05
-3.99871e-05
-2.76405e-05
-4.59898e-05
-1.86179e-05
-4.71175e-05
-9.69226e-06
-4.18049e-05
-2.79994e-06
-2.93575e-05
-1.08264e-05
-1.91822e-06
1.1512e-05
-6.30422e-06
2.79798e-05
-1.19702e-05
3.8305e-05
-1.80619e-05
4.35059e-05
-2.40485e-05
4.47035e-05
-2.96359e-05
4.28273e-05
-3.46739e-05
3.8543e-05
-3.9081e-05
3.22803e-05
-4.27867e-05
2.42985e-05
-4.56875e-05
1.47664e-05
-4.76137e-05
3.84524e-06
-4.83075e-05
-8.21952e-06
-4.74208e-05
-2.09926e-05
-4.45512e-05
-3.37207e-05
-3.93466e-05
-4.51916e-05
-3.17106e-05
-5.36258e-05
-2.21153e-05
-5.67128e-05
-1.1941e-05
-5.19792e-05
-3.59114e-06
-3.77075e-05
-1.44175e-05
-2.10052e-06
1.36126e-05
-6.74975e-06
3.26291e-05
-1.2518e-05
4.40732e-05
-1.84554e-05
4.94433e-05
-2.40537e-05
5.03018e-05
-2.91027e-05
4.78763e-05
-3.35598e-05
4.30002e-05
-3.74553e-05
3.61758e-05
-4.08255e-05
2.76687e-05
-4.36629e-05
1.76038e-05
-4.58742e-05
6.05652e-06
-4.7242e-05
-6.8517e-06
-4.73961e-05
-2.08385e-05
-4.58131e-05
-3.53037e-05
-4.18873e-05
-4.91174e-05
-3.51383e-05
-6.03748e-05
-2.56203e-05
-6.62308e-05
-1.4512e-05
-6.30875e-05
-4.6044e-06
-4.7615e-05
-1.90219e-05
-2.39771e-06
1.60103e-05
-7.3768e-06
3.76082e-05
-1.31229e-05
4.98194e-05
-1.85875e-05
5.49078e-05
-2.33408e-05
5.50551e-05
-2.73177e-05
5.18533e-05
-3.06325e-05
4.63149e-05
-3.34638e-05
3.90072e-05
-3.59861e-05
3.01909e-05
-3.83204e-05
1.99382e-05
-4.04922e-05
8.22826e-06
-4.2381e-05
-4.96292e-06
-4.3664e-05
-1.95555e-05
-4.37646e-05
-3.52031e-05
-4.18532e-05
-5.10287e-05
-3.69961e-05
-6.52319e-05
-2.86003e-05
-7.46266e-05
-1.72702e-05
-7.44176e-05
-5.89262e-06
-5.89927e-05
-2.49146e-05
-2.94816e-06
1.89584e-05
-8.39818e-06
4.30582e-05
-1.39312e-05
5.53524e-05
-1.845e-05
5.94266e-05
-2.17214e-05
5.83265e-05
-2.39228e-05
5.40547e-05
-2.53868e-05
4.77789e-05
-2.64757e-05
4.0096e-05
-2.75212e-05
3.12365e-05
-2.87913e-05
2.12083e-05
-3.04583e-05
9.89524e-06
-3.25502e-05
-2.87102e-06
-3.48748e-05
-1.72309e-05
-3.69146e-05
-3.31632e-05
-3.77258e-05
-5.02175e-05
-3.59482e-05
-6.70096e-05
-3.01582e-05
-8.04166e-05
-1.98932e-05
-8.46826e-05
-7.5055e-06
-7.13803e-05
-3.242e-05
-3.99007e-06
2.29485e-05
-1.00861e-05
4.91542e-05
-1.49991e-05
6.02653e-05
-1.77969e-05
6.22245e-05
-1.86758e-05
5.92053e-05
-1.81968e-05
5.35757e-05
-1.69765e-05
4.65586e-05
-1.55779e-05
3.86974e-05
-1.44835e-05
3.01421e-05
-1.40947e-05
2.08195e-05
-1.47269e-05
1.05275e-05
-1.65798e-05
-1.01807e-06
-1.96629e-05
-1.41478e-05
-2.36557e-05
-2.91704e-05
-2.76997e-05
-4.61735e-05
-3.01949e-05
-6.45143e-05
-2.88701e-05
-8.17415e-05
-2.1695e-05
-9.18576e-05
-9.43164e-06
-8.36437e-05
-4.18517e-05
-5.86752e-06
2.8816e-05
-1.25842e-05
5.58709e-05
-1.58819e-05
6.3563e-05
-1.5611e-05
6.19537e-05
-1.2798e-05
5.63923e-05
-8.5456e-06
4.93234e-05
-3.78005e-06
4.17931e-05
7.70406e-07
3.41469e-05
4.53193e-06
2.63806e-05
7.03195e-06
1.83195e-05
7.86499e-06
9.69442e-06
6.68782e-06
1.59094e-07
3.26709e-06
-1.07271e-05
-2.3931e-06
-2.35102e-05
-9.77832e-06
-3.87882e-05
-1.74329e-05
-5.68598e-05
-2.25492e-05
-7.66251e-05
-2.12753e-05
-9.31316e-05
-1.13958e-05
-9.35232e-05
-5.32475e-05
-8.84436e-06
3.76604e-05
-1.5123e-05
6.21496e-05
-1.44552e-05
6.28951e-05
-8.86254e-06
5.6361e-05
-6.92579e-07
4.82223e-05
8.39087e-06
4.02399e-05
1.72811e-05
3.29029e-05
2.52408e-05
2.61872e-05
3.17479e-05
1.98734e-05
3.63832e-05
1.36842e-05
3.87578e-05
7.31988e-06
3.84714e-05
4.45453e-07
3.51219e-05
-7.37756e-06
2.83583e-05
-1.67467e-05
1.81209e-05
-2.85508e-05
5.18099e-06
-4.39199e-05
-7.90678e-06
-6.35374e-05
-1.59104e-05
-8.51279e-05
-1.23649e-05
-9.70687e-05
-6.56125e-05
-1.21806e-05
4.9841e-05
-1.33926e-05
6.33616e-05
-3.93663e-06
5.34391e-05
9.96768e-06
4.24567e-05
2.47882e-05
3.34018e-05
3.88682e-05
2.61599e-05
5.14032e-05
2.03678e-05
6.19848e-05
1.56056e-05
7.03721e-05
1.14861e-05
7.63618e-05
7.69447e-06
7.97135e-05
3.96822e-06
8.00921e-05
6.6846e-08
7.7053e-05
-4.33845e-06
6.99809e-05
-9.67461e-06
5.81761e-05
-1.6746e-05
4.12116e-05
-2.69553e-05
2.00965e-05
-4.24223e-05
-3.49171e-07
-6.46822e-05
-9.57169e-06
-8.78461e-05
-7.51841e-05
-8.04566e-06
5.78866e-05
9.05999e-06
4.6256e-05
3.34613e-05
2.90378e-05
5.63475e-05
1.95705e-05
7.59542e-05
1.37951e-05
9.22293e-05
9.88489e-06
0.000105443
7.1544e-06
0.000115889
5.15977e-06
0.000123785
3.58978e-06
0.000129237
2.24268e-06
0.000132221
9.8396e-07
0.000132583
-2.95582e-07
0.000129959
-1.7142e-06
0.000123726
-3.44191e-06
0.000112815
-5.83509e-06
9.55688e-05
-9.70862e-06
7.01425e-05
-1.6996e-05
3.69224e-05
-3.14622e-05
5.45109e-06
-5.63748e-05
-6.97331e-05
5.78866e-05
0.000104143
0.00013318
0.000152751
0.000166546
0.000176431
0.000183585
0.000188745
0.000192335
0.000194578
0.000195562
0.000195266
0.000193552
0.00019011
0.000184275
0.000174566
0.00015757
0.000126108
6.97331e-05
)
;

boundaryField
{
    movingWall
    {
        type            calculated;
        value           uniform 0;
    }
    fixedWalls
    {
        type            calculated;
        value           uniform 0;
    }
    frontAndBack
    {
        type            empty;
        value           nonuniform List<scalar> 0();
    }
}


// ************************************************************************* //
