/*--------------------------------*- C++ -*----------------------------------*\
  =========                 |
  \\      /  F ield         | OpenFOAM: The Open Source CFD Toolbox
   \\    /   O peration     | Website:  https://openfoam.org
    \\  /    A nd           | Version:  8
     \\/     M anipulation  |
\*---------------------------------------------------------------------------*/
FoamFile
{
    version     2.0;
    format      ascii;
    class       volVectorField;
    location    "0.4";
    object      U;
}
// * * * * * * * * * * * * * * * * * * * * * * * * * * * * * * * * * * * * * //

dimensions      [0 1 -1 0 0 0 0];

internalField   nonuniform List<vector> 
400
(
(0.00109692 -0.00109703 0)
(0.000387131 0.000603596 0)
(-0.00581198 0.00260075 0)
(-0.0162652 0.00394782 0)
(-0.029179 0.00461386 0)
(-0.0429247 0.00471344 0)
(-0.0561122 0.00435385 0)
(-0.0675631 0.00361041 0)
(-0.0762689 0.0025343 0)
(-0.0813809 0.0011775 0)
(-0.0822578 -0.000379818 0)
(-0.0785653 -0.00200968 0)
(-0.0704009 -0.00353007 0)
(-0.0584043 -0.00471746 0)
(-0.0438112 -0.00533808 0)
(-0.0284042 -0.00519608 0)
(-0.0143283 -0.00419218 0)
(-0.0037567 -0.00238541 0)
(0.00159844 -0.000127282 0)
(0.00140205 0.00135721 0)
(-0.000545494 -0.000487537 0)
(-0.0080542 0.0079726 0)
(-0.027129 0.0166742 0)
(-0.0546234 0.0226867 0)
(-0.0869317 0.0256564 0)
(-0.120683 0.0258423 0)
(-0.15274 0.0236101 0)
(-0.180309 0.0192981 0)
(-0.200993 0.0132179 0)
(-0.212836 0.00573032 0)
(-0.214457 -0.00266312 0)
(-0.205244 -0.011257 0)
(-0.18558 -0.0191351 0)
(-0.157022 -0.0252394 0)
(-0.122361 -0.0285193 0)
(-0.0854722 -0.0281517 0)
(-0.0508714 -0.0238048 0)
(-0.022989 -0.0159009 0)
(-0.00540753 -0.00601083 0)
(0.000216313 0.00177056 0)
(-0.00275005 0.00580765 0)
(-0.0180931 0.0273738 0)
(-0.0501638 0.0471582 0)
(-0.0931222 0.0606963 0)
(-0.141802 0.0671698 0)
(-0.191722 0.0669306 0)
(-0.238629 0.0606822 0)
(-0.27868 0.0491989 0)
(-0.308561 0.0333012 0)
(-0.325598 0.0139842 0)
(-0.327928 -0.00742039 0)
(-0.314749 -0.0291342 0)
(-0.286595 -0.0489411 0)
(-0.245551 -0.0643543 0)
(-0.195333 -0.0729568 0)
(-0.141111 -0.0729003 0)
(-0.0889525 -0.0634952 0)
(-0.0449091 -0.0457761 0)
(-0.0144255 -0.0230979 0)
(-0.00160738 -0.00264003 0)
(-0.00472102 0.0175405 0)
(-0.0275177 0.0579797 0)
(-0.0721039 0.0918262 0)
(-0.129532 0.114227 0)
(-0.192986 0.124324 0)
(-0.257082 0.122744 0)
(-0.316795 0.110635 0)
(-0.367593 0.0893151 0)
(-0.405567 0.0602442 0)
(-0.42754 0.0252171 0)
(-0.431253 -0.0134012 0)
(-0.41564 -0.0525169 0)
(-0.381145 -0.0883257 0)
(-0.330004 -0.116577 0)
(-0.266407 -0.133119 0)
(-0.196413 -0.134716 0)
(-0.127402 -0.120018 0)
(-0.0671025 -0.0904895 0)
(-0.0232875 -0.0511546 0)
(-0.00324757 -0.0118704 0)
(-0.00642825 0.034102 0)
(-0.0360538 0.0988888 0)
(-0.0923685 0.149426 0)
(-0.163316 0.181557 0)
(-0.240414 0.195029 0)
(-0.317473 0.191093 0)
(-0.388905 0.171529 0)
(-0.449728 0.138287 0)
(-0.495645 0.0935253 0)
(-0.523094 0.0398775 0)
(-0.529414 -0.0192149 0)
(-0.513119 -0.0792713 0)
(-0.474271 -0.134763 0)
(-0.414868 -0.179434 0)
(-0.339188 -0.207022 0)
(-0.2539 -0.212394 0)
(-0.167669 -0.192981 0)
(-0.0902026 -0.150161 0)
(-0.0322008 -0.0902607 0)
(-0.00475247 -0.025623 0)
(-0.00793209 0.0549762 0)
(-0.0437649 0.149334 0)
(-0.110897 0.21916 0)
(-0.19435 0.261862 0)
(-0.284052 0.278466 0)
(-0.373113 0.271281 0)
(-0.455547 0.242949 0)
(-0.526116 0.196156 0)
(-0.580293 0.133754 0)
(-0.614218 0.0591573 0)
(-0.624786 -0.0232016 0)
(-0.609916 -0.107516 0)
(-0.568964 -0.186501 0)
(-0.503269 -0.251688 0)
(-0.416752 -0.294245 0)
(-0.316377 -0.306436 0)
(-0.212043 -0.28359 0)
(-0.11579 -0.226169 0)
(-0.0419817 -0.141317 0)
(-0.00634439 -0.0440086 0)
(-0.00927781 0.0797299 0)
(-0.0507272 0.20849 0)
(-0.127686 0.300053 0)
(-0.222477 0.354131 0)
(-0.323578 0.373687 0)
(-0.423535 0.362558 0)
(-0.516149 0.324519 0)
(-0.596124 0.263079 0)
(-0.658885 0.181737 0)
(-0.700377 0.0845342 0)
(-0.717055 -0.0233195 0)
(-0.706091 -0.134898 0)
(-0.665823 -0.241261 0)
(-0.596456 -0.331599 0)
(-0.500991 -0.39403 0)
(-0.386164 -0.417298 0)
(-0.262867 -0.393385 0)
(-0.145708 -0.320573 0)
(-0.0536202 -0.206041 0)
(-0.00828115 -0.0676748 0)
(-0.0104922 0.107976 0)
(-0.0569846 0.27549 0)
(-0.142679 0.390947 0)
(-0.247385 0.457047 0)
(-0.358275 0.479364 0)
(-0.467516 0.463772 0)
(-0.568923 0.415473 0)
(-0.657402 0.338887 0)
(-0.728568 0.238072 0)
(-0.778365 0.117458 0)
(-0.802903 -0.0173049 0)
(-0.798562 -0.158544 0)
(-0.762412 -0.295959 0)
(-0.693034 -0.416445 0)
(-0.591782 -0.504664 0)
(-0.464349 -0.544809 0)
(-0.321957 -0.523859 0)
(-0.181731 -0.435994 0)
(-0.068164 -0.287034 0)
(-0.0108437 -0.097849 0)
(-0.0116021 0.139353 0)
(-0.0625935 0.349431 0)
(-0.15583 0.490475 0)
(-0.268663 0.568878 0)
(-0.387095 0.593572 0)
(-0.503139 0.573039 0)
(-0.610931 0.514242 0)
(-0.705913 0.422616 0)
(-0.784234 0.302666 0)
(-0.842157 0.158914 0)
(-0.875705 -0.00300067 0)
(-0.880591 -0.175211 0)
(-0.852523 -0.346604 0)
(-0.788031 -0.502129 0)
(-0.685999 -0.622849 0)
(-0.549882 -0.687426 0)
(-0.389989 -0.675806 0)
(-0.225282 -0.575255 0)
(-0.0866839 -0.387702 0)
(-0.0143556 -0.13636 0)
(-0.0126761 0.173553 0)
(-0.0677497 0.429412 0)
(-0.167287 0.597028 0)
(-0.286015 0.687314 0)
(-0.408863 0.713485 0)
(-0.52799 0.687322 0)
(-0.638258 0.617948 0)
(-0.736089 0.511936 0)
(-0.818628 0.374131 0)
(-0.882926 0.208828 0)
(-0.925369 0.0211246 0)
(-0.941379 -0.181637 0)
(-0.925474 -0.388372 0)
(-0.871927 -0.582873 0)
(-0.776352 -0.742971 0)
(-0.638476 -0.841188 0)
(-0.465691 -0.848247 0)
(-0.277093 -0.740631 0)
(-0.110271 -0.512003 0)
(-0.0192277 -0.185677 0)
(-0.0138964 0.210454 0)
(-0.0729989 0.514691 0)
(-0.177699 0.708763 0)
(-0.299572 0.809297 0)
(-0.422557 0.835058 0)
(-0.539409 0.802004 0)
(-0.646269 0.721881 0)
(-0.741111 0.602558 0)
(-0.822647 0.449131 0)
(-0.889318 0.265364 0)
(-0.93852 0.0552675 0)
(-0.966038 -0.175165 0)
(-0.96575 -0.416001 0)
(-0.929868 -0.651194 0)
(-0.85024 -0.856497 0)
(-0.721293 -0.99852 0)
(-0.544754 -1.03694 0)
(-0.336657 -0.932631 0)
(-0.140013 -0.663969 0)
(-0.0260286 -0.248983 0)
(-0.0156833 0.250422 0)
(-0.0795567 0.604994 0)
(-0.188599 0.823662 0)
(-0.310206 0.930822 0)
(-0.427516 0.952669 0)
(-0.534635 0.910444 0)
(-0.629777 0.819024 0)
(-0.713172 0.687713 0)
(-0.78575 0.521788 0)
(-0.848014 0.324225 0)
(-0.899131 0.0974772 0)
(-0.936147 -0.154625 0)
(-0.953264 -0.424591 0)
(-0.94143 -0.69836 0)
(-0.888877 -0.951755 0)
(-0.783555 -1.14711 0)
(-0.618357 -1.23249 0)
(-0.401318 -1.14814 0)
(-0.176885 -0.846849 0)
(-0.0355886 -0.330324 0)
(-0.0189135 0.294886 0)
(-0.0897677 0.700995 0)
(-0.202777 0.939518 0)
(-0.319585 1.04657 0)
(-0.423192 1.05862 0)
(-0.510411 1.00351 0)
(-0.582682 0.899655 0)
(-0.643332 0.757817 0)
(-0.696157 0.583321 0)
(-0.744318 0.378171 0)
(-0.789478 0.142944 0)
(-0.830916 -0.121317 0)
(-0.864447 -0.410779 0)
(-0.881234 -0.71548 0)
(-0.867077 -1.01444 0)
(-0.803355 -1.26927 0)
(-0.671369 -1.41835 0)
(-0.464772 -1.37775 0)
(-0.221383 -1.06154 0)
(-0.049126 -0.434815 0)
(-0.025299 0.347361 0)
(-0.107701 0.804825 0)
(-0.224296 1.05352 0)
(-0.329335 1.14906 0)
(-0.407643 1.14232 0)
(-0.46118 1.06901 0)
(-0.496239 0.951105 0)
(-0.520156 0.800471 0)
(-0.540073 0.622171 0)
(-0.56213 0.41706 0)
(-0.590891 0.183738 0)
(-0.628614 -0.0797796 0)
(-0.674049 -0.374098 0)
(-0.720586 -0.695268 0)
(-0.754029 -1.02918 0)
(-0.751004 -1.34231 0)
(-0.680281 -1.56914 0)
(-0.514684 -1.6023 0)
(-0.272489 -1.30368 0)
(-0.0682842 -0.568689 0)
(-0.037941 0.41512 0)
(-0.139577 0.920153 0)
(-0.257118 1.16073 0)
(-0.337666 1.22678 0)
(-0.372954 1.18888 0)
(-0.374172 1.09105 0)
(-0.354452 0.957826 0)
(-0.325832 0.801097 0)
(-0.298813 0.624957 0)
(-0.282238 0.428847 0)
(-0.283324 0.209511 0)
(-0.307421 -0.0377785 0)
(-0.357049 -0.318021 0)
(-0.42986 -0.634254 0)
(-0.515166 -0.98251 0)
(-0.589178 -1.34099 0)
(-0.61091 -1.65057 0)
(-0.528748 -1.78911 0)
(-0.324822 -1.55885 0)
(-0.0945476 -0.738659 0)
(-0.061603 0.511939 0)
(-0.192359 1.05038 0)
(-0.298948 1.24979 0)
(-0.329445 1.26046 0)
(-0.293954 1.17705 0)
(-0.218521 1.04963 0)
(-0.124528 0.902318 0)
(-0.0283485 0.744778 0)
(0.0572315 0.578841 0)
(0.121949 0.402125 0)
(0.157146 0.209802 0)
(0.155287 -0.00474758 0)
(0.110296 -0.249786 0)
(0.0190654 -0.534586 0)
(-0.114854 -0.866626 0)
(-0.273941 -1.24202 0)
(-0.415765 -1.62195 0)
(-0.468215 -1.88942 0)
(-0.361641 -1.796 0)
(-0.126318 -0.951118 0)
(-0.100318 0.663638 0)
(-0.264348 1.19043 0)
(-0.320504 1.29047 0)
(-0.250656 1.21424 0)
(-0.104122 1.07535 0)
(0.0748079 0.920589 0)
(0.258737 0.767419 0)
(0.430142 0.619781 0)
(0.577023 0.475614 0)
(0.69037 0.33035 0)
(0.762372 0.178106 0)
(0.785264 0.0116881 0)
(0.750979 -0.178226 0)
(0.651463 -0.404242 0)
(0.481031 -0.682896 0)
(0.243748 -1.03022 0)
(-0.0308966 -1.44138 0)
(-0.268107 -1.83677 0)
(-0.341169 -1.95769 0)
(-0.14969 -1.21104 0)
(-0.140746 0.90799 0)
(-0.306693 1.29758 0)
(-0.205695 1.20628 0)
(0.0482477 1.02345 0)
(0.346824 0.841743 0)
(0.641143 0.681176 0)
(0.91002 0.543866 0)
(1.14277 0.425148 0)
(1.33356 0.318537 0)
(1.4784 0.217749 0)
(1.57314 0.11688 0)
(1.61223 0.0097653 0)
(1.58811 -0.111165 0)
(1.49018 -0.257375 0)
(1.30474 -0.447478 0)
(1.01842 -0.710569 0)
(0.630288 -1.08008 0)
(0.179655 -1.55025 0)
(-0.170558 -1.93321 0)
(-0.111633 -1.48566 0)
(-0.0347621 1.1658 0)
(-0.0501738 1.21169 0)
(0.399247 0.890107 0)
(0.904363 0.647637 0)
(1.33683 0.478876 0)
(1.695 0.356792 0)
(1.98876 0.266611 0)
(2.22458 0.197532 0)
(2.40748 0.141297 0)
(2.54081 0.0919939 0)
(2.62555 0.0452721 0)
(2.66001 -0.00258297 0)
(2.63929 -0.0556555 0)
(2.55391 -0.120322 0)
(2.38772 -0.208528 0)
(2.1145 -0.345225 0)
(1.69408 -0.580287 0)
(1.07747 -0.984235 0)
(0.384905 -1.5247 0)
(0.183209 -1.52595 0)
(1.31177 0.644447 0)
(1.68053 0.57061 0)
(2.34959 0.360787 0)
(2.87365 0.226054 0)
(3.21243 0.146009 0)
(3.44295 0.096166 0)
(3.60925 0.0642241 0)
(3.73039 0.0429642 0)
(3.81673 0.0277711 0)
(3.87441 0.0158049 0)
(3.90646 0.00531733 0)
(3.91352 -0.00487766 0)
(3.89405 -0.0159287 0)
(3.84374 -0.0293982 0)
(3.75336 -0.048443 0)
(3.60312 -0.0808076 0)
(3.34671 -0.146703 0)
(2.86114 -0.292293 0)
(2.06709 -0.568992 0)
(1.5018 -0.706019 0)
)
;

boundaryField
{
    movingWall
    {
        type            fixedValue;
        value           uniform (4.6 0 0);
    }
    fixedWalls
    {
        type            noSlip;
    }
    frontAndBack
    {
        type            empty;
    }
}


// ************************************************************************* //
