/*--------------------------------*- C++ -*----------------------------------*\
  =========                 |
  \\      /  F ield         | OpenFOAM: The Open Source CFD Toolbox
   \\    /   O peration     | Website:  https://openfoam.org
    \\  /    A nd           | Version:  8
     \\/     M anipulation  |
\*---------------------------------------------------------------------------*/
FoamFile
{
    version     2.0;
    format      ascii;
    class       volScalarField;
    location    "0.1";
    object      p;
}
// * * * * * * * * * * * * * * * * * * * * * * * * * * * * * * * * * * * * * //

dimensions      [0 2 -2 0 0 0 0];

internalField   nonuniform List<scalar> 
400
(
-1.03486e-06
-0.0231937
-0.0507089
-0.0713141
-0.0790514
-0.0714494
-0.0482191
-0.0105025
0.0394683
0.0984328
0.162092
0.2252
0.281911
0.326427
0.353946
0.361792
0.350538
0.324889
0.294069
0.271361
0.0225517
-0.00142843
-0.0229004
-0.0368779
-0.0409222
-0.0333511
-0.0138031
0.0169957
0.0574457
0.105081
0.156549
0.207705
0.253898
0.290533
0.313837
0.321758
0.314807
0.296432
0.272067
0.248971
0.0509971
0.0180512
-0.00482956
-0.0173326
-0.020525
-0.0137289
0.00317817
0.0296114
0.0643932
0.105639
0.150637
0.195862
0.237204
0.270444
0.291963
0.29957
0.293324
0.275631
0.248852
0.216494
0.0748123
0.0298604
0.00189788
-0.0120831
-0.0161887
-0.0106603
0.00432322
0.0282167
0.060154
0.098689
0.141536
0.185469
0.226454
0.260085
0.282271
0.290122
0.282949
0.262295
0.228254
0.182416
0.086432
0.0292975
-0.00463753
-0.0210609
-0.0267163
-0.0225991
-0.00910585
0.0133005
0.0440762
0.0821926
0.125724
0.171606
0.215664
0.252969
0.27854
0.288356
0.280657
0.256086
0.212856
0.151596
0.079863
0.0111042
-0.0288537
-0.0479962
-0.0553848
-0.0526083
-0.0401624
-0.0183337
0.0127276
0.0524616
0.0993237
0.150384
0.201199
0.246068
0.278722
0.2935
0.2871
0.258994
0.205523
0.126907
0.0499809
-0.0296687
-0.0753309
-0.0970917
-0.106132
-0.104521
-0.0927397
-0.0707775
-0.0382647
0.00484037
0.0575053
0.117028
0.178701
0.235882
0.280608
0.304955
0.303358
0.273493
0.209312
0.110779
-0.00796467
-0.0977363
-0.148546
-0.172532
-0.182935
-0.18227
-0.170916
-0.148433
-0.113753
-0.066006
-0.00544767
0.065711
0.142675
0.217837
0.281185
0.321776
0.330735
0.302809
0.228306
0.106607
-0.0985868
-0.197775
-0.25297
-0.278459
-0.289669
-0.289628
-0.278587
-0.255548
-0.218524
-0.165502
-0.0955541
-0.00993974
0.0868781
0.186544
0.276793
0.34285
0.371132
0.351623
0.2687
0.120144
-0.226481
-0.334553
-0.39303
-0.418687
-0.429574
-0.429472
-0.418549
-0.395146
-0.35612
-0.297924
-0.21791
-0.115726
0.00522217
0.136414
0.26347
0.367108
0.42736
0.426785
0.340063
0.161136
-0.396466
-0.513194
-0.573076
-0.596281
-0.60448
-0.602693
-0.591153
-0.567467
-0.527075
-0.464474
-0.374674
-0.254867
-0.10638
0.0631713
0.238027
0.39422
0.503755
0.538277
0.457005
0.245637
-0.61433
-0.739809
-0.797475
-0.813041
-0.813814
-0.806861
-0.792686
-0.768071
-0.726762
-0.660847
-0.562354
-0.425104
-0.247089
-0.0334465
0.200257
0.426204
0.6074
0.700625
0.641549
0.399568
-0.888814
-1.02287
-1.07086
-1.06884
-1.0534
-1.03472
-1.01369
-0.986016
-0.94335
-0.874891
-0.769085
-0.615539
-0.407614
-0.146046
0.156298
0.470159
0.750233
0.935029
0.926613
0.664699
-1.23642
-1.37586
-1.39843
-1.36062
-1.314
-1.27274
-1.23765
-1.20269
-1.1567
-1.08541
-0.973142
-0.804648
-0.56759
-0.256364
0.122086
0.541398
0.951633
1.27212
1.36123
1.10924
-1.69242
-1.82186
-1.78557
-1.68033
-1.57934
-1.49974
-1.44043
-1.39197
-1.33921
-1.26342
-1.14438
-0.961586
-0.696351
-0.335207
0.124216
0.664606
1.23936
1.7535
2.01667
1.84494
-2.33326
-2.40007
-2.23575
-2.0116
-1.82384
-1.68628
-1.59126
-1.52269
-1.45958
-1.37706
-1.25011
-1.05276
-0.759687
-0.348634
0.195089
0.870451
1.64676
2.42891
2.98792
3.04558
-3.32245
-3.17239
-2.74764
-2.32924
-2.01426
-1.79814
-1.65814
-1.56603
-1.49092
-1.40149
-1.26666
-1.05507
-0.734678
-0.273624
0.358063
1.1835
2.20352
3.3477
4.39264
4.9755
-5.0655
-4.22045
-3.28581
-2.58071
-2.10073
-1.79416
-1.61078
-1.50139
-1.42141
-1.33143
-1.19489
-0.975495
-0.635009
-0.131041
0.585501
1.57191
2.88084
4.51313
6.39284
8.18092
-8.71001
-5.57088
-3.57931
-2.52721
-1.91543
-1.56382
-1.38174
-1.2935
-1.24017
-1.17651
-1.06357
-0.863212
-0.534577
-0.027487
0.725488
1.82375
3.40665
5.66849
9.09588
13.9149
-15.5885
-6.86848
-3.06083
-1.79337
-1.24647
-0.994115
-0.916373
-0.924214
-0.954258
-0.963432
-0.916915
-0.78099
-0.517746
-0.0802713
0.600445
1.6457
3.2972
6.11265
11.7711
22.3556
)
;

boundaryField
{
    movingWall
    {
        type            zeroGradient;
    }
    fixedWalls
    {
        type            zeroGradient;
    }
    frontAndBack
    {
        type            empty;
    }
}


// ************************************************************************* //
