/*--------------------------------*- C++ -*----------------------------------*\
  =========                 |
  \\      /  F ield         | OpenFOAM: The Open Source CFD Toolbox
   \\    /   O peration     | Website:  https://openfoam.org
    \\  /    A nd           | Version:  8
     \\/     M anipulation  |
\*---------------------------------------------------------------------------*/
FoamFile
{
    version     2.0;
    format      ascii;
    class       surfaceScalarField;
    location    "0.1";
    object      phi;
}
// * * * * * * * * * * * * * * * * * * * * * * * * * * * * * * * * * * * * * //

dimensions      [0 3 -1 0 0 0 0];

internalField   nonuniform List<scalar> 
760
(
5.04853e-08
-5.04811e-08
-1.00585e-07
1.51072e-07
-4.62451e-07
3.61862e-07
-9.67105e-07
5.04651e-07
-1.54142e-06
5.74308e-07
-2.1202e-06
5.78782e-07
-2.64796e-06
5.2776e-07
-3.07792e-06
4.29954e-07
-3.37103e-06
2.93112e-07
-3.4967e-06
1.25671e-07
-3.43548e-06
-6.12214e-08
-3.18327e-06
-2.52214e-07
-2.7558e-06
-4.27467e-07
-2.19191e-06
-5.63891e-07
-1.55382e-06
-6.38092e-07
-9.22956e-07
-6.30866e-07
-3.90195e-07
-5.32762e-07
-4.03676e-08
-3.49827e-07
7.35565e-08
-1.13921e-07
7.35578e-08
-1.48151e-07
9.76767e-08
-7.37992e-07
7.40909e-07
-1.73407e-06
1.35795e-06
-3.01255e-06
1.78313e-06
-4.4271e-06
1.98886e-06
-5.83532e-06
1.987e-06
-7.10881e-06
1.80125e-06
-8.13651e-06
1.45766e-06
-8.82667e-06
9.83266e-07
-9.11031e-06
4.0932e-07
-8.94746e-06
-2.24075e-07
-8.33496e-06
-8.64712e-07
-7.31426e-06
-1.44816e-06
-5.976e-06
-1.90214e-06
-4.45841e-06
-2.15568e-06
-2.93636e-06
-2.15292e-06
-1.59913e-06
-1.86999e-06
-6.16637e-07
-1.33231e-06
-9.40356e-08
-6.3652e-07
-2.04788e-08
-3.8366e-07
4.81336e-07
-1.44574e-06
1.80298e-06
-3.0457e-06
2.9579e-06
-4.99898e-06
3.73641e-06
-7.10663e-06
4.0965e-06
-9.17601e-06
4.05639e-06
-1.10316e-05
3.65685e-06
-1.25204e-05
2.94646e-06
-1.3516e-05
1.97885e-06
-1.39243e-05
8.17576e-07
-1.36915e-05
-4.5684e-07
-1.28143e-05
-1.74191e-06
-1.13489e-05
-2.91356e-06
-9.41684e-06
-3.83421e-06
-7.20296e-06
-4.36956e-06
-4.94204e-06
-4.41384e-06
-2.89124e-06
-3.92078e-06
-1.28931e-06
-2.93425e-06
-3.06934e-07
-1.61889e-06
-3.27412e-07
-5.99047e-07
1.08039e-06
-2.11685e-06
3.32078e-06
-4.29302e-06
5.13406e-06
-6.86945e-06
6.31285e-06
-9.59673e-06
6.82378e-06
-1.22434e-05
6.70305e-06
-1.46016e-05
6.01509e-06
-1.64907e-05
4.83559e-06
-1.7761e-05
3.2491e-06
-1.82995e-05
1.35612e-06
-1.80394e-05
-7.1694e-07
-1.69709e-05
-2.81049e-06
-1.51525e-05
-4.73188e-06
-1.27203e-05
-6.26646e-06
-9.88813e-06
-7.20172e-06
-6.93708e-06
-7.36489e-06
-4.1878e-06
-6.67007e-06
-1.95726e-06
-5.16478e-06
-5.06948e-07
-3.0692e-06
-8.34356e-07
-7.92689e-07
1.87308e-06
-2.73812e-06
5.26621e-06
-5.45938e-06
7.85532e-06
-8.62081e-06
9.47427e-06
-1.1923e-05
1.01259e-05
-1.51014e-05
9.88152e-06
-1.79251e-05
8.83877e-06
-2.01949e-05
7.10534e-06
-2.17444e-05
4.79867e-06
-2.24449e-05
2.05656e-06
-2.22132e-05
-9.48622e-07
-2.10246e-05
-3.99905e-06
-1.89273e-05
-6.82921e-06
-1.60561e-05
-9.13765e-06
-1.26411e-05
-1.06168e-05
-9.00319e-06
-1.10028e-05
-5.53163e-06
-1.01416e-05
-2.63895e-06
-8.05747e-06
-7.01232e-07
-5.00692e-06
-1.53559e-06
-9.69615e-07
2.84269e-06
-3.31418e-06
7.61077e-06
-6.54797e-06
1.10891e-05
-1.02591e-05
1.31854e-05
-1.41003e-05
1.39671e-05
-1.77792e-05
1.35605e-05
-2.10487e-05
1.21083e-05
-2.36983e-05
9.75495e-06
-2.55505e-05
6.6508e-06
-2.64614e-05
2.96748e-06
-2.63281e-05
-1.0819e-06
-2.51015e-05
-5.2257e-06
-2.28046e-05
-9.12606e-06
-1.95548e-05
-1.23874e-05
-1.55834e-05
-1.45882e-05
-1.12444e-05
-1.53417e-05
-7.00161e-06
-1.43845e-05
-3.38358e-06
-1.16755e-05
-9.09706e-07
-7.48078e-06
-2.4453e-06
-1.1339e-06
3.97659e-06
-3.85069e-06
1.03276e-05
-7.56182e-06
1.48002e-05
-1.17823e-05
1.74059e-05
-1.61213e-05
1.8306e-05
-2.02648e-05
1.7704e-05
-2.39572e-05
1.58007e-05
-2.69849e-05
1.27826e-05
-2.91649e-05
8.83082e-06
-3.03412e-05
4.14383e-06
-3.03882e-05
-1.03488e-06
-2.92233e-05
-6.39062e-06
-2.68293e-05
-1.15201e-05
-2.32856e-05
-1.59311e-05
-1.88037e-05
-1.907e-05
-1.37566e-05
-2.03888e-05
-8.68298e-06
-1.94581e-05
-4.24877e-06
-1.61097e-05
-1.15491e-06
-1.05746e-05
-3.60021e-06
-1.28815e-06
5.26474e-06
-4.35084e-06
1.33902e-05
-8.49821e-06
1.89476e-05
-1.31747e-05
2.20824e-05
-1.79512e-05
2.30825e-05
-2.25008e-05
2.22536e-05
-2.65699e-05
1.98698e-05
-2.9952e-05
1.61647e-05
-3.24684e-05
1.13473e-05
-3.3957e-05
5.63238e-06
-3.42704e-05
-7.21504e-07
-3.32864e-05
-7.37463e-06
-3.09323e-05
-1.38742e-05
-2.72254e-05
-1.9638e-05
-2.23275e-05
-2.39679e-05
-1.66019e-05
-2.61145e-05
-1.065e-05
-2.541e-05
-5.29191e-06
-2.14678e-05
-1.46022e-06
-1.44063e-05
-5.06043e-06
-1.43471e-06
6.69944e-06
-4.81714e-06
1.67727e-05
-9.35041e-06
2.34809e-05
-1.4408e-05
2.71399e-05
-1.95291e-05
2.82037e-05
-2.43856e-05
2.71101e-05
-2.874e-05
2.42242e-05
-3.24084e-05
1.98331e-05
-3.52305e-05
1.41693e-05
-3.70498e-05
7.45169e-06
-3.77049e-05
-6.64459e-08
-3.70336e-05
-8.04592e-06
-3.48961e-05
-1.60117e-05
-3.12213e-05
-2.33127e-05
-2.60804e-05
-2.91088e-05
-1.97801e-05
-3.24148e-05
-1.29491e-05
-3.2241e-05
-6.56467e-06
-2.78522e-05
-1.84993e-06
-1.91211e-05
-6.91036e-06
-1.5788e-06
8.27824e-06
-5.25796e-06
2.04518e-05
-1.01153e-05
2.83382e-05
-1.54483e-05
3.24729e-05
-2.07733e-05
3.35287e-05
-2.5777e-05
3.21137e-05
-3.02578e-05
2.87051e-05
-3.40746e-05
2.36499e-05
-3.7106e-05
1.72007e-05
-3.92205e-05
9.56623e-06
-4.02586e-05
9.71638e-07
-4.00277e-05
-8.27685e-06
-3.83173e-05
-1.7722e-05
-3.49449e-05
-2.66851e-05
-2.9843e-05
-3.42107e-05
-2.31922e-05
-3.90656e-05
-1.55786e-05
-3.98546e-05
-8.10755e-06
-3.53233e-05
-2.35056e-06
-2.48781e-05
-9.26092e-06
-1.73401e-06
1.00122e-05
-5.69825e-06
2.44161e-05
-1.08053e-05
3.34453e-05
-1.62668e-05
3.79344e-05
-2.15894e-05
3.88513e-05
-2.64985e-05
3.70228e-05
-3.08551e-05
3.30617e-05
-3.45875e-05
2.73823e-05
-3.76392e-05
2.02524e-05
-3.99302e-05
1.18572e-05
-4.13285e-05
2.36999e-06
-4.16332e-05
-7.97213e-06
-4.05745e-05
-1.87807e-05
-3.7847e-05
-2.94127e-05
-3.31975e-05
-3.88602e-05
-2.65914e-05
-4.56717e-05
-1.84569e-05
-4.79892e-05
-9.9408e-06
-4.38393e-05
-2.99304e-06
-3.18258e-05
-1.2254e-05
-1.93119e-06
1.19434e-05
-6.19458e-06
2.86795e-05
-1.1462e-05
3.87127e-05
-1.68469e-05
4.33194e-05
-2.18723e-05
4.38767e-05
-2.63394e-05
4.14899e-05
-3.02075e-05
3.69298e-05
-3.35063e-05
3.06812e-05
-3.62742e-05
2.30203e-05
-3.85133e-05
1.40963e-05
-4.0153e-05
4.00972e-06
-4.10194e-05
-7.10572e-06
-4.08143e-05
-1.89858e-05
-3.91214e-05
-3.11056e-05
-3.54723e-05
-4.25094e-05
-2.95217e-05
-5.16223e-05
-2.13758e-05
-5.61351e-05
-1.20469e-05
-5.31682e-05
-3.81558e-06
-4.00572e-05
-1.60695e-05
-2.23292e-06
1.41763e-05
-6.85276e-06
3.32993e-05
-1.21616e-05
4.40215e-05
-1.71749e-05
4.83327e-05
-2.14862e-05
4.81879e-05
-2.50312e-05
4.50349e-05
-2.79154e-05
3.98139e-05
-3.03052e-05
3.30709e-05
-3.23625e-05
2.50776e-05
-3.42e-05
1.59338e-05
-3.58436e-05
5.65326e-06
-3.71911e-05
-5.75825e-06
-3.79683e-05
-1.82085e-05
-3.76945e-05
-3.13794e-05
-3.5696e-05
-4.45078e-05
-3.12449e-05
-5.60734e-05
-2.39303e-05
-6.34497e-05
-1.43362e-05
-6.27624e-05
-4.86613e-06
-4.95272e-05
-2.09357e-05
-2.75631e-06
1.69327e-05
-7.84039e-06
3.83834e-05
-1.2992e-05
4.91731e-05
-1.71815e-05
5.25222e-05
-2.01851e-05
5.11916e-05
-2.21664e-05
4.70162e-05
-2.34353e-05
4.10828e-05
-2.43274e-05
3.39631e-05
-2.51462e-05
2.58964e-05
-2.61306e-05
1.69182e-05
-2.74267e-05
6.94937e-06
-2.90471e-05
-4.13788e-06
-3.08085e-05
-1.64471e-05
-3.22518e-05
-2.99361e-05
-3.25738e-05
-4.41859e-05
-3.06622e-05
-5.7985e-05
-2.54143e-05
-6.86976e-05
-1.65773e-05
-7.15993e-05
-6.19746e-06
-5.99071e-05
-2.71331e-05
-3.70207e-06
2.06347e-05
-9.36254e-06
4.40439e-05
-1.39374e-05
5.3748e-05
-1.65587e-05
5.51434e-05
-1.7404e-05
5.20369e-05
-1.69955e-05
4.66077e-05
-1.59066e-05
3.99939e-05
-1.46556e-05
3.2712e-05
-1.36798e-05
2.49207e-05
-1.33299e-05
1.65683e-05
-1.38697e-05
7.4892e-06
-1.54482e-05
-2.55939e-06
-1.80362e-05
-1.38591e-05
-2.13121e-05
-2.66602e-05
-2.45002e-05
-4.09977e-05
-2.62337e-05
-5.62515e-05
-2.46631e-05
-7.02682e-05
-1.82495e-05
-7.8013e-05
-7.82644e-06
-7.03301e-05
-3.49596e-05
-5.35324e-06
2.5988e-05
-1.14838e-05
5.01745e-05
-1.4509e-05
5.67731e-05
-1.42964e-05
5.49309e-05
-1.17918e-05
4.95323e-05
-8.01499e-06
4.28309e-05
-3.81905e-06
3.57979e-05
1.33925e-07
2.87591e-05
3.33771e-06
2.17169e-05
5.38315e-06
1.45229e-05
5.93668e-06
6.93566e-06
4.73294e-06
-1.35564e-06
1.61713e-06
-1.07433e-05
-3.34032e-06
-2.17028e-05
-9.61704e-06
-3.4721e-05
-1.59005e-05
-4.99681e-05
-1.98069e-05
-6.63618e-05
-1.82245e-05
-7.95954e-05
-9.57174e-06
-7.89828e-05
-4.45313e-05
-7.8958e-06
3.38838e-05
-1.34259e-05
5.57046e-05
-1.27249e-05
5.60722e-05
-7.64434e-06
4.98503e-05
-3.24393e-07
4.22123e-05
7.71785e-06
3.47887e-05
1.5483e-05
2.80328e-05
2.23201e-05
2.19219e-05
2.77817e-05
1.62553e-05
3.15231e-05
1.07815e-05
3.32322e-05
5.22655e-06
3.25965e-05
-7.1997e-07
2.93078e-05
-7.4546e-06
2.31271e-05
-1.5522e-05
1.40948e-05
-2.56887e-05
2.99176e-06
-3.8865e-05
-7.90501e-06
-5.5465e-05
-1.41793e-05
-7.33212e-05
-1.06267e-05
-8.25354e-05
-5.5158e-05
-1.05843e-05
4.44681e-05
-1.13019e-05
5.64222e-05
-2.62265e-06
4.73929e-05
9.883e-06
3.73447e-05
2.30476e-05
2.90478e-05
3.53916e-05
2.24447e-05
4.62175e-05
1.72069e-05
5.51938e-05
1.29456e-05
6.21426e-05
9.30645e-06
6.69209e-05
6.0032e-06
6.93509e-05
2.79662e-06
6.91759e-05
-5.45053e-07
6.60275e-05
-4.30618e-06
5.94104e-05
-8.90485e-06
4.87754e-05
-1.50538e-05
3.38648e-05
-2.39544e-05
1.57042e-05
-3.73044e-05
-1.46558e-06
-5.61514e-05
-8.66539e-06
-7.53355e-05
-6.38234e-05
-6.4241e-06
5.08922e-05
9.1198e-06
4.08783e-05
3.09051e-05
2.56076e-05
5.11742e-05
1.70756e-05
6.83535e-05
1.18684e-05
8.24221e-05
8.37615e-06
9.36659e-05
5.96302e-06
0.000102392
4.2197e-06
0.000108833
2.86522e-06
0.000113117
1.71909e-06
0.000115253
6.60506e-07
0.000115121
-4.12944e-07
0.000112419
-1.60427e-06
0.000106598
-3.08341e-06
9.67215e-05
-5.17749e-06
8.13807e-05
-8.61356e-06
5.91035e-05
-1.50272e-05
3.04502e-05
-2.74982e-05
3.83503e-06
-4.87204e-05
-5.99884e-05
5.08922e-05
9.17705e-05
0.000117378
0.000134454
0.000146322
0.000154698
0.000160661
0.000164881
0.000167746
0.000169465
0.000170126
0.000169713
0.000168109
0.000165025
0.000159848
0.000151234
0.000136207
0.000108709
5.99884e-05
)
;

boundaryField
{
    movingWall
    {
        type            calculated;
        value           uniform 0;
    }
    fixedWalls
    {
        type            calculated;
        value           uniform 0;
    }
    frontAndBack
    {
        type            empty;
        value           nonuniform List<scalar> 0();
    }
}


// ************************************************************************* //
