/*--------------------------------*- C++ -*----------------------------------*\
  =========                 |
  \\      /  F ield         | OpenFOAM: The Open Source CFD Toolbox
   \\    /   O peration     | Website:  https://openfoam.org
    \\  /    A nd           | Version:  8
     \\/     M anipulation  |
\*---------------------------------------------------------------------------*/
FoamFile
{
    version     2.0;
    format      ascii;
    class       surfaceScalarField;
    location    "0.2";
    object      phi;
}
// * * * * * * * * * * * * * * * * * * * * * * * * * * * * * * * * * * * * * //

dimensions      [0 3 -1 0 0 0 0];

internalField   nonuniform List<scalar> 
760
(
3.23388e-08
-3.24398e-08
-5.77752e-08
9.01121e-08
-2.78857e-07
2.21081e-07
-5.9038e-07
3.11524e-07
-9.46183e-07
3.55804e-07
-1.30386e-06
3.57679e-07
-1.62717e-06
3.23307e-07
-1.88642e-06
2.59253e-07
-2.05836e-06
1.71941e-07
-2.12642e-06
6.80647e-08
-2.08171e-06
-4.47099e-08
-1.92453e-06
-1.57186e-07
-1.66602e-06
-2.58504e-07
-1.32942e-06
-3.36602e-07
-9.50087e-07
-3.79334e-07
-5.73755e-07
-3.76332e-07
-2.52175e-07
-3.2158e-07
-3.56769e-08
-2.16497e-07
4.07264e-08
-7.64014e-08
4.07282e-08
-8.64165e-08
5.39796e-08
-4.42143e-07
4.45833e-07
-1.05074e-06
8.29674e-07
-1.8374e-06
1.09818e-06
-2.7099e-06
1.2283e-06
-3.57659e-06
1.22437e-06
-4.35487e-06
1.10159e-06
-4.97509e-06
8.79475e-07
-5.38247e-06
5.79325e-07
-5.53896e-06
2.24556e-07
-5.42566e-06
-1.58006e-07
-5.0458e-06
-5.3705e-07
-4.42748e-06
-8.76822e-07
-3.6252e-06
-1.13888e-06
-2.71863e-06
-1.2859e-06
-1.80736e-06
-1.28761e-06
-1.00002e-06
-1.12892e-06
-3.97234e-07
-8.19287e-07
-6.65897e-08
-4.07051e-07
-2.58603e-08
-2.2789e-07
2.81863e-07
-8.69758e-07
1.0877e-06
-1.8469e-06
1.80682e-06
-3.04706e-06
2.29834e-06
-4.3444e-06
2.52565e-06
-5.61508e-06
2.49505e-06
-6.74668e-06
2.2332e-06
-7.64363e-06
1.77643e-06
-8.2306e-06
1.1663e-06
-8.45549e-06
4.49445e-07
-8.2928e-06
-3.20695e-07
-7.74736e-06
-1.08249e-06
-6.85765e-06
-1.76653e-06
-5.69745e-06
-2.29908e-06
-4.37414e-06
-2.60921e-06
-3.02174e-06
-2.64001e-06
-1.78741e-06
-2.36325e-06
-8.11048e-07
-1.79564e-06
-1.99406e-07
-1.0187e-06
-2.25266e-07
-3.56881e-07
6.38743e-07
-1.27562e-06
2.00644e-06
-2.60576e-06
3.13696e-06
-4.18899e-06
3.88156e-06
-5.86658e-06
4.20324e-06
-7.48906e-06
4.11753e-06
-8.92308e-06
3.66722e-06
-1.0056e-05
2.90931e-06
-1.07988e-05
1.90919e-06
-1.10898e-05
7.40444e-07
-1.08976e-05
-5.12885e-07
-1.02258e-05
-1.75433e-06
-9.11681e-06
-2.87553e-06
-7.65477e-06
-3.76111e-06
-5.96482e-06
-4.29917e-06
-4.20694e-06
-4.39789e-06
-2.56276e-06
-4.00743e-06
-1.21498e-06
-3.14343e-06
-3.2253e-07
-1.91114e-06
-5.47795e-07
-4.73442e-07
1.11219e-06
-1.65451e-06
3.18751e-06
-3.32216e-06
4.80462e-06
-5.2683e-06
5.8277e-06
-7.30048e-06
6.23542e-06
-9.24637e-06
6.06341e-06
-1.09568e-05
5.37764e-06
-1.23075e-05
4.26001e-06
-1.32006e-05
2.80232e-06
-1.35668e-05
1.1066e-06
-1.33683e-05
-7.1141e-07
-1.26037e-05
-2.5189e-06
-1.13134e-05
-4.16582e-06
-9.58432e-06
-5.49018e-06
-7.55239e-06
-6.3311e-06
-5.39958e-06
-6.5507e-06
-3.34308e-06
-6.06393e-06
-1.61563e-06
-4.87087e-06
-4.39287e-07
-3.08749e-06
-9.87082e-07
-5.82055e-07
1.69424e-06
-2.01331e-06
4.61875e-06
-4.0048e-06
6.79611e-06
-6.2976e-06
8.1205e-06
-8.66545e-06
8.60327e-06
-1.09154e-05
8.31332e-06
-1.28862e-05
7.34849e-06
-1.44466e-05
5.8204e-06
-1.54932e-05
3.8489e-06
-1.59506e-05
1.56403e-06
-1.57737e-05
-8.88315e-07
-1.49522e-05
-3.34043e-06
-1.35177e-05
-5.60026e-06
-1.15524e-05
-7.45551e-06
-9.19591e-06
-8.68758e-06
-6.64853e-06
-9.09808e-06
-4.16503e-06
-8.54743e-06
-2.0364e-06
-6.9995e-06
-5.59718e-07
-4.56418e-06
-1.5468e-06
-6.86984e-07
2.38122e-06
-2.36032e-06
6.29209e-06
-4.66338e-06
9.09917e-06
-7.28583e-06
1.07429e-05
-9.96849e-06
1.12859e-05
-1.25008e-05
1.08456e-05
-1.47142e-05
9.56192e-06
-1.64751e-05
7.58132e-06
-1.76788e-05
5.05261e-06
-1.82462e-05
2.13136e-06
-1.81238e-05
-1.01072e-06
-1.72885e-05
-4.17571e-06
-1.57563e-05
-7.13247e-06
-1.35949e-05
-9.61685e-06
-1.09385e-05
-1.1344e-05
-7.99906e-06
-1.20375e-05
-5.06859e-06
-1.14779e-05
-2.50469e-06
-9.5634e-06
-6.94895e-07
-6.37398e-06
-2.24169e-06
-7.9178e-07
3.173e-06
-2.70272e-06
8.20302e-06
-5.30448e-06
1.17009e-05
-8.23364e-06
1.36721e-05
-1.12e-05
1.42523e-05
-1.39802e-05
1.36258e-05
-1.64049e-05
1.19867e-05
-1.83453e-05
9.52172e-06
-1.97013e-05
6.40853e-06
-2.03936e-05
2.82374e-06
-2.03617e-05
-1.04264e-06
-1.95663e-05
-4.97115e-06
-1.79999e-05
-8.69883e-06
-1.57045e-05
-1.19122e-05
-1.27946e-05
-1.42539e-05
-9.48134e-06
-1.53508e-05
-6.08872e-06
-1.48705e-05
-3.04746e-06
-1.26047e-05
-8.55965e-07
-8.56547e-06
-3.09766e-06
-8.9987e-07
4.07287e-06
-3.04703e-06
1.03502e-05
-5.93127e-06
1.45852e-05
-9.13223e-06
1.68731e-05
-1.23317e-05
1.74517e-05
-1.53011e-05
1.65952e-05
-1.78803e-05
1.45658e-05
-1.99551e-05
1.15966e-05
-2.14392e-05
7.89256e-06
-2.22601e-05
3.64473e-06
-2.23533e-05
-9.49525e-07
-2.16619e-05
-5.6625e-06
-2.0148e-05
-1.02127e-05
-1.78136e-05
-1.42467e-05
-1.4734e-05
-1.73335e-05
-1.10987e-05
-1.8986e-05
-7.24859e-06
-1.87206e-05
-3.68903e-06
-1.61642e-05
-1.05427e-06
-1.12002e-05
-4.15193e-06
-1.01625e-06
5.08913e-06
-3.40217e-06
1.27361e-05
-6.54618e-06
1.77292e-05
-9.96437e-06
2.02912e-05
-1.33156e-05
2.0803e-05
-1.63783e-05
1.96579e-05
-1.90155e-05
1.7203e-05
-2.11423e-05
1.37234e-05
-2.26986e-05
9.44887e-06
-2.36294e-05
4.57559e-06
-2.3873e-05
-7.05996e-07
-2.33571e-05
-6.17834e-06
-2.20079e-05
-1.1562e-05
-1.97727e-05
-1.64819e-05
-1.66626e-05
-2.04436e-05
-1.28131e-05
-2.28355e-05
-8.55224e-06
-2.29815e-05
-4.44988e-06
-2.02666e-05
-1.30231e-06
-1.43478e-05
-5.45424e-06
-1.1505e-06
6.23962e-06
-3.78456e-06
1.53702e-05
-7.15503e-06
2.10997e-05
-1.07055e-05
2.38417e-05
-1.40821e-05
2.41797e-05
-1.70888e-05
2.26646e-05
-1.96327e-05
1.97469e-05
-2.16769e-05
1.57676e-05
-2.32045e-05
1.09764e-05
-2.41917e-05
5.56284e-06
-2.45909e-05
-3.06828e-07
-2.43214e-05
-6.44787e-06
-2.32725e-05
-1.26108e-05
-2.13247e-05
-1.84297e-05
-1.83963e-05
-2.3372e-05
-1.45243e-05
-2.67076e-05
-9.97331e-06
-2.75325e-05
-5.34469e-06
-2.48952e-05
-1.61548e-06
-1.8077e-05
-7.06972e-06
-1.32172e-06
7.56134e-06
-4.22501e-06
1.82735e-05
-7.77021e-06
2.46449e-05
-1.13207e-05
2.73922e-05
-1.45312e-05
2.73902e-05
-1.72611e-05
2.53945e-05
-1.94897e-05
2.19755e-05
-2.12518e-05
1.75298e-05
-2.25926e-05
1.23172e-05
-2.35361e-05
6.50627e-06
-2.40632e-05
2.20336e-07
-2.40975e-05
-6.41359e-06
-2.34988e-05
-1.32095e-05
-2.20756e-05
-1.9853e-05
-1.96276e-05
-2.58199e-05
-1.60398e-05
-3.02954e-05
-1.14362e-05
-3.21361e-05
-6.37788e-06
-2.99535e-05
-2.01486e-06
-2.244e-05
-9.08459e-06
-1.56664e-06
9.12797e-06
-4.77577e-06
2.14826e-05
-8.40696e-06
2.8276e-05
-1.17487e-05
3.07339e-05
-1.45084e-05
3.01499e-05
-1.66483e-05
2.75343e-05
-1.82567e-05
2.3584e-05
-1.94658e-05
1.87388e-05
-2.04003e-05
1.32518e-05
-2.11468e-05
7.25279e-06
-2.17307e-05
8.04245e-07
-2.20969e-05
-6.04739e-06
-2.20936e-05
-1.32128e-05
-2.1467e-05
-2.04796e-05
-1.98862e-05
-2.74007e-05
-1.70312e-05
-3.31504e-05
-1.2783e-05
-3.63843e-05
-7.53237e-06
-3.52042e-05
-2.53127e-06
-2.74411e-05
-1.16159e-05
-1.95189e-06
1.10799e-05
-5.51153e-06
2.50422e-05
-9.05751e-06
3.1822e-05
-1.18528e-05
3.35292e-05
-1.37459e-05
3.2043e-05
-1.48719e-05
2.86603e-05
-1.54711e-05
2.41832e-05
-1.57937e-05
1.90614e-05
-1.60534e-05
1.35115e-05
-1.64052e-05
7.60458e-06
-1.6929e-05
1.328e-06
-1.76103e-05
-5.36607e-06
-1.83142e-05
-1.25088e-05
-1.87568e-05
-2.0037e-05
-1.84938e-05
-2.76638e-05
-1.69711e-05
-3.4673e-05
-1.37144e-05
-3.96411e-05
-8.74088e-06
-4.01777e-05
-3.20851e-06
-3.29735e-05
-1.48244e-05
-2.58744e-06
1.36673e-05
-6.50171e-06
2.89565e-05
-9.60492e-06
3.49252e-05
-1.12993e-05
3.52235e-05
-1.17345e-05
3.24782e-05
-1.13102e-05
2.8236e-05
-1.0454e-05
2.33269e-05
-9.5358e-06
1.81433e-05
-8.84593e-06
1.28216e-05
-8.59468e-06
7.35333e-06
-8.9129e-06
1.64623e-06
-9.84009e-06
-4.43889e-06
-1.12938e-05
-1.10551e-05
-1.30178e-05
-1.8313e-05
-1.45197e-05
-2.61618e-05
-1.50429e-05
-3.41498e-05
-1.36798e-05
-4.10042e-05
-9.81036e-06
-4.40471e-05
-4.09294e-06
-3.86909e-05
-1.89173e-05
-3.6128e-06
1.72801e-05
-7.67786e-06
3.30216e-05
-9.58397e-06
3.68314e-05
-9.28497e-06
3.49245e-05
-7.47851e-06
3.06717e-05
-4.90893e-06
2.56664e-05
-2.18272e-06
2.06007e-05
2.53839e-07
1.57067e-05
2.08445e-06
1.0991e-05
3.08522e-06
6.35257e-06
3.10046e-06
1.63098e-06
2.039e-06
-3.37743e-06
-1.01173e-07
-8.91496e-06
-3.16883e-06
-1.52454e-05
-6.74785e-06
-2.25828e-05
-1.00162e-05
-3.08814e-05
-1.16764e-05
-3.93439e-05
-1.0229e-05
-4.54945e-05
-5.1607e-06
-4.37592e-05
-2.4078e-05
-5.05777e-06
2.23379e-05
-8.38203e-06
3.63458e-05
-7.58986e-06
3.60392e-05
-3.99609e-06
3.13308e-05
9.10272e-07
2.57654e-05
6.08129e-06
2.04954e-05
1.08533e-05
1.58287e-05
1.48261e-05
1.17339e-05
1.77559e-05
8.06126e-06
1.94783e-05
4.63014e-06
1.98621e-05
1.2472e-06
1.87886e-05
-2.30394e-06
1.61594e-05
-6.28578e-06
1.1948e-05
-1.1034e-05
6.32805e-06
-1.69628e-05
-8.53768e-08
-2.4468e-05
-5.90333e-06
-3.3526e-05
-8.74233e-06
-4.26555e-05
-6.07869e-06
-4.64229e-05
-3.01567e-05
-6.29431e-06
2.86322e-05
-6.06121e-06
3.61127e-05
2.81958e-08
2.99498e-05
8.32271e-06
2.30362e-05
1.67413e-05
1.73468e-05
2.4333e-05
1.29037e-05
3.06943e-05
9.46738e-06
3.56785e-05
6.74974e-06
3.9241e-05
4.49869e-06
4.13563e-05
2.51489e-06
4.19717e-05
6.31762e-07
4.09829e-05
-1.31512e-06
3.82191e-05
-3.52193e-06
3.34538e-05
-6.26872e-06
2.6478e-05
-9.98706e-06
1.7329e-05
-1.5319e-05
6.82694e-06
-2.30239e-05
-2.47655e-06
-3.3352e-05
-5.61602e-06
-4.32834e-05
-3.57727e-05
-2.85853e-06
3.14907e-05
7.64904e-06
2.56052e-05
2.16956e-05
1.59033e-05
3.44573e-05
1.02745e-05
4.49423e-05
6.8618e-06
5.32009e-05
4.64516e-06
5.95061e-05
3.16216e-06
6.41333e-05
2.12247e-06
6.72935e-05
1.33855e-06
6.91154e-05
6.92987e-07
6.964e-05
1.07133e-07
6.88137e-05
-4.88774e-07
6.64607e-05
-1.16891e-06
6.22465e-05
-2.05453e-06
5.56261e-05
-3.36667e-06
4.58522e-05
-5.54513e-06
3.22855e-05
-9.45726e-06
1.55788e-05
-1.66452e-05
8.8963e-07
-2.85943e-05
-3.48831e-05
3.14907e-05
5.70959e-05
7.29991e-05
8.32736e-05
9.01354e-05
9.47806e-05
9.79427e-05
0.000100065
0.000101404
0.000102097
0.000102204
0.000101715
0.000100546
9.84917e-05
9.5125e-05
8.95799e-05
8.01226e-05
6.34774e-05
3.48831e-05
)
;

boundaryField
{
    movingWall
    {
        type            calculated;
        value           uniform 0;
    }
    fixedWalls
    {
        type            calculated;
        value           uniform 0;
    }
    frontAndBack
    {
        type            empty;
        value           nonuniform List<scalar> 0();
    }
}


// ************************************************************************* //
