/*--------------------------------*- C++ -*----------------------------------*\
  =========                 |
  \\      /  F ield         | OpenFOAM: The Open Source CFD Toolbox
   \\    /   O peration     | Website:  https://openfoam.org
    \\  /    A nd           | Version:  8
     \\/     M anipulation  |
\*---------------------------------------------------------------------------*/
FoamFile
{
    version     2.0;
    format      ascii;
    class       volScalarField;
    location    "0.1";
    object      p;
}
// * * * * * * * * * * * * * * * * * * * * * * * * * * * * * * * * * * * * * //

dimensions      [0 2 -2 0 0 0 0];

internalField   nonuniform List<scalar> 
400
(
2.40002e-07
-0.0136069
-0.0299131
-0.04213
-0.0464567
-0.0412238
-0.0262796
-0.00250069
0.0284961
0.0644994
0.102797
0.140293
0.173715
0.19993
0.216384
0.221625
0.21588
0.201579
0.183748
0.170049
0.0137948
-0.000256482
-0.0129876
-0.0212634
-0.0233886
-0.0182249
-0.00558267
0.0139405
0.0391514
0.0683521
0.0994122
0.129876
0.157144
0.178748
0.192704
0.197919
0.194618
0.184555
0.170515
0.156523
0.031521
0.0119992
-0.00176416
-0.00929438
-0.0109565
-0.00622766
0.00491773
0.0219413
0.0438753
0.069342
0.0965697
0.123461
0.14774
0.167191
0.179963
0.184929
0.182077
0.172541
0.157195
0.137689
0.0469364
0.0200408
0.00298732
-0.00558565
-0.00778659
-0.00364288
0.00664815
0.0225028
0.0430587
0.067124
0.0931245
0.11912
0.14291
0.162243
0.175096
0.180041
0.176687
0.165635
0.146281
0.118921
0.0557558
0.0212825
0.000370871
-0.00976906
-0.01275
-0.00906134
0.000900085
0.0164932
0.0369262
0.0611395
0.0876832
0.114674
0.139855
0.160769
0.175038
0.180746
0.177006
0.163903
0.13958
0.1035
0.0547525
0.0128467
-0.0119931
-0.0237601
-0.0274123
-0.023829
-0.0135685
0.00268742
0.0242162
0.0500738
0.0789004
0.108812
0.137405
0.161887
0.179346
0.187188
0.183862
0.168863
0.139128
0.0935681
0.0411338
-0.00803256
-0.0366426
-0.0498053
-0.0537645
-0.049756
-0.0384669
-0.0205901
0.00324717
0.0322369
0.0651201
0.100003
0.134286
0.16474
0.187747
0.199798
0.198428
0.182328
0.147043
0.0909859
0.0121529
-0.0441501
-0.0762038
-0.0902683
-0.0939268
-0.0887894
-0.0756576
-0.0551975
-0.0278877
0.00566438
0.0443668
0.0863683
0.12889
0.168206
0.199828
0.21905
0.222123
0.206536
0.165938
0.0980593
-0.0351463
-0.0985476
-0.133546
-0.147714
-0.150168
-0.142979
-0.127075
-0.103055
-0.0711683
-0.0317123
0.0145187
0.0658466
0.119411
0.171007
0.21515
0.245612
0.256862
0.244533
0.19947
0.118217
-0.10413
-0.174704
-0.211861
-0.224849
-0.224723
-0.214197
-0.194375
-0.165751
-0.128237
-0.0816615
-0.0263222
0.0364981
0.104069
0.171847
0.233316
0.280423
0.30523
0.300553
0.252946
0.156762
-0.198866
-0.276805
-0.314749
-0.32438
-0.319461
-0.303669
-0.278372
-0.243914
-0.199733
-0.144979
-0.0791837
-0.00291377
0.0815867
0.169752
0.254195
0.324854
0.370714
0.380475
0.334118
0.221903
-0.324735
-0.410238
-0.446352
-0.448795
-0.435406
-0.411319
-0.378268
-0.336367
-0.284395
-0.220559
-0.143293
-0.0520313
0.051978
0.164706
0.278365
0.381015
0.458035
0.492432
0.454304
0.326354
-0.489828
-0.582507
-0.611547
-0.599977
-0.572023
-0.534887
-0.490693
-0.439136
-0.378046
-0.304355
-0.215017
-0.107835
0.0175709
0.158535
0.307788
0.452217
0.573562
0.647563
0.63003
0.490102
-0.708154
-0.804901
-0.816059
-0.778482
-0.726167
-0.668832
-0.608682
-0.544523
-0.47275
-0.388577
-0.287041
-0.163812
-0.0161571
0.155677
0.346384
0.543291
0.725543
0.860767
0.885499
0.74559
-1.00674
-1.09521
-1.06598
-0.981902
-0.890373
-0.802935
-0.72071
-0.640551
-0.556611
-0.461717
-0.348545
-0.210143
-0.0407317
0.16302
0.399712
0.659933
0.923272
1.15061
1.2557
1.14709
-1.43936
-1.48114
-1.36594
-1.20221
-1.05073
-0.921098
-0.81043
-0.711514
-0.614983
-0.510208
-0.387135
-0.235778
-0.0467538
0.18795
0.473095
0.806691
1.17473
1.53714
1.78792
1.78347
-2.11294
-2.00251
-1.71612
-1.42436
-1.18692
-1.00263
-0.859164
-0.74149
-0.634198
-0.522706
-0.393452
-0.233236
-0.0287402
0.233685
0.567433
0.983351
1.48284
2.03678
2.54057
2.79831
-3.28216
-2.70824
-2.09099
-1.61217
-1.26519
-1.02026
-0.847217
-0.717417
-0.606851
-0.495997
-0.367978
-0.206657
0.00500866
0.286841
0.663376
1.16488
1.8201
2.63656
3.58972
4.49595
-5.65019
-3.61567
-2.32267
-1.6162
-1.18127
-0.906716
-0.734492
-0.618519
-0.525941
-0.433753
-0.323739
-0.178813
0.0195256
0.295161
0.682865
1.23628
2.02975
3.176
4.9838
7.61627
-9.90182
-4.49768
-2.07716
-1.21417
-0.811271
-0.598819
-0.492326
-0.436023
-0.394919
-0.347776
-0.279182
-0.175276
-0.020228
0.207048
0.541286
1.04788
1.85476
3.27664
6.35852
12.4298
)
;

boundaryField
{
    movingWall
    {
        type            zeroGradient;
    }
    fixedWalls
    {
        type            zeroGradient;
    }
    frontAndBack
    {
        type            empty;
    }
}


// ************************************************************************* //
