/*--------------------------------*- C++ -*----------------------------------*\
  =========                 |
  \\      /  F ield         | OpenFOAM: The Open Source CFD Toolbox
   \\    /   O peration     | Website:  https://openfoam.org
    \\  /    A nd           | Version:  8
     \\/     M anipulation  |
\*---------------------------------------------------------------------------*/
FoamFile
{
    version     2.0;
    format      ascii;
    class       volVectorField;
    location    "0.1";
    object      U;
}
// * * * * * * * * * * * * * * * * * * * * * * * * * * * * * * * * * * * * * //

dimensions      [0 1 -1 0 0 0 0];

internalField   nonuniform List<vector> 
400
(
(0.000583121 -0.00057044 0)
(0.000262634 0.000295613 0)
(-0.00288664 0.00134245 0)
(-0.00829903 0.00206753 0)
(-0.015041 0.00242692 0)
(-0.0222224 0.00246677 0)
(-0.0290612 0.00224444 0)
(-0.0349063 0.00181277 0)
(-0.039236 0.0012177 0)
(-0.041656 0.000503637 0)
(-0.041911 -0.000278842 0)
(-0.0399093 -0.00106694 0)
(-0.0357568 -0.00178311 0)
(-0.0297872 -0.00233737 0)
(-0.0225789 -0.00263496 0)
(-0.0149418 -0.00258981 0)
(-0.00786092 -0.00214448 0)
(-0.00238265 -0.00129659 0)
(0.000574179 -0.000171148 0)
(0.000661627 0.000644701 0)
(-0.000221498 -0.000326088 0)
(-0.00394087 0.00398886 0)
(-0.0136329 0.00855304 0)
(-0.0277866 0.0117745 0)
(-0.0445328 0.013369 0)
(-0.0620361 0.0134205 0)
(-0.0785661 0.0121282 0)
(-0.0926125 0.00972445 0)
(-0.102945 0.0064488 0)
(-0.108641 0.00255639 0)
(-0.109129 -0.00166093 0)
(-0.104238 -0.00585743 0)
(-0.0942618 -0.00963041 0)
(-0.0800047 -0.012538 0)
(-0.0627947 -0.0141412 0)
(-0.0444281 -0.014073 0)
(-0.0270083 -0.0121347 0)
(-0.0126676 -0.008414 0)
(-0.00329471 -0.00351025 0)
(-3.24069e-05 0.000654337 0)
(-0.00131258 0.00275278 0)
(-0.00896019 0.0137524 0)
(-0.0252517 0.0241375 0)
(-0.0473303 0.0313813 0)
(-0.0725029 0.034853 0)
(-0.0983214 0.0346345 0)
(-0.12245 0.0311171 0)
(-0.142821 0.0248275 0)
(-0.157742 0.0163572 0)
(-0.165945 0.00636376 0)
(-0.16665 -0.00439963 0)
(-0.159632 -0.0150589 0)
(-0.145296 -0.0246223 0)
(-0.124736 -0.0320295 0)
(-0.0997459 -0.0362553 0)
(-0.0727434 -0.0364742 0)
(-0.0465565 -0.0322803 0)
(-0.0240681 -0.0239404 0)
(-0.00807803 -0.0127476 0)
(-0.00102873 -0.00196081 0)
(-0.00228097 0.00853206 0)
(-0.0136866 0.0291861 0)
(-0.0364013 0.0469835 0)
(-0.065983 0.0589872 0)
(-0.0988432 0.0644066 0)
(-0.132008 0.0634138 0)
(-0.162698 0.0566631 0)
(-0.188471 0.0450503 0)
(-0.207329 0.029608 0)
(-0.217776 0.0114986 0)
(-0.218873 -0.00794752 0)
(-0.21032 -0.0271995 0)
(-0.192543 -0.0445358 0)
(-0.16677 -0.0581259 0)
(-0.135068 -0.0662039 0)
(-0.100286 -0.0673406 0)
(-0.0658403 -0.0608018 0)
(-0.0353459 -0.0469389 0)
(-0.0126828 -0.0276258 0)
(-0.00191449 -0.00713208 0)
(-0.00312883 0.0167306 0)
(-0.0180541 0.0499135 0)
(-0.0469473 0.0765733 0)
(-0.0837272 0.0938361 0)
(-0.123855 0.101057 0)
(-0.163847 0.0986853 0)
(-0.200567 0.0877558 0)
(-0.231306 0.0696107 0)
(-0.253867 0.0457798 0)
(-0.266592 0.0179775 0)
(-0.268403 -0.0118432 0)
(-0.258885 -0.0414404 0)
(-0.238384 -0.0682886 0)
(-0.208124 -0.0896819 0)
(-0.170291 -0.102968 0)
(-0.128052 -0.105929 0)
(-0.0853751 -0.0972865 0)
(-0.0466941 -0.0772451 0)
(-0.0171742 -0.0480222 0)
(-0.00271348 -0.0146539 0)
(-0.00390849 0.027152 0)
(-0.0221863 0.0757132 0)
(-0.0570493 0.112718 0)
(-0.100781 0.13572 0)
(-0.14787 0.144548 0)
(-0.194339 0.140171 0)
(-0.236753 0.12416 0)
(-0.272225 0.0983951 0)
(-0.298443 0.0649449 0)
(-0.31364 0.0260854 0)
(-0.316608 -0.0156119 0)
(-0.306764 -0.0571925 0)
(-0.28427 -0.095295 0)
(-0.250197 -0.12625 0)
(-0.2067 -0.14635 0)
(-0.157145 -0.152335 0)
(-0.10603 -0.14206 0)
(-0.0587134 -0.115241 0)
(-0.021879 -0.0741543 0)
(-0.00352191 -0.0244963 0)
(-0.00466687 0.0396982 0)
(-0.02622 0.10643 0)
(-0.0669028 0.155234 0)
(-0.117348 0.184409 0)
(-0.171064 0.194603 0)
(-0.223614 0.187585 0)
(-0.271342 0.165654 0)
(-0.311283 0.131326 0)
(-0.341102 0.0872349 0)
(-0.358992 0.0361926 0)
(-0.363631 -0.0186672 0)
(-0.354224 -0.0737332 0)
(-0.330638 -0.124827 0)
(-0.293624 -0.167255 0)
(-0.245109 -0.196076 0)
(-0.188483 -0.206667 0)
(-0.128695 -0.195574 0)
(-0.0721006 -0.161546 0)
(-0.0271807 -0.106541 0)
(-0.00444415 -0.0368492 0)
(-0.00544231 0.0543504 0)
(-0.0302744 0.141983 0)
(-0.0766659 0.203932 0)
(-0.133521 0.239581 0)
(-0.193357 0.250788 0)
(-0.251349 0.240456 0)
(-0.303738 0.21183 0)
(-0.347618 0.16817 0)
(-0.380769 0.112687 0)
(-0.401445 0.0486605 0)
(-0.408261 -0.0203272 0)
(-0.400191 -0.0901344 0)
(-0.3767 -0.155858 0)
(-0.338024 -0.211776 0)
(-0.285594 -0.251554 0)
(-0.22255 -0.268833 0)
(-0.154078 -0.258277 0)
(-0.0875209 -0.216986 0)
(-0.033472 -0.146025 0)
(-0.00558764 -0.0521269 0)
(-0.0062727 0.0711561 0)
(-0.0344646 0.182351 0)
(-0.0864628 0.258584 0)
(-0.149266 0.300736 0)
(-0.214386 0.312378 0)
(-0.276722 0.297946 0)
(-0.332599 0.261894 0)
(-0.379376 0.208345 0)
(-0.415143 0.141071 0)
(-0.438378 0.0637133 0)
(-0.44774 -0.0198775 0)
(-0.441998 -0.105242 0)
(-0.420135 -0.186948 0)
(-0.38166 -0.258345 0)
(-0.327167 -0.311614 0)
(-0.259113 -0.338277 0)
(-0.18252 -0.330405 0)
(-0.105529 -0.282481 0)
(-0.0411487 -0.193752 0)
(-0.00707092 -0.070969 0)
(-0.00721518 0.090237 0)
(-0.0389552 0.227576 0)
(-0.096446 0.318856 0)
(-0.164464 0.367064 0)
(-0.233498 0.378151 0)
(-0.298369 0.358608 0)
(-0.355763 0.314409 0)
(-0.403602 0.250658 0)
(-0.440559 0.171658 0)
(-0.465573 0.0812524 0)
(-0.477525 -0.0166877 0)
(-0.475077 -0.1177 0)
(-0.456709 -0.216148 0)
(-0.421009 -0.304718 0)
(-0.367338 -0.374161 0)
(-0.296867 -0.413579 0)
(-0.213773 -0.411618 0)
(-0.126492 -0.358816 0)
(-0.0506266 -0.251091 0)
(-0.0090431 -0.0942519 0)
(-0.00838201 0.111844 0)
(-0.0440534 0.277783 0)
(-0.1069 0.384239 0)
(-0.178965 0.437253 0)
(-0.249741 0.44613 0)
(-0.314308 0.420092 0)
(-0.370132 0.36699 0)
(-0.416102 0.293022 0)
(-0.451832 0.202952 0)
(-0.477029 0.100622 0)
(-0.491054 -0.0103947 0)
(-0.492648 -0.126045 0)
(-0.479863 -0.240974 0)
(-0.450261 -0.34768 0)
(-0.40157 -0.435807 0)
(-0.332939 -0.491935 0)
(-0.246664 -0.500466 0)
(-0.150476 -0.446256 0)
(-0.0623725 -0.319512 0)
(-0.0117175 -0.123129 0)
(-0.0100044 0.136492 0)
(-0.0503526 0.333271 0)
(-0.118361 0.453944 0)
(-0.1926 0.509238 0)
(-0.261745 0.513251 0)
(-0.321735 0.478798 0)
(-0.371438 0.415986 0)
(-0.411229 0.332165 0)
(-0.442084 0.232427 0)
(-0.464824 0.120355 0)
(-0.479593 -0.00114308 0)
(-0.485494 -0.128912 0)
(-0.480368 -0.258503 0)
(-0.460805 -0.382959 0)
(-0.422635 -0.49151 0)
(-0.36221 -0.568542 0)
(-0.278565 -0.59364 0)
(-0.177009 -0.543938 0)
(-0.0769364 -0.400367 0)
(-0.0154291 -0.159122 0)
(-0.012546 0.165233 0)
(-0.0589349 0.394621 0)
(-0.131672 0.526673 0)
(-0.204968 0.579761 0)
(-0.267295 0.574891 0)
(-0.316504 0.529478 0)
(-0.353742 0.456175 0)
(-0.381492 0.3634 0)
(-0.4025 0.256327 0)
(-0.419003 0.137959 0)
(-0.432217 0.0101605 0)
(-0.441935 -0.125314 0)
(-0.446158 -0.265625 0)
(-0.440822 -0.405317 0)
(-0.419914 -0.534357 0)
(-0.376416 -0.635952 0)
(-0.304548 -0.684978 0)
(-0.204613 -0.648906 0)
(-0.0949501 -0.494477 0)
(-0.0207282 -0.204292 0)
(-0.0168937 0.200133 0)
(-0.0716004 0.462733 0)
(-0.147761 0.600075 0)
(-0.214661 0.643612 0)
(-0.262202 0.6242 0)
(-0.291923 0.564802 0)
(-0.308398 0.480573 0)
(-0.316806 0.380598 0)
(-0.321919 0.269691 0)
(-0.327501 0.149893 0)
(-0.335972 0.0216823 0)
(-0.348091 -0.114988 0)
(-0.362503 -0.259515 0)
(-0.375146 -0.40899 0)
(-0.378758 -0.555697 0)
(-0.363007 -0.683588 0)
(-0.316025 -0.764264 0)
(-0.229819 -0.754598 0)
(-0.116945 -0.601262 0)
(-0.0284966 -0.261482 0)
(-0.0246016 0.245024 0)
(-0.0908746 0.538446 0)
(-0.166481 0.669466 0)
(-0.217057 0.692334 0)
(-0.237696 0.65128 0)
(-0.236314 0.575094 0)
(-0.222096 0.480608 0)
(-0.203174 0.376614 0)
(-0.186164 0.266839 0)
(-0.176049 0.151922 0)
(-0.176243 0.0307516 0)
(-0.188539 -0.0986741 0)
(-0.212693 -0.238312 0)
(-0.245604 -0.388632 0)
(-0.280105 -0.545971 0)
(-0.303761 -0.697894 0)
(-0.298557 -0.816144 0)
(-0.245064 -0.84866 0)
(-0.142466 -0.716942 0)
(-0.0399173 -0.334466 0)
(-0.0378301 0.306662 0)
(-0.118693 0.620892 0)
(-0.182683 0.725014 0)
(-0.198894 0.71215 0)
(-0.175072 0.642405 0)
(-0.128624 0.548649 0)
(-0.0737313 0.447118 0)
(-0.0207623 0.344569 0)
(0.0228494 0.242618 0)
(0.05187 0.140135 0)
(0.0626123 0.0344342 0)
(0.0525718 -0.0781628 0)
(0.0206302 -0.201909 0)
(-0.0321194 -0.340818 0)
(-0.100658 -0.496577 0)
(-0.173307 -0.66367 0)
(-0.228404 -0.819704 0)
(-0.234273 -0.910144 0)
(-0.167016 -0.831279 0)
(-0.0555635 -0.428132 0)
(-0.0574389 0.39721 0)
(-0.150321 0.702334 0)
(-0.175013 0.745098 0)
(-0.126299 0.680208 0)
(-0.0360505 0.579394 0)
(0.0681522 0.473071 0)
(0.169481 0.372548 0)
(0.257944 0.280199 0)
(0.327552 0.194568 0)
(0.37453 0.112672 0)
(0.396108 0.0307018 0)
(0.389836 -0.0558802 0)
(0.353437 -0.152556 0)
(0.285282 -0.265885 0)
(0.186008 -0.402768 0)
(0.0621555 -0.566969 0)
(-0.0674606 -0.749165 0)
(-0.164523 -0.905873 0)
(-0.17418 -0.921565 0)
(-0.0714896 -0.549204 0)
(-0.0724633 0.531457 0)
(-0.153298 0.752385 0)
(-0.0781241 0.685209 0)
(0.0781107 0.562315 0)
(0.251433 0.442854 0)
(0.413917 0.340447 0)
(0.55419 0.256029 0)
(0.667684 0.186068 0)
(0.752985 0.126121 0)
(0.809711 0.0720321 0)
(0.83727 0.0199025 0)
(0.834197 -0.0343514 0)
(0.797761 -0.0956748 0)
(0.723828 -0.170803 0)
(0.607488 -0.269194 0)
(0.445757 -0.402727 0)
(0.243839 -0.580209 0)
(0.0286958 -0.788535 0)
(-0.117547 -0.936954 0)
(-0.0654015 -0.693317 0)
(0.00365765 0.648127 0)
(0.0157522 0.677991 0)
(0.280615 0.491683 0)
(0.567405 0.344624 0)
(0.803307 0.242348 0)
(0.989472 0.170663 0)
(1.13365 0.119786 0)
(1.24176 0.0824342 0)
(1.31869 0.0533603 0)
(1.36797 0.0289406 0)
(1.39137 0.00649254 0)
(1.38883 -0.0163734 0)
(1.35815 -0.0424787 0)
(1.29438 -0.0760139 0)
(1.1889 -0.124195 0)
(1.02885 -0.199838 0)
(0.796176 -0.323861 0)
(0.474614 -0.521126 0)
(0.137616 -0.770989 0)
(0.0632035 -0.750823 0)
(0.704749 0.344793 0)
(0.920193 0.303459 0)
(1.29271 0.186004 0)
(1.57259 0.111046 0)
(1.7448 0.0676953 0)
(1.85603 0.0419329 0)
(1.9317 0.0262526 0)
(1.98322 0.0163097 0)
(2.017 0.00951777 0)
(2.03686 0.0043749 0)
(2.04472 -3.47524e-05 0)
(2.04107 -0.00437705 0)
(2.02502 -0.00939211 0)
(1.99381 -0.0162166 0)
(1.94152 -0.0271125 0)
(1.85625 -0.0469968 0)
(1.71061 -0.0865234 0)
(1.44173 -0.166431 0)
(1.03086 -0.304766 0)
(0.757502 -0.363529 0)
)
;

boundaryField
{
    movingWall
    {
        type            fixedValue;
        value           uniform (2.4 0 0);
    }
    fixedWalls
    {
        type            noSlip;
    }
    frontAndBack
    {
        type            empty;
    }
}


// ************************************************************************* //
