/*--------------------------------*- C++ -*----------------------------------*\
  =========                 |
  \\      /  F ield         | OpenFOAM: The Open Source CFD Toolbox
   \\    /   O peration     | Website:  https://openfoam.org
    \\  /    A nd           | Version:  8
     \\/     M anipulation  |
\*---------------------------------------------------------------------------*/
FoamFile
{
    version     2.0;
    format      ascii;
    class       volScalarField;
    location    "0.5";
    object      p;
}
// * * * * * * * * * * * * * * * * * * * * * * * * * * * * * * * * * * * * * //

dimensions      [0 2 -2 0 0 0 0];

internalField   nonuniform List<scalar> 
400
(
5.02536e-06
-0.0151662
-0.0333882
-0.0471327
-0.0522204
-0.0468509
-0.0308564
-0.00517373
0.0284624
0.0676608
0.109459
0.150445
0.186988
0.215597
0.233427
0.238877
0.23223
0.216231
0.196486
0.181441
0.0150646
-0.000602415
-0.0148406
-0.0242005
-0.0268434
-0.0215374
-0.00807043
0.0129268
0.0401835
0.0718728
0.105675
0.13889
0.168636
0.192163
0.207258
0.212713
0.208797
0.197494
0.181938
0.166584
0.0343549
0.0127143
-0.00257879
-0.0110562
-0.0131613
-0.00833462
0.00346138
0.0216694
0.0452751
0.0728124
0.102365
0.131631
0.158088
0.17926
0.193075
0.198276
0.194867
0.184146
0.167152
0.145751
0.0510312
0.0213553
0.00253093
-0.00702984
-0.00970898
-0.00555282
0.00524134
0.0220817
0.0440873
0.0700125
0.0981708
0.12644
0.152377
0.173455
0.1874
0.192607
0.188654
0.176254
0.154838
0.124811
0.0603424
0.0224446
-0.000521611
-0.0117507
-0.0152943
-0.0117049
-0.0013838
0.0150362
0.0367756
0.0627566
0.0914462
0.120793
0.148289
0.171171
0.186747
0.192854
0.188506
0.173844
0.146944
0.107331
0.058667
0.0127807
-0.0143805
-0.0273593
-0.0316855
-0.028332
-0.0178555
-0.000904384
0.0218484
0.0494806
0.0805812
0.113112
0.144402
0.171303
0.190509
0.199075
0.195253
0.178522
0.145653
0.0956092
0.0429045
-0.0106861
-0.0418428
-0.0563417
-0.0611021
-0.0574709
-0.0461178
-0.0276668
-0.00264854
0.0282002
0.0636102
0.101553
0.139148
0.172752
0.198247
0.21163
0.210095
0.192214
0.153237
0.0916278
0.010066
-0.0509878
-0.0857601
-0.101274
-0.10587
-0.101277
-0.0882561
-0.0673574
-0.0389029
-0.0033643
0.0382143
0.0838836
0.130581
0.174107
0.209345
0.230905
0.234499
0.217317
0.172517
0.0978641
-0.0429887
-0.111358
-0.149189
-0.164897
-0.168425
-0.16197
-0.146388
-0.122108
-0.0891452
-0.0475759
0.00193663
0.0576808
0.116535
0.173772
0.223138
0.257488
0.270463
0.25712
0.207482
0.118053
-0.119748
-0.19542
-0.23546
-0.250034
-0.251098
-0.241507
-0.222262
-0.19362
-0.155169
-0.106404
-0.0473761
0.0207026
0.0949049
0.170149
0.239015
0.292257
0.320728
0.316233
0.263964
0.158034
-0.224343
-0.307466
-0.348259
-0.359428
-0.355742
-0.341057
-0.316615
-0.282449
-0.237565
-0.180641
-0.110808
-0.0284113
0.0642332
0.162066
0.256699
0.33659
0.389037
0.401098
0.350533
0.226913
-0.362199
-0.452982
-0.49177
-0.49549
-0.483194
-0.460271
-0.428316
-0.387056
-0.334706
-0.26884
-0.1873
-0.0890832
0.0246698
0.14957
0.276824
0.392763
0.480545
0.52068
0.479744
0.338867
-0.541531
-0.639644
-0.670882
-0.659899
-0.63252
-0.596341
-0.553339
-0.502728
-0.441623
-0.366136
-0.2724
-0.157543
-0.0208056
0.135023
0.301798
0.464567
0.602344
0.687332
0.66997
0.516221
-0.776794
-0.879124
-0.891345
-0.852844
-0.799914
-0.74285
-0.683681
-0.620604
-0.549117
-0.463396
-0.357415
-0.225888
-0.0653901
0.124053
0.336574
0.557798
0.763843
0.917692
0.948139
0.795204
-1.09633
-1.19007
-1.15929
-1.07133
-0.976927
-0.888347
-0.806413
-0.727172
-0.643609
-0.547314
-0.429617
-0.282329
-0.0986433
0.125418
0.388404
0.679686
0.975979
1.23268
1.35315
1.2362
-1.55724
-1.60188
-1.47939
-1.30641
-1.1483
-1.01517
-0.903509
-0.804981
-0.708568
-0.602367
-0.474559
-0.313671
-0.108957
0.148695
0.464688
0.836702
1.24873
1.65511
1.9374
1.93744
-2.27422
-2.1574
-1.85175
-1.54182
-1.29209
-1.10092
-0.954618
-0.83641
-0.728938
-0.615754
-0.481416
-0.310955
-0.0893489
0.198664
0.567913
1.03025
1.58687
2.20422
2.76553
3.05633
-3.52186
-2.90968
-2.2494
-1.73909
-1.37233
-1.11645
-0.938653
-0.807565
-0.696627
-0.584028
-0.450787
-0.27876
-0.0488816
0.260834
0.677363
1.23382
1.96153
2.86742
3.92224
4.92537
-6.06049
-3.87719
-2.4911
-1.73725
-1.27657
-0.98902
-0.81214
-0.695929
-0.604296
-0.511663
-0.397591
-0.242884
-0.0268457
0.276985
0.706784
1.32126
2.20202
3.47142
5.46188
8.34754
-10.6476
-4.81723
-2.21483
-1.29526
-0.870191
-0.649563
-0.543541
-0.491861
-0.456025
-0.412284
-0.343157
-0.232808
-0.0633194
0.188854
0.561924
1.12744
2.02614
3.60137
6.98043
13.5943
)
;

boundaryField
{
    movingWall
    {
        type            zeroGradient;
    }
    fixedWalls
    {
        type            zeroGradient;
    }
    frontAndBack
    {
        type            empty;
    }
}


// ************************************************************************* //
