/*--------------------------------*- C++ -*----------------------------------*\
  =========                 |
  \\      /  F ield         | OpenFOAM: The Open Source CFD Toolbox
   \\    /   O peration     | Website:  https://openfoam.org
    \\  /    A nd           | Version:  8
     \\/     M anipulation  |
\*---------------------------------------------------------------------------*/
FoamFile
{
    version     2.0;
    format      ascii;
    class       volVectorField;
    location    "0.5";
    object      U;
}
// * * * * * * * * * * * * * * * * * * * * * * * * * * * * * * * * * * * * * //

dimensions      [0 1 -1 0 0 0 0];

internalField   nonuniform List<vector> 
400
(
(0.000637143 -0.000633028 0)
(0.000286303 0.000318694 0)
(-0.00318326 0.00147217 0)
(-0.00913563 0.00226864 0)
(-0.01655 0.00266377 0)
(-0.0244474 0.00270933 0)
(-0.0319723 0.00246857 0)
(-0.0384116 0.00199842 0)
(-0.0431903 0.00134744 0)
(-0.0458698 0.000562794 0)
(-0.0461614 -0.000300567 0)
(-0.0439574 -0.0011729 0)
(-0.0393706 -0.00196694 0)
(-0.0327708 -0.00258102 0)
(-0.0248027 -0.00290843 0)
(-0.0163706 -0.00285343 0)
(-0.00857056 -0.00235427 0)
(-0.00255912 -0.00141273 0)
(0.000662404 -0.000173144 0)
(0.000734208 0.000715179 0)
(-0.000256161 -0.000351874 0)
(-0.00437191 0.00439708 0)
(-0.0150627 0.00941833 0)
(-0.0306565 0.0129559 0)
(-0.0490951 0.0147068 0)
(-0.0683649 0.0147675 0)
(-0.0865692 0.0133565 0)
(-0.10205 0.0107243 0)
(-0.113449 0.00712701 0)
(-0.119743 0.00283961 0)
(-0.120288 -0.00181851 0)
(-0.114886 -0.0064632 0)
(-0.103854 -0.0106427 0)
(-0.0880867 -0.0138596 0)
(-0.0690616 -0.0156215 0)
(-0.0487802 -0.0155213 0)
(-0.0295803 -0.013347 0)
(-0.0138188 -0.00921291 0)
(-0.00355929 -0.00380386 0)
(-1.85452e-05 0.000750138 0)
(-0.00146103 0.00306276 0)
(-0.00991946 0.0151871 0)
(-0.0278961 0.0266051 0)
(-0.0522255 0.0345578 0)
(-0.0799443 0.038367 0)
(-0.108369 0.0381312 0)
(-0.13494 0.0342785 0)
(-0.157387 0.0273767 0)
(-0.173841 0.0180617 0)
(-0.182897 0.00704593 0)
(-0.183679 -0.00484404 0)
(-0.175926 -0.0166371 0)
(-0.160079 -0.0272232 0)
(-0.137351 -0.0354116 0)
(-0.109736 -0.0400546 0)
(-0.079926 -0.0402376 0)
(-0.051061 -0.0355286 0)
(-0.0263299 -0.0262587 0)
(-0.00879955 -0.0139026 0)
(-0.0011073 -0.00208433 0)
(-0.00253122 0.00946605 0)
(-0.0151311 0.0322307 0)
(-0.0401685 0.0517903 0)
(-0.0727324 0.0649602 0)
(-0.108881 0.0709005 0)
(-0.14536 0.0698133 0)
(-0.179129 0.0624124 0)
(-0.207509 0.0496632 0)
(-0.228297 0.0326776 0)
(-0.239832 0.0127169 0)
(-0.241062 -0.00875797 0)
(-0.23164 -0.0300475 0)
(-0.212025 -0.049227 0)
(-0.183574 -0.0642445 0)
(-0.148578 -0.0731249 0)
(-0.110206 -0.0742841 0)
(-0.0722488 -0.0669352 0)
(-0.0387088 -0.0515231 0)
(-0.0138459 -0.0301939 0)
(-0.00207548 -0.00771799 0)
(-0.00346343 0.0185309 0)
(-0.0199152 0.055082 0)
(-0.0516934 0.0843582 0)
(-0.0920963 0.103281 0)
(-0.136153 0.111189 0)
(-0.180067 0.108594 0)
(-0.220413 0.0966198 0)
(-0.254227 0.0767116 0)
(-0.27909 0.0505154 0)
(-0.29316 0.0198908 0)
(-0.295227 -0.013019 0)
(-0.284809 -0.045728 0)
(-0.262268 -0.0754165 0)
(-0.228942 -0.0990546 0)
(-0.18725 -0.113677 0)
(-0.140701 -0.11682 0)
(-0.0937008 -0.107101 0)
(-0.051161 -0.0848214 0)
(-0.0187658 -0.0525426 0)
(-0.0029475 -0.0159252 0)
(-0.00431129 0.0300224 0)
(-0.0243909 0.0834471 0)
(-0.0626099 0.124034 0)
(-0.110502 0.149223 0)
(-0.162058 0.15889 0)
(-0.212962 0.154119 0)
(-0.259477 0.136613 0)
(-0.298453 0.108389 0)
(-0.327345 0.0716675 0)
(-0.344191 0.028913 0)
(-0.347628 -0.017058 0)
(-0.336975 -0.0629749 0)
(-0.312375 -0.10509 0)
(-0.274982 -0.139296 0)
(-0.227159 -0.16145 0)
(-0.172629 -0.167922 0)
(-0.11638 -0.156369 0)
(-0.064353 -0.126569 0)
(-0.0239212 -0.0811863 0)
(-0.00382976 -0.0266715 0)
(-0.0051229 0.0438024 0)
(-0.0286938 0.117088 0)
(-0.0731029 0.170535 0)
(-0.128132 0.20245 0)
(-0.186739 0.213629 0)
(-0.244136 0.206026 0)
(-0.296366 0.182122 0)
(-0.340201 0.144606 0)
(-0.373073 0.0962985 0)
(-0.392969 0.0402308 0)
(-0.39839 -0.0201738 0)
(-0.388406 -0.0809266 0)
(-0.362812 -0.137376 0)
(-0.322383 -0.184273 0)
(-0.269205 -0.216093 0)
(-0.207012 -0.227678 0)
(-0.141281 -0.215224 0)
(-0.0790656 -0.177446 0)
(-0.0297416 -0.116699 0)
(-0.00483895 -0.0401671 0)
(-0.00593731 0.0598121 0)
(-0.0329432 0.155835 0)
(-0.0833257 0.223556 0)
(-0.145061 0.26252 0)
(-0.210086 0.274859 0)
(-0.273221 0.263748 0)
(-0.330418 0.232674 0)
(-0.378522 0.18511 0)
(-0.415091 0.124472 0)
(-0.43817 0.0542833 0)
(-0.446178 -0.0215591 0)
(-0.437912 -0.098493 0)
(-0.4127 -0.17107 0)
(-0.370717 -0.232899 0)
(-0.313473 -0.276892 0)
(-0.244391 -0.295945 0)
(-0.1692 -0.284142 0)
(-0.0960479 -0.238365 0)
(-0.0366693 -0.160022 0)
(-0.00609591 -0.0568747 0)
(-0.00679353 0.0780599 0)
(-0.0372585 0.19958 0)
(-0.093407 0.282752 0)
(-0.161254 0.328803 0)
(-0.231714 0.341722 0)
(-0.299345 0.326329 0)
(-0.360205 0.287385 0)
(-0.411434 0.229261 0)
(-0.450924 0.155955 0)
(-0.476958 0.0713506 0)
(-0.487988 -0.0203811 0)
(-0.482568 -0.114346 0)
(-0.459475 -0.204518 0)
(-0.418055 -0.283482 0)
(-0.358855 -0.34249 0)
(-0.284505 -0.372062 0)
(-0.200519 -0.363362 0)
(-0.115922 -0.310347 0)
(-0.0451498 -0.212433 0)
(-0.00773418 -0.0775103 0)
(-0.00775229 0.0986325 0)
(-0.0418185 0.24828 0)
(-0.103523 0.34767 0)
(-0.176612 0.400339 0)
(-0.250971 0.412836 0)
(-0.321103 0.392162 0)
(-0.38347 0.344675 0)
(-0.435822 0.275761 0)
(-0.476674 0.189957 0)
(-0.504803 0.0913386 0)
(-0.518898 -0.0159269 0)
(-0.517388 -0.12696 0)
(-0.49848 -0.235528 0)
(-0.460489 -0.33349 0)
(-0.402567 -0.410512 0)
(-0.325877 -0.4544 0)
(-0.234946 -0.452473 0)
(-0.139096 -0.394255 0)
(-0.0556482 -0.275465 0)
(-0.0099211 -0.103056 0)
(-0.00893532 0.121758 0)
(-0.0469649 0.301998 0)
(-0.114018 0.417688 0)
(-0.191047 0.475661 0)
(-0.26694 0.486034 0)
(-0.3365 0.458687 0)
(-0.39703 0.401946 0)
(-0.447313 0.322328 0)
(-0.486873 0.224832 0)
(-0.515316 0.113508 0)
(-0.531852 -0.00782374 0)
(-0.535005 -0.134751 0)
(-0.522524 -0.261371 0)
(-0.491592 -0.379357 0)
(-0.439544 -0.477165 0)
(-0.365264 -0.539799 0)
(-0.271128 -0.549818 0)
(-0.165614 -0.490359 0)
(-0.0686791 -0.350754 0)
(-0.0128944 -0.134804 0)
(-0.0105946 0.147957 0)
(-0.0533605 0.361009 0)
(-0.125538 0.491925 0)
(-0.204506 0.552533 0)
(-0.278335 0.558015 0)
(-0.342751 0.522024 0)
(-0.396543 0.455243 0)
(-0.440075 0.365385 0)
(-0.474328 0.257779 0)
(-0.500114 0.136179 0)
(-0.517513 0.00367543 0)
(-0.525472 -0.136316 0)
(-0.521546 -0.27891 0)
(-0.501884 -0.416417 0)
(-0.461748 -0.536878 0)
(-0.396908 -0.622895 0)
(-0.306062 -0.651663 0)
(-0.194896 -0.597654 0)
(-0.0848347 -0.439788 0)
(-0.0170245 -0.17445 0)
(-0.0132353 0.17834 0)
(-0.0622118 0.425935 0)
(-0.139111 0.569021 0)
(-0.21677 0.627511 0)
(-0.283064 0.623862 0)
(-0.335737 0.576553 0)
(-0.375984 0.498927 0)
(-0.406401 0.399814 0)
(-0.429866 0.284624 0)
(-0.448736 0.156498 0)
(-0.464286 0.0174015 0)
(-0.47627 -0.130773 0)
(-0.482487 -0.284922 0)
(-0.478449 -0.439054 0)
(-0.457452 -0.582102 0)
(-0.411578 -0.695445 0)
(-0.334154 -0.751104 0)
(-0.225192 -0.712763 0)
(-0.104769 -0.543421 0)
(-0.0229137 -0.224275 0)
(-0.0178235 0.21514 0)
(-0.0755262 0.497818 0)
(-0.155921 0.646581 0)
(-0.226631 0.695148 0)
(-0.27702 0.676341 0)
(-0.308707 0.614457 0)
(-0.326504 0.525467 0)
(-0.335872 0.418914 0)
(-0.341873 0.299843 0)
(-0.348537 0.170401 0)
(-0.358499 0.0310899 0)
(-0.372637 -0.118136 0)
(-0.389549 -0.276624 0)
(-0.404863 -0.441222 0)
(-0.410632 -0.603516 0)
(-0.395386 -0.745857 0)
(-0.34576 -0.836787 0)
(-0.252487 -0.828275 0)
(-0.128975 -0.660886 0)
(-0.0315162 -0.287393 0)
(-0.0260551 0.262535 0)
(-0.0961404 0.577754 0)
(-0.176092 0.719842 0)
(-0.229532 0.746614 0)
(-0.251244 0.704995 0)
(-0.249575 0.625409 0)
(-0.234225 0.525605 0)
(-0.213825 0.414854 0)
(-0.195447 0.297092 0)
(-0.184491 0.173032 0)
(-0.184739 0.0415101 0)
(-0.198263 -0.0995953 0)
(-0.224973 -0.252404 0)
(-0.261674 -0.41749 0)
(-0.300687 -0.590996 0)
(-0.32842 -0.759449 0)
(-0.324886 -0.891809 0)
(-0.268215 -0.930371 0)
(-0.156765 -0.787764 0)
(-0.0440835 -0.36787 0)
(-0.0403126 0.327933 0)
(-0.126354 0.665171 0)
(-0.194486 0.778659 0)
(-0.211671 0.76744 0)
(-0.186021 0.695252 0)
(-0.13598 0.596845 0)
(-0.0766119 0.48938 0)
(-0.0190148 0.380038 0)
(0.0287898 0.270585 0)
(0.061053 0.159893 0)
(0.0736199 0.0451733 0)
(0.063594 -0.0774611 0)
(0.0295298 -0.212585 0)
(-0.0276598 -0.364635 0)
(-0.102798 -0.535671 0)
(-0.183355 -0.72001 0)
(-0.245626 -0.893421 0)
(-0.254521 -0.995888 0)
(-0.182895 -0.912425 0)
(-0.0611241 -0.470871 0)
(-0.0616696 0.424705 0)
(-0.161451 0.752306 0)
(-0.18856 0.800278 0)
(-0.13682 0.733313 0)
(-0.0400668 0.627576 0)
(0.0722714 0.515275 0)
(0.182168 0.408428 0)
(0.278793 0.309636 0)
(0.355543 0.217459 0)
(0.408153 0.128807 0)
(0.433424 0.0397279 0)
(0.428507 -0.054557 0)
(0.390714 -0.15991 0)
(0.318011 -0.283482 0)
(0.210749 -0.432996 0)
(0.075652 -0.613025 0)
(-0.0670519 -0.814001 0)
(-0.175522 -0.988648 0)
(-0.189034 -1.00956 0)
(-0.0780722 -0.603333 0)
(-0.0786737 0.569471 0)
(-0.166936 0.807137 0)
(-0.0878251 0.73693 0)
(0.079198 0.607176 0)
(0.265648 0.480633 0)
(0.441443 0.371693 0)
(0.594191 0.281424 0)
(0.71872 0.206181 0)
(0.813231 0.141335 0)
(0.87707 0.0825367 0)
(0.909403 0.0257093 0)
(0.908496 -0.0334429 0)
(0.871274 -0.100176 0)
(0.793121 -0.181755 0)
(0.668481 -0.288555 0)
(0.493717 -0.433892 0)
(0.27397 -0.628143 0)
(0.0380253 -0.857795 0)
(-0.124546 -1.02334 0)
(-0.0702346 -0.759394 0)
(0.00160354 0.697868 0)
(0.0124216 0.729794 0)
(0.296247 0.530177 0)
(0.60484 0.37321 0)
(0.859893 0.263946 0)
(1.06232 0.187053 0)
(1.22012 0.132197 0)
(1.33935 0.0916973 0)
(1.42502 0.0599992 0)
(1.48072 0.0332594 0)
(1.50827 0.00863969 0)
(1.50754 -0.0163847 0)
(1.47618 -0.0447998 0)
(1.40884 -0.0810724 0)
(1.29622 -0.132985 0)
(1.12423 -0.214569 0)
(0.872928 -0.349105 0)
(0.523735 -0.564569 0)
(0.155499 -0.838522 0)
(0.0715717 -0.818165 0)
(0.761326 0.372609 0)
(0.992226 0.328223 0)
(1.39349 0.201864 0)
(1.69634 0.121148 0)
(1.88371 0.0743172 0)
(2.00544 0.0463367 0)
(2.0888 0.0292031 0)
(2.14596 0.0182733 0)
(2.18377 0.010766 0)
(2.2063 0.00505917 0)
(2.21563 0.000165538 0)
(2.21231 -0.00462843 0)
(2.19541 -0.0101063 0)
(2.16206 -0.0174652 0)
(2.10596 -0.0291014 0)
(2.01436 -0.0502889 0)
(1.85782 -0.0926374 0)
(1.5678 -0.179004 0)
(1.1218 -0.329653 0)
(0.823196 -0.394469 0)
)
;

boundaryField
{
    movingWall
    {
        type            fixedValue;
        value           uniform (2.6 0 0);
    }
    fixedWalls
    {
        type            noSlip;
    }
    frontAndBack
    {
        type            empty;
    }
}


// ************************************************************************* //
