/*--------------------------------*- C++ -*----------------------------------*\
  =========                 |
  \\      /  F ield         | OpenFOAM: The Open Source CFD Toolbox
   \\    /   O peration     | Website:  https://openfoam.org
    \\  /    A nd           | Version:  8
     \\/     M anipulation  |
\*---------------------------------------------------------------------------*/
FoamFile
{
    version     2.0;
    format      ascii;
    class       volScalarField;
    location    "0.2";
    object      p;
}
// * * * * * * * * * * * * * * * * * * * * * * * * * * * * * * * * * * * * * //

dimensions      [0 2 -2 0 0 0 0];

internalField   nonuniform List<scalar> 
400
(
1.14997e-05
-0.0128061
-0.0282696
-0.0399597
-0.044268
-0.0396298
-0.0259077
-0.00394181
0.0247314
0.0580248
0.0933976
0.127973
0.158732
0.182801
0.197848
0.202555
0.197138
0.183835
0.167274
0.154531
0.0127472
-0.000482845
-0.0125691
-0.0205387
-0.0227703
-0.0181888
-0.0066208
0.0113598
0.0346191
0.0615572
0.0901813
0.118213
0.143257
0.163054
0.175795
0.180492
0.177355
0.167996
0.15496
0.141943
0.0291302
0.0108459
-0.00215355
-0.00939264
-0.0111694
-0.00697798
0.00320295
0.0188556
0.0390568
0.0625056
0.0875451
0.112232
0.134476
0.152253
0.163885
0.168352
0.165648
0.156805
0.142585
0.124461
0.0434318
0.0183259
0.00229688
-0.00588347
-0.00813431
-0.00446144
0.00494805
0.0195306
0.0384565
0.0605936
0.0844671
0.108281
0.130021
0.147637
0.159305
0.163736
0.16058
0.150372
0.132485
0.107115
0.0517085
0.0195868
-5.93572e-06
-0.00961538
-0.0125557
-0.00926383
-0.00011698
0.0142602
0.0330947
0.0553688
0.0797178
0.104399
0.12735
0.146349
0.159255
0.164351
0.16084
0.148779
0.126369
0.0930062
0.0509788
0.0119853
-0.0112331
-0.0223204
-0.0258317
-0.0225696
-0.0130696
0.00199333
0.0218956
0.045713
0.0721548
0.0994746
0.125479
0.147654
0.163392
0.170378
0.167227
0.153458
0.126155
0.0841712
0.0386854
-0.00701223
-0.0337013
-0.0460345
-0.0497482
-0.045981
-0.0354017
-0.018714
0.00342536
0.0301978
0.0603895
0.0922358
0.123368
0.150883
0.17156
0.182283
0.180865
0.16611
0.133824
0.0823718
0.0123219
-0.0399652
-0.0698095
-0.0828995
-0.086203
-0.0812146
-0.0687291
-0.0494512
-0.0239283
0.00717721
0.0427806
0.0811396
0.119716
0.155169
0.183516
0.200599
0.203116
0.188815
0.151791
0.0897546
-0.0308172
-0.089669
-0.122188
-0.135247
-0.137232
-0.130079
-0.114728
-0.0918537
-0.0618297
-0.0250685
0.0175826
0.0645112
0.11309
0.159548
0.199032
0.226065
0.235806
0.224387
0.183401
0.109459
-0.0938362
-0.159341
-0.19378
-0.205555
-0.204854
-0.194235
-0.174834
-0.14727
-0.111649
-0.067996
-0.016751
0.0407929
0.102096
0.163071
0.217959
0.259704
0.281389
0.27671
0.23347
0.146285
-0.180526
-0.252888
-0.28794
-0.296332
-0.290788
-0.27479
-0.24976
-0.216224
-0.173899
-0.122238
-0.0610352
0.0090121
0.0857562
0.16506
0.240387
0.302936
0.343144
0.351151
0.308988
0.2076
-0.29596
-0.375379
-0.408568
-0.409937
-0.396031
-0.371723
-0.338821
-0.297687
-0.247475
-0.186827
-0.114588
-0.0304991
0.0641341
0.165599
0.266976
0.357817
0.425446
0.45509
0.420118
0.304755
-0.447818
-0.533914
-0.560311
-0.548242
-0.520229
-0.483108
-0.439098
-0.388216
-0.328785
-0.258322
-0.174375
-0.0752467
0.0391319
0.1662
0.29944
0.427346
0.534073
0.598565
0.581657
0.455535
-0.649386
-0.73918
-0.748676
-0.71198
-0.660721
-0.604116
-0.544508
-0.481128
-0.411005
-0.330107
-0.234264
-0.119896
0.0151345
0.170352
0.340903
0.515599
0.676301
0.794888
0.81523
0.688785
-0.926157
-1.00795
-0.979576
-0.899225
-0.81095
-0.725715
-0.644903
-0.565971
-0.483859
-0.392398
-0.28524
-0.156447
-0.00116622
0.18329
0.39547
0.626978
0.859986
1.06046
1.1521
1.05289
-1.32844
-1.36618
-1.25763
-1.10292
-0.958472
-0.833511
-0.725767
-0.628952
-0.534607
-0.433611
-0.316961
-0.175966
-0.00250604
0.210313
0.466531
0.764281
1.09129
1.41271
1.63457
1.62758
-1.95544
-1.85082
-1.58326
-1.30949
-1.08488
-0.908833
-0.770348
-0.655846
-0.551421
-0.444056
-0.321657
-0.172554
0.0149882
0.253005
0.55335
0.925682
1.37137
1.86539
2.31498
2.54273
-3.04219
-2.50709
-1.93296
-1.48558
-1.15918
-0.92674
-0.760743
-0.634963
-0.527565
-0.420929
-0.29993
-0.150181
0.0434727
0.298716
0.637556
1.08726
1.67383
2.40507
3.26089
4.07472
-5.23496
-3.35159
-2.15257
-1.49386
-1.08555
-0.825553
-0.660234
-0.547205
-0.456487
-0.36726
-0.263178
-0.128979
0.0518066
0.300553
0.648596
1.14443
1.85511
2.88363
4.51475
6.90027
-9.14833
-4.17331
-1.93615
-1.13047
-0.750486
-0.547508
-0.442611
-0.384359
-0.340895
-0.293079
-0.227162
-0.130943
0.00957596
0.213139
0.511023
0.962422
1.68263
2.95797
5.75022
11.2856
)
;

boundaryField
{
    movingWall
    {
        type            zeroGradient;
    }
    fixedWalls
    {
        type            zeroGradient;
    }
    frontAndBack
    {
        type            empty;
    }
}


// ************************************************************************* //
