/*--------------------------------*- C++ -*----------------------------------*\
  =========                 |
  \\      /  F ield         | OpenFOAM: The Open Source CFD Toolbox
   \\    /   O peration     | Website:  https://openfoam.org
    \\  /    A nd           | Version:  8
     \\/     M anipulation  |
\*---------------------------------------------------------------------------*/
FoamFile
{
    version     2.0;
    format      ascii;
    class       surfaceScalarField;
    location    "0.2";
    object      phi;
}
// * * * * * * * * * * * * * * * * * * * * * * * * * * * * * * * * * * * * * //

dimensions      [0 3 -1 0 0 0 0];

internalField   nonuniform List<scalar> 
760
(
2.9852e-08
-2.99413e-08
-5.245e-08
8.23e-08
-2.5511e-07
2.0266e-07
-5.411e-07
2.85991e-07
-8.67936e-07
3.26836e-07
-1.19643e-06
3.28497e-07
-1.49307e-06
2.96634e-07
-1.73048e-06
2.3741e-07
-1.88739e-06
1.56917e-07
-1.94886e-06
6.14729e-08
-1.90707e-06
-4.17931e-08
-1.7626e-06
-1.44469e-07
-1.52586e-06
-2.36743e-07
-1.21807e-06
-3.07783e-07
-8.71381e-07
-3.46692e-07
-5.27272e-07
-3.4411e-07
-2.32786e-07
-2.94485e-07
-3.39251e-08
-1.98861e-07
3.68952e-08
-7.08204e-08
3.68951e-08
-7.86996e-08
4.87611e-08
-4.04184e-07
4.07779e-07
-9.62065e-07
7.60539e-07
-1.68393e-06
1.00785e-06
-2.4849e-06
1.12781e-06
-3.2804e-06
1.124e-06
-3.99421e-06
1.01045e-06
-4.56222e-06
8.05414e-07
-4.93431e-06
5.29014e-07
-5.07605e-06
2.03215e-07
-4.97073e-06
-1.47113e-07
-4.62186e-06
-4.93331e-07
-4.05554e-06
-8.03065e-07
-3.32161e-06
-1.04171e-06
-2.4926e-06
-1.1757e-06
-1.659e-06
-1.17771e-06
-9.19675e-07
-1.03381e-06
-3.66571e-07
-7.51966e-07
-6.20738e-08
-3.75319e-07
-2.51787e-08
-2.08082e-07
2.56837e-07
-7.95628e-07
9.95328e-07
-1.6914e-06
1.65631e-06
-2.79257e-06
2.10902e-06
-3.98332e-06
2.31856e-06
-5.14936e-06
2.29004e-06
-6.18698e-06
2.04807e-06
-7.00828e-06
1.62672e-06
-7.54437e-06
1.06511e-06
-7.74807e-06
4.06916e-07
-7.5968e-06
-2.98378e-07
-7.09575e-06
-9.94381e-07
-6.28064e-06
-1.61818e-06
-5.21905e-06
-2.10331e-06
-4.00878e-06
-2.38597e-06
-2.77171e-06
-2.41478e-06
-1.64171e-06
-2.16381e-06
-7.46475e-07
-1.64721e-06
-1.84205e-07
-9.3759e-07
-2.09383e-07
-3.2606e-07
5.82896e-07
-1.16737e-06
1.83664e-06
-2.38708e-06
2.87602e-06
-3.84e-06
3.56194e-06
-5.37987e-06
3.85842e-06
-6.86863e-06
3.7788e-06
-8.18325e-06
3.36269e-06
-9.22009e-06
2.66356e-06
-9.89795e-06
1.74298e-06
-1.01609e-05
6.69826e-07
-9.98117e-06
-4.78067e-07
-9.36317e-06
-1.61238e-06
-8.34651e-06
-2.63484e-06
-7.0084e-06
-3.44141e-06
-5.46294e-06
-3.93143e-06
-3.85557e-06
-4.02216e-06
-2.35132e-06
-3.66805e-06
-1.11663e-06
-2.88189e-06
-2.97269e-07
-1.75695e-06
-5.06652e-07
-4.32818e-07
1.01572e-06
-1.51506e-06
2.91888e-06
-3.0452e-06
4.40616e-06
-4.83203e-06
5.34878e-06
-6.69793e-06
5.72432e-06
-8.48352e-06
5.5644e-06
-1.0051e-05
4.93021e-06
-1.12862e-05
3.89873e-06
-1.20997e-05
2.55647e-06
-1.24289e-05
9.99051e-07
-1.22408e-05
-6.66222e-07
-1.15355e-05
-2.31768e-06
-1.03512e-05
-3.81913e-06
-8.76805e-06
-5.02455e-06
-6.91015e-06
-5.78933e-06
-4.94285e-06
-5.98946e-06
-3.06319e-06
-5.54771e-06
-1.48266e-06
-4.46242e-06
-4.04214e-07
-2.8354e-06
-9.10866e-07
-5.32667e-07
1.54838e-06
-1.84559e-06
4.23179e-06
-3.67467e-06
6.23524e-06
-5.78147e-06
7.45558e-06
-7.95669e-06
7.89953e-06
-1.00215e-05
7.62922e-06
-1.18269e-05
6.73563e-06
-1.32521e-05
5.3239e-06
-1.42029e-05
3.50725e-06
-1.46116e-05
1.40778e-06
-1.44389e-05
-8.38962e-07
-1.36774e-05
-3.07914e-06
-1.23582e-05
-5.13838e-06
-1.05574e-05
-6.82532e-06
-8.40299e-06
-7.94373e-06
-6.07689e-06
-8.31556e-06
-3.80977e-06
-7.81483e-06
-1.86532e-06
-6.40687e-06
-5.14021e-07
-4.1867e-06
-1.42489e-06
-6.29748e-07
2.17813e-06
-2.16721e-06
5.76925e-06
-4.28545e-06
8.35348e-06
-6.69784e-06
9.86798e-06
-9.16402e-06
1.03657e-05
-1.14884e-05
9.95361e-06
-1.3515e-05
8.76218e-06
-1.51208e-05
6.92974e-06
-1.62108e-05
4.59723e-06
-1.67143e-05
1.91127e-06
-1.6585e-05
-9.68178e-07
-1.58049e-05
-3.85924e-06
-1.43914e-05
-6.5519e-06
-1.24086e-05
-8.80813e-06
-9.97983e-06
-1.03725e-05
-7.29778e-06
-1.09976e-05
-4.62647e-06
-1.04861e-05
-2.28891e-06
-8.74442e-06
-6.36559e-07
-5.83905e-06
-2.06145e-06
-7.27566e-07
2.90569e-06
-2.48715e-06
7.52883e-06
-4.88454e-06
1.07509e-05
-7.58294e-06
1.25664e-05
-1.03124e-05
1.30951e-05
-1.28648e-05
1.25061e-05
-1.50834e-05
1.09808e-05
-1.68497e-05
8.69596e-06
-1.8073e-05
5.82056e-06
-1.86834e-05
2.52172e-06
-1.86287e-05
-1.02289e-06
-1.78769e-05
-4.61105e-06
-1.64252e-05
-8.00361e-06
-1.43152e-05
-1.09181e-05
-1.16534e-05
-1.30343e-05
-8.63223e-06
-1.40188e-05
-5.5442e-06
-1.35742e-05
-2.77732e-06
-1.15113e-05
-7.81721e-07
-7.83465e-06
-2.84317e-06
-8.29505e-07
3.7352e-06
-2.81197e-06
9.5113e-06
-5.47565e-06
1.34146e-05
-8.42948e-06
1.55202e-05
-1.13764e-05
1.60421e-05
-1.41033e-05
1.5233e-05
-1.64613e-05
1.33388e-05
-1.83459e-05
1.05806e-05
-1.96796e-05
7.1542e-06
-2.03991e-05
3.24122e-06
-2.04491e-05
-9.7287e-07
-1.97826e-05
-5.27756e-06
-1.83698e-05
-9.41641e-06
-1.62173e-05
-1.30706e-05
-1.33973e-05
-1.58543e-05
-1.00834e-05
-1.73326e-05
-6.5836e-06
-1.7074e-05
-3.35211e-06
-1.47428e-05
-9.59552e-07
-1.02272e-05
-3.80272e-06
-9.4036e-07
4.67556e-06
-3.15025e-06
1.17212e-05
-6.06132e-06
1.63256e-05
-9.22165e-06
1.86805e-05
-1.23119e-05
1.91324e-05
-1.51249e-05
1.80459e-05
-1.75335e-05
1.57474e-05
-1.94606e-05
1.25077e-05
-2.08533e-05
8.54693e-06
-2.16648e-05
4.05265e-06
-2.18426e-05
-7.95038e-07
-2.13261e-05
-5.79405e-06
-2.00534e-05
-1.06891e-05
-1.79825e-05
-1.51415e-05
-1.51287e-05
-1.87081e-05
-1.16183e-05
-2.0843e-05
-7.74871e-06
-2.09436e-05
-4.0316e-06
-1.84599e-05
-1.18115e-06
-1.30777e-05
-4.98387e-06
-1.06906e-06
5.74462e-06
-3.51707e-06
1.41692e-05
-6.64632e-06
1.94549e-05
-9.93542e-06
2.19696e-05
-1.30524e-05
2.22494e-05
-1.58138e-05
2.08073e-05
-1.81339e-05
1.80675e-05
-1.99806e-05
1.43543e-05
-2.1341e-05
9.9074e-06
-2.21973e-05
4.90891e-06
-2.25098e-05
-4.82571e-07
-2.22095e-05
-6.09427e-06
-2.12013e-05
-1.16974e-05
-1.93824e-05
-1.69604e-05
-1.66855e-05
-2.1405e-05
-1.31498e-05
-2.43787e-05
-9.01753e-06
-2.50759e-05
-4.82946e-06
-2.2648e-05
-1.46032e-06
-1.64468e-05
-6.44419e-06
-1.23313e-06
6.97775e-06
-3.94003e-06
1.68761e-05
-7.23992e-06
2.27548e-05
-1.05349e-05
2.52646e-05
-1.35007e-05
2.52152e-05
-1.60061e-05
2.33127e-05
-1.80336e-05
2.0095e-05
-1.96182e-05
1.59389e-05
-2.08046e-05
1.10938e-05
-2.16184e-05
5.72268e-06
-2.20453e-05
-5.56905e-08
-2.20187e-05
-6.1208e-06
-2.14151e-05
-1.2301e-05
-2.00656e-05
-1.83099e-05
-1.77959e-05
-2.36748e-05
-1.45097e-05
-2.76649e-05
-1.03257e-05
-2.92599e-05
-5.75125e-06
-2.72224e-05
-1.81624e-06
-2.03818e-05
-8.26043e-06
-1.46605e-06
8.4438e-06
-4.46525e-06
1.98753e-05
-7.85152e-06
2.6141e-05
-1.09562e-05
2.83693e-05
-1.35051e-05
2.77641e-05
-1.54643e-05
2.52719e-05
-1.6919e-05
2.15497e-05
-1.79953e-05
1.70152e-05
-1.88117e-05
1.19102e-05
-1.945e-05
6.36098e-06
-1.99349e-05
4.29226e-07
-2.02167e-05
-5.83899e-06
-2.01582e-05
-1.23595e-05
-1.95314e-05
-1.89368e-05
-1.80419e-05
-2.51642e-05
-1.54094e-05
-3.02974e-05
-1.15373e-05
-3.3132e-05
-6.78499e-06
-3.19747e-05
-2.27738e-06
-2.48894e-05
-1.05378e-05
-1.82829e-06
1.02721e-05
-5.15745e-06
2.32045e-05
-8.46563e-06
2.94492e-05
-1.10615e-05
3.09652e-05
-1.28047e-05
2.95072e-05
-1.38247e-05
2.6292e-05
-1.435e-05
2.2075e-05
-1.46164e-05
1.72816e-05
-1.48238e-05
1.21177e-05
-1.51155e-05
6.6526e-06
-1.55632e-05
8.76945e-07
-1.61509e-05
-5.25124e-06
-1.67525e-05
-1.17579e-05
-1.71076e-05
-1.85816e-05
-1.68151e-05
-2.54567e-05
-1.53813e-05
-3.17312e-05
-1.23914e-05
-3.6122e-05
-7.8763e-06
-3.64898e-05
-2.8851e-06
-2.98806e-05
-1.34229e-05
-2.41911e-06
1.26912e-05
-6.07295e-06
2.68583e-05
-8.96098e-06
3.23372e-05
-1.0526e-05
3.25302e-05
-1.09122e-05
2.98934e-05
-1.04982e-05
2.58779e-05
-9.68694e-06
2.12637e-05
-8.8248e-06
1.64194e-05
-8.18054e-06
1.14734e-05
-7.94582e-06
6.41788e-06
-8.23622e-06
1.16734e-06
-9.08125e-06
-4.4062e-06
-1.03978e-05
-1.04414e-05
-1.19448e-05
-1.70346e-05
-1.32706e-05
-2.4131e-05
-1.36919e-05
-3.13099e-05
-1.24011e-05
-3.74127e-05
-8.86098e-06
-4.003e-05
-3.68542e-06
-3.50562e-05
-1.71083e-05
-3.36222e-06
1.60534e-05
-7.1352e-06
3.06313e-05
-8.89022e-06
3.40923e-05
-8.59108e-06
3.22311e-05
-6.89572e-06
2.81981e-05
-4.5039e-06
2.34861e-05
-1.98297e-06
1.87428e-05
2.53098e-07
1.41834e-05
1.91466e-06
9.81188e-06
2.80056e-06
5.53198e-06
2.77499e-06
1.19291e-06
1.76363e-06
-3.39484e-06
-2.24213e-07
-8.45358e-06
-3.03806e-06
-1.42207e-05
-6.2873e-06
-2.08817e-05
-9.21883e-06
-2.83783e-05
-1.0664e-05
-3.59676e-05
-9.28892e-06
-4.1405e-05
-4.66511e-06
-3.968e-05
-2.17734e-05
-4.67437e-06
2.07278e-05
-7.71827e-06
3.36752e-05
-6.94214e-06
3.33161e-05
-3.57927e-06
2.88682e-05
9.78302e-07
2.36405e-05
5.75342e-06
1.8711e-05
1.01316e-05
1.43646e-05
1.37471e-05
1.05678e-05
1.63814e-05
7.17761e-06
1.78907e-05
4.02273e-06
1.81624e-05
9.21148e-07
1.7097e-05
-2.32945e-06
1.46152e-05
-5.97179e-06
1.07065e-05
-1.0312e-05
5.54586e-06
-1.57211e-05
-2.9057e-07
-2.25419e-05
-5.53148e-06
-3.07266e-05
-8.02949e-06
-3.8907e-05
-5.5356e-06
-4.21739e-05
-2.7309e-05
-5.75767e-06
2.64855e-05
-5.45898e-06
3.33765e-05
2.32036e-07
2.76251e-05
7.92742e-06
2.11728e-05
1.56979e-05
1.58701e-05
2.26662e-05
1.17427e-05
2.84673e-05
8.56348e-06
3.29754e-05
6.05973e-06
3.61589e-05
3.99414e-06
3.8002e-05
2.17959e-06
3.84632e-05
4.59972e-07
3.74524e-05
-1.31866e-06
3.48193e-05
-3.33864e-06
3.03654e-05
-5.85815e-06
2.39143e-05
-9.26999e-06
1.55219e-05
-1.41495e-05
5.95774e-06
-2.11625e-05
-2.44544e-06
-3.05038e-05
-5.18983e-06
-3.94295e-05
-3.24989e-05
-2.49902e-06
2.89845e-05
7.28063e-06
2.35969e-05
2.02713e-05
1.46344e-05
3.20318e-05
9.41229e-06
4.16506e-05
6.25129e-06
4.91852e-05
4.20813e-06
5.49008e-05
2.84783e-06
5.90623e-05
1.89827e-06
6.18715e-05
1.18498e-06
6.3452e-05
5.99056e-07
6.38443e-05
6.77224e-08
6.3e-05
-4.74423e-07
6.07577e-05
-1.09632e-06
5.68106e-05
-1.91105e-06
5.06634e-05
-3.12283e-06
4.16465e-05
-5.13251e-06
2.9203e-05
-8.71903e-06
1.39624e-05
-1.52632e-05
6.55202e-07
-2.61223e-05
-3.18437e-05
2.89845e-05
5.25813e-05
6.72158e-05
7.66281e-05
8.28794e-05
8.70875e-05
8.99353e-05
9.18336e-05
9.30186e-05
9.36176e-05
9.36853e-05
9.32109e-05
9.21146e-05
9.02035e-05
8.70807e-05
8.19482e-05
7.32292e-05
5.7966e-05
3.18437e-05
)
;

boundaryField
{
    movingWall
    {
        type            calculated;
        value           uniform 0;
    }
    fixedWalls
    {
        type            calculated;
        value           uniform 0;
    }
    frontAndBack
    {
        type            empty;
        value           nonuniform List<scalar> 0();
    }
}


// ************************************************************************* //
