/*--------------------------------*- C++ -*----------------------------------*\
  =========                 |
  \\      /  F ield         | OpenFOAM: The Open Source CFD Toolbox
   \\    /   O peration     | Website:  https://openfoam.org
    \\  /    A nd           | Version:  8
     \\/     M anipulation  |
\*---------------------------------------------------------------------------*/
FoamFile
{
    version     2.0;
    format      ascii;
    class       volVectorField;
    location    "0.2";
    object      U;
}
// * * * * * * * * * * * * * * * * * * * * * * * * * * * * * * * * * * * * * //

dimensions      [0 1 -1 0 0 0 0];

internalField   nonuniform List<vector> 
400
(
(0.000542703 -0.000538708 0)
(0.00025647 0.000264468 0)
(-0.00267067 0.001245 0)
(-0.0077138 0.00192582 0)
(-0.0140084 0.00226426 0)
(-0.0207159 0.00230162 0)
(-0.0270995 0.00209169 0)
(-0.0325464 0.00168508 0)
(-0.0365683 0.00112635 0)
(-0.0388003 0.00045857 0)
(-0.0390104 -0.000269993 0)
(-0.0371214 -0.00100062 0)
(-0.033239 -0.0016619 0)
(-0.0276787 -0.00217179 0)
(-0.0209784 -0.00244413 0)
(-0.0138876 -0.00240049 0)
(-0.00731511 -0.00198799 0)
(-0.00222715 -0.00120352 0)
(0.000525073 -0.000161026 0)
(0.000612332 0.000597259 0)
(-0.00020617 -0.000314306 0)
(-0.00366287 0.00369679 0)
(-0.01269 0.00796495 0)
(-0.0258939 0.0109859 0)
(-0.0415304 0.0124837 0)
(-0.0578764 0.0125301 0)
(-0.0733039 0.0113113 0)
(-0.0863938 0.00904925 0)
(-0.0959948 0.0059749 0)
(-0.101253 0.00233356 0)
(-0.101647 -0.00159762 0)
(-0.0970329 -0.00549525 0)
(-0.0877004 -0.00898742 0)
(-0.0744083 -0.0116695 0)
(-0.0583943 -0.0131414 0)
(-0.0413228 -0.0130689 0)
(-0.0251376 -0.0112699 0)
(-0.0118085 -0.00782281 0)
(-0.00308479 -0.00327604 0)
(-3.67304e-05 0.000597827 0)
(-0.00121844 0.0025471 0)
(-0.00833546 0.0127925 0)
(-0.0235193 0.0224991 0)
(-0.0441179 0.0292883 0)
(-0.0676166 0.0325455 0)
(-0.0917175 0.0323341 0)
(-0.114224 0.02902 0)
(-0.133197 0.0231058 0)
(-0.147053 0.0151599 0)
(-0.154618 0.00581232 0)
(-0.155183 -0.00422311 0)
(-0.148559 -0.0141287 0)
(-0.135145 -0.0229873 0)
(-0.115976 -0.0298265 0)
(-0.0927227 -0.0337111 0)
(-0.0676284 -0.0338898 0)
(-0.0433046 -0.0299927 0)
(-0.0224115 -0.0222626 0)
(-0.00753963 -0.0118826 0)
(-0.000966433 -0.0018506 0)
(-0.0021167 0.00792317 0)
(-0.012728 0.0271687 0)
(-0.0338899 0.0438025 0)
(-0.0614734 0.0550479 0)
(-0.0921263 0.0601274 0)
(-0.123057 0.0591816 0)
(-0.151653 0.0528235 0)
(-0.175625 0.0419082 0)
(-0.193108 0.0274271 0)
(-0.202718 0.0104926 0)
(-0.203604 -0.00763525 0)
(-0.195517 -0.025524 0)
(-0.178882 -0.041581 0)
(-0.154864 -0.0541272 0)
(-0.125391 -0.0615526 0)
(-0.0931043 -0.0625581 0)
(-0.0611518 -0.0564776 0)
(-0.0328617 -0.0436309 0)
(-0.0118159 -0.0257277 0)
(-0.00179216 -0.00667938 0)
(-0.00290052 0.0155416 0)
(-0.0167744 0.0464619 0)
(-0.043669 0.0713741 0)
(-0.0779318 0.0875381 0)
(-0.115322 0.0942968 0)
(-0.152571 0.0920445 0)
(-0.186731 0.0817514 0)
(-0.215263 0.0646999 0)
(-0.236122 0.0423592 0)
(-0.247781 0.0163703 0)
(-0.249267 -0.011416 0)
(-0.240235 -0.0389019 0)
(-0.221046 -0.0637511 0)
(-0.192868 -0.0834833 0)
(-0.157746 -0.0956833 0)
(-0.11861 -0.0983395 0)
(-0.0791077 -0.0902945 0)
(-0.0433075 -0.0717342 0)
(-0.0159613 -0.0446703 0)
(-0.00253343 -0.0136886 0)
(-0.00361869 0.0252148 0)
(-0.02059 0.0704515 0)
(-0.0530058 0.105017 0)
(-0.0936963 0.12654 0)
(-0.137512 0.134787 0)
(-0.180722 0.130632 0)
(-0.220097 0.11555 0)
(-0.252936 0.0913395 0)
(-0.277091 0.0599893 0)
(-0.290944 0.023681 0)
(-0.293412 -0.0151461 0)
(-0.284006 -0.0537256 0)
(-0.262933 -0.0889493 0)
(-0.231231 -0.117457 0)
(-0.19092 -0.13588 0)
(-0.145113 -0.141268 0)
(-0.0979328 -0.131684 0)
(-0.0542756 -0.106869 0)
(-0.0202654 -0.0688695 0)
(-0.00327687 -0.0228341 0)
(-0.00431594 0.0368458 0)
(-0.0243067 0.0989802 0)
(-0.062091 0.144542 0)
(-0.108968 0.171817 0)
(-0.158874 0.181312 0)
(-0.207645 0.174645 0)
(-0.251848 0.153976 0)
(-0.28871 0.121716 0)
(-0.316071 0.0804013 0)
(-0.332284 0.0327331 0)
(-0.336176 -0.0183099 0)
(-0.327078 -0.0693434 0)
(-0.304939 -0.116505 0)
(-0.270517 -0.155502 0)
(-0.225633 -0.181854 0)
(-0.173424 -0.191388 0)
(-0.118413 -0.180994 0)
(-0.0663838 -0.149536 0)
(-0.0250706 -0.0987494 0)
(-0.0041164 -0.0342687 0)
(-0.00502975 0.0504147 0)
(-0.0280427 0.131965 0)
(-0.0710878 0.189761 0)
(-0.123859 0.223048 0)
(-0.179366 0.233443 0)
(-0.233079 0.223613 0)
(-0.281471 0.196616 0)
(-0.321832 0.155576 0)
(-0.352113 0.103592 0)
(-0.370738 0.0438254 0)
(-0.37649 -0.0203082 0)
(-0.3685 -0.0849216 0)
(-0.346367 -0.145482 0)
(-0.310392 -0.196763 0)
(-0.261957 -0.233032 0)
(-0.203972 -0.248563 0)
(-0.141176 -0.238566 0)
(-0.080223 -0.200417 0)
(-0.0307268 -0.135022 0)
(-0.00514814 -0.0483461 0)
(-0.0057978 0.0659683 0)
(-0.0319158 0.16939 0)
(-0.0801337 0.240458 0)
(-0.138369 0.279762 0)
(-0.19869 0.290488 0)
(-0.256309 0.276735 0)
(-0.307781 0.242704 0)
(-0.350649 0.192347 0)
(-0.383163 0.129316 0)
(-0.403967 0.0571344 0)
(-0.411895 -0.0205107 0)
(-0.405905 -0.0994231 0)
(-0.385164 -0.174576 0)
(-0.349325 -0.239902 0)
(-0.299025 -0.288331 0)
(-0.236564 -0.312251 0)
(-0.166531 -0.304554 0)
(-0.0962871 -0.260278 0)
(-0.0375855 -0.178665 0)
(-0.00647744 -0.0656205 0)
(-0.00667607 0.0836292 0)
(-0.0360909 0.211306 0)
(-0.0893944 0.296334 0)
(-0.152422 0.341203 0)
(-0.216284 0.351303 0)
(-0.276122 0.332653 0)
(-0.328834 0.290891 0)
(-0.3725 0.230909 0)
(-0.405923 0.156884 0)
(-0.428183 0.0725538 0)
(-0.438327 -0.0183532 0)
(-0.435219 -0.111619 0)
(-0.41757 -0.202019 0)
(-0.384207 -0.28288 0)
(-0.334653 -0.345848 0)
(-0.270064 -0.381143 0)
(-0.194276 -0.37861 0)
(-0.114911 -0.329769 0)
(-0.0460168 -0.23086 0)
(-0.00823642 -0.0868565 0)
(-0.0077718 0.103647 0)
(-0.0408642 0.257858 0)
(-0.0991533 0.356935 0)
(-0.165905 0.406165 0)
(-0.231295 0.414054 0)
(-0.290714 0.389182 0)
(-0.341806 0.338963 0)
(-0.383567 0.269334 0)
(-0.415689 0.184924 0)
(-0.437965 0.0894916 0)
(-0.449883 -0.013491 0)
(-0.450373 -0.120164 0)
(-0.43775 -0.225548 0)
(-0.409893 -0.322786 0)
(-0.364852 -0.402519 0)
(-0.301969 -0.452706 0)
(-0.223407 -0.459408 0)
(-0.136172 -0.409088 0)
(-0.0564408 -0.292881 0)
(-0.0106147 -0.113066 0)
(-0.00930167 0.126522 0)
(-0.0467917 0.309354 0)
(-0.10991 0.42155 0)
(-0.178653 0.472738 0)
(-0.242438 0.475899 0)
(-0.297476 0.442989 0)
(-0.342746 0.383554 0)
(-0.378652 0.304625 0)
(-0.40616 0.211148 0)
(-0.426097 0.10665 0)
(-0.438655 -0.00600125 0)
(-0.443074 -0.123762 0)
(-0.437443 -0.242465 0)
(-0.41873 -0.355726 0)
(-0.383243 -0.45379 0)
(-0.327801 -0.522629 0)
(-0.251662 -0.543988 0)
(-0.159701 -0.497458 0)
(-0.0693633 -0.365915 0)
(-0.0139125 -0.145591 0)
(-0.0116954 0.153252 0)
(-0.0548688 0.366358 0)
(-0.122415 0.488984 0)
(-0.190239 0.537893 0)
(-0.247583 0.532542 0)
(-0.292484 0.489218 0)
(-0.326086 0.419865 0)
(-0.35078 0.332513 0)
(-0.369188 0.23218 0)
(-0.383434 0.121844 0)
(-0.394673 0.00339827 0)
(-0.402729 -0.121403 0)
(-0.405781 -0.249848 0)
(-0.400141 -0.376889 0)
(-0.380395 -0.493396 0)
(-0.340292 -0.584223 0)
(-0.27477 -0.626861 0)
(-0.184275 -0.59227 0)
(-0.0853877 -0.450708 0)
(-0.0186278 -0.186268 0)
(-0.0157692 0.185774 0)
(-0.06673 0.429703 0)
(-0.137439 0.557026 0)
(-0.199211 0.596759 0)
(-0.242674 0.577612 0)
(-0.269366 0.521093 0)
(-0.283671 0.44149 0)
(-0.290514 0.347441 0)
(-0.294393 0.243587 0)
(-0.298822 0.131984 0)
(-0.306021 0.0132096 0)
(-0.31664 -0.112657 0)
(-0.329368 -0.24495 0)
(-0.340428 -0.380908 0)
(-0.343179 -0.51343 0)
(-0.328294 -0.627948 0)
(-0.285203 -0.698911 0)
(-0.206948 -0.687743 0)
(-0.105074 -0.546821 0)
(-0.0255686 -0.237662 0)
(-0.0229433 0.227624 0)
(-0.0846298 0.500097 0)
(-0.154657 0.621231 0)
(-0.201032 0.641408 0)
(-0.219324 0.6019 0)
(-0.217078 0.529686 0)
(-0.203008 0.440602 0)
(-0.184786 0.34296 0)
(-0.168592 0.240325 0)
(-0.159026 0.133396 0)
(-0.159177 0.0212233 0)
(-0.170575 -0.097951 0)
(-0.192843 -0.225822 0)
(-0.222976 -0.362687 0)
(-0.25429 -0.505051 0)
(-0.275418 -0.641475 0)
(-0.270131 -0.746353 0)
(-0.221151 -0.772937 0)
(-0.128173 -0.651047 0)
(-0.0358439 -0.303238 0)
(-0.035164 0.28498 0)
(-0.110176 0.576544 0)
(-0.16899 0.672285 0)
(-0.183098 0.658953 0)
(-0.159968 0.592687 0)
(-0.116003 0.504265 0)
(-0.0645456 0.4089 0)
(-0.0153017 0.312928 0)
(0.0248595 0.217874 0)
(0.0511647 0.122714 0)
(0.0603149 0.0249855 0)
(0.0501776 -0.0786656 0)
(0.0199368 -0.192077 0)
(-0.0291568 -0.318795 0)
(-0.0922491 -0.460142 0)
(-0.158476 -0.610807 0)
(-0.2081 -0.750226 0)
(-0.212597 -0.829122 0)
(-0.150901 -0.754471 0)
(-0.0500744 -0.387581 0)
(-0.05309 0.368887 0)
(-0.138651 0.651533 0)
(-0.160323 0.689935 0)
(-0.113908 0.628206 0)
(-0.0292996 0.533299 0)
(0.0677451 0.433622 0)
(0.161543 0.339693 0)
(0.242852 0.253676 0)
(0.30622 0.17418 0)
(0.34828 0.0983905 0)
(0.366617 0.0227685 0)
(0.359147 -0.0568801 0)
(0.323982 -0.145576 0)
(0.259887 -0.249244 0)
(0.16777 -0.37398 0)
(0.0539782 -0.522833 0)
(-0.0640618 -0.686826 0)
(-0.151419 -0.826239 0)
(-0.158721 -0.83695 0)
(-0.0648939 -0.497154 0)
(-0.0662874 0.492412 0)
(-0.139665 0.69651 0)
(-0.0683942 0.633083 0)
(0.077317 0.517948 0)
(0.238093 0.406338 0)
(0.388102 0.310966 0)
(0.516906 0.232598 0)
(0.620421 0.167844 0)
(0.697494 0.112515 0)
(0.747916 0.0627082 0)
(0.771266 0.0147882 0)
(0.766315 -0.0350415 0)
(0.730676 -0.0913514 0)
(0.660719 -0.160309 0)
(0.552193 -0.250458 0)
(0.402755 -0.372312 0)
(0.217633 -0.533274 0)
(0.0219305 -0.720792 0)
(-0.109471 -0.852657 0)
(-0.0603413 -0.628939 0)
(0.00532033 0.597647 0)
(0.0183463 0.625379 0)
(0.26391 0.452842 0)
(0.528873 0.316249 0)
(0.746023 0.221378 0)
(0.916651 0.155136 0)
(1.04811 0.108305 0)
(1.14605 0.074032 0)
(1.21514 0.0474202 0)
(1.2587 0.0251017 0)
(1.27843 0.00458912 0)
(1.27431 -0.0163346 0)
(1.24435 -0.0402968 0)
(1.184 -0.0711852 0)
(1.0854 -0.115634 0)
(0.936951 -0.185261 0)
(0.722473 -0.298721 0)
(0.427885 -0.477964 0)
(0.121142 -0.704159 0)
(0.0554103 -0.684311 0)
(0.647818 0.316797 0)
(0.847374 0.278544 0)
(1.19076 0.170152 0)
(1.44767 0.101086 0)
(1.60502 0.0612936 0)
(1.70621 0.0377736 0)
(1.77472 0.0235325 0)
(1.8211 0.0145367 0)
(1.85129 0.00840586 0)
(1.86877 0.00376607 0)
(1.87533 -0.000219092 0)
(1.87139 -0.00415946 0)
(1.85611 -0.00874707 0)
(1.82691 -0.0150514 0)
(1.77827 -0.0251914 0)
(1.69919 -0.0437156 0)
(1.56443 -0.0803264 0)
(1.31673 -0.153703 0)
(0.940757 -0.279802 0)
(0.692216 -0.332671 0)
)
;

boundaryField
{
    movingWall
    {
        type            fixedValue;
        value           uniform (2.2 0 0);
    }
    fixedWalls
    {
        type            noSlip;
    }
    frontAndBack
    {
        type            empty;
    }
}


// ************************************************************************* //
