/*--------------------------------*- C++ -*----------------------------------*\
  =========                 |
  \\      /  F ield         | OpenFOAM: The Open Source CFD Toolbox
   \\    /   O peration     | Website:  https://openfoam.org
    \\  /    A nd           | Version:  8
     \\/     M anipulation  |
\*---------------------------------------------------------------------------*/
FoamFile
{
    version     2.0;
    format      ascii;
    class       volScalarField;
    location    "0.3";
    object      p;
}
// * * * * * * * * * * * * * * * * * * * * * * * * * * * * * * * * * * * * * //

dimensions      [0 2 -2 0 0 0 0];

internalField   nonuniform List<scalar> 
400
(
2.3583e-06
-0.0222108
-0.0485994
-0.0684154
-0.0758973
-0.0686029
-0.0462426
-0.00993774
0.0381266
0.0947738
0.155837
0.216263
0.270455
0.312891
0.339022
0.346329
0.335379
0.310672
0.281021
0.259139
0.0220684
-0.000921269
-0.0215294
-0.03499
-0.0389327
-0.0317072
-0.0129589
0.0166019
0.0554141
0.10108
0.150357
0.199254
0.243324
0.278196
0.300301
0.30771
0.300927
0.283239
0.25981
0.237555
0.0500046
0.0182766
-0.00378408
-0.015885
-0.0190485
-0.0126068
0.00355858
0.028872
0.0621796
0.101645
0.144642
0.187784
0.227143
0.258718
0.279093
0.28621
0.280141
0.263165
0.237466
0.206324
0.0735068
0.030127
0.00309178
-0.0104913
-0.0145717
-0.00937313
0.00492698
0.0277837
0.058334
0.0951564
0.136032
0.177858
0.216791
0.248662
0.269618
0.276953
0.27003
0.250288
0.217704
0.173673
0.08524
0.0301009
-0.00272633
-0.0186937
-0.024279
-0.0204321
-0.00754555
0.0139034
0.0433471
0.0797514
0.121232
0.164841
0.206603
0.241869
0.265964
0.275128
0.267721
0.244318
0.203062
0.144371
0.079491
0.0131816
-0.0254479
-0.0440309
-0.0512565
-0.0486439
-0.0366885
-0.0157136
0.01407
0.0520546
0.0967029
0.145184
0.19327
0.235594
0.266291
0.280083
0.2739
0.247212
0.196351
0.121278
0.051397
-0.0253317
-0.0694192
-0.0904763
-0.0992031
-0.0975796
-0.0860986
-0.0648194
-0.0334835
0.0078443
0.0580841
0.114598
0.172899
0.226739
0.26869
0.291393
0.289692
0.261394
0.200554
0.106819
-0.00352632
-0.089905
-0.138877
-0.161969
-0.171833
-0.170876
-0.159511
-0.137414
-0.103694
-0.0576704
0.000267798
0.0679037
0.140638
0.211311
0.270602
0.308384
0.316481
0.290011
0.219614
0.10431
-0.0896283
-0.184968
-0.238051
-0.262404
-0.272753
-0.272006
-0.260473
-0.237326
-0.200844
-0.149315
-0.0820712
-0.000503037
0.0910437
0.184677
0.268986
0.330339
0.35628
0.337601
0.25945
0.119262
-0.211256
-0.315058
-0.371144
-0.395381
-0.404988
-0.403613
-0.391508
-0.367253
-0.328068
-0.270851
-0.193395
-0.0956677
0.018872
0.142105
0.260631
0.356693
0.412051
0.410779
0.329128
0.160893
-0.37301
-0.485086
-0.54233
-0.563826
-0.570271
-0.566518
-0.55291
-0.527353
-0.485768
-0.423264
-0.335517
-0.220317
-0.0793174
0.0800704
0.243085
0.387652
0.488257
0.519127
0.442414
0.244249
-0.580504
-0.700984
-0.755862
-0.769537
-0.768138
-0.758501
-0.741252
-0.713533
-0.669685
-0.602593
-0.505216
-0.372321
-0.202623
-0.00142204
0.216537
0.425561
0.59194
0.676491
0.619957
0.393472
-0.842309
-0.971044
-1.01635
-1.01258
-0.994821
-0.972908
-0.947843
-0.915763
-0.869024
-0.797815
-0.691798
-0.541914
-0.342744
-0.0957267
0.186653
0.477183
0.734499
0.902873
0.892491
0.647273
-1.17463
-1.30849
-1.32905
-1.29035
-1.24186
-1.19725
-1.15747
-1.11696
-1.0654
-0.989718
-0.875728
-0.709917
-0.481693
-0.186815
0.167445
0.55625
0.933777
1.22679
1.30563
1.06871
-1.61188
-1.73586
-1.69952
-1.59557
-1.49418
-1.41187
-1.34776
-1.29303
-1.23349
-1.15192
-1.02983
-0.848823
-0.592449
-0.249276
0.181861
0.684176
1.21455
1.68647
1.92547
1.76125
-2.22814
-2.29115
-2.13153
-1.91306
-1.7278
-1.58918
-1.48994
-1.41503
-1.34431
-1.25526
-1.12453
-0.928618
-0.644924
-0.253775
0.257419
0.886816
1.60564
2.32689
2.84015
2.88669
-3.18061
-3.03387
-2.62418
-2.21909
-1.9112
-1.69688
-1.55385
-1.45568
-1.3731
-1.27689
-1.13832
-0.928742
-0.619191
-0.180894
0.413178
1.18384
2.13151
3.19167
4.15849
4.69289
-4.85721
-4.0418
-3.14328
-2.4632
-1.99683
-1.6953
-1.51055
-1.39566
-1.30843
-1.21191
-1.0722
-0.856039
-0.528533
-0.0509322
0.621933
1.54323
2.76198
4.27997
6.02923
7.69341
-8.35185
-5.34073
-3.43059
-2.41751
-1.82441
-1.47962
-1.29614
-1.20161
-1.14016
-1.06935
-0.953062
-0.756282
-0.44161
0.0369753
0.741931
1.76608
3.23962
5.34588
8.55061
13.0758
-14.9087
-6.59181
-2.94915
-1.72626
-1.19334
-0.943237
-0.8595
-0.856777
-0.87508
-0.874094
-0.821649
-0.686964
-0.435554
-0.0246807
0.609369
1.57983
3.11259
5.73301
11.044
21.0423
)
;

boundaryField
{
    movingWall
    {
        type            zeroGradient;
    }
    fixedWalls
    {
        type            zeroGradient;
    }
    frontAndBack
    {
        type            empty;
    }
}


// ************************************************************************* //
