/*--------------------------------*- C++ -*----------------------------------*\
  =========                 |
  \\      /  F ield         | OpenFOAM: The Open Source CFD Toolbox
   \\    /   O peration     | Website:  https://openfoam.org
    \\  /    A nd           | Version:  8
     \\/     M anipulation  |
\*---------------------------------------------------------------------------*/
FoamFile
{
    version     2.0;
    format      ascii;
    class       surfaceScalarField;
    location    "0.3";
    object      phi;
}
// * * * * * * * * * * * * * * * * * * * * * * * * * * * * * * * * * * * * * //

dimensions      [0 3 -1 0 0 0 0];

internalField   nonuniform List<scalar> 
760
(
4.92446e-08
-4.9263e-08
-9.66197e-08
1.45864e-07
-4.46624e-07
3.50002e-07
-9.35294e-07
4.8867e-07
-1.49152e-06
5.56226e-07
-2.05172e-06
5.60201e-07
-2.56177e-06
5.10049e-07
-2.97622e-06
4.14445e-07
-3.25742e-06
2.81202e-07
-3.37622e-06
1.18794e-07
-3.31445e-06
-6.17729e-08
-3.06885e-06
-2.456e-07
-2.65517e-06
-4.13674e-07
-2.11114e-06
-5.44037e-07
-1.49659e-06
-6.14547e-07
-8.89533e-07
-6.07056e-07
-3.76907e-07
-5.12627e-07
-3.99457e-08
-3.36961e-07
7.03722e-08
-1.10317e-07
7.03727e-08
-1.42443e-07
9.31807e-08
-7.12633e-07
7.16054e-07
-1.67697e-06
1.31434e-06
-2.91538e-06
1.72708e-06
-4.28555e-06
1.92639e-06
-5.64866e-06
1.92331e-06
-6.87958e-06
1.74096e-06
-7.87049e-06
1.40535e-06
-8.53289e-06
9.43607e-07
-8.80103e-06
3.86932e-07
-8.63759e-06
-2.25213e-07
-8.04099e-06
-8.42196e-07
-7.05245e-06
-1.40221e-06
-5.76005e-06
-1.83644e-06
-4.29693e-06
-2.07766e-06
-2.83087e-06
-2.07312e-06
-1.5431e-06
-1.80039e-06
-5.96361e-07
-1.28371e-06
-9.16895e-08
-6.14993e-07
-2.13162e-08
-3.7041e-07
4.63589e-07
-1.3974e-06
1.74305e-06
-2.94614e-06
2.86307e-06
-4.83769e-06
3.61864e-06
-6.87841e-06
3.96711e-06
-8.88052e-06
3.92541e-06
-1.06731e-05
3.53352e-06
-1.21076e-05
2.83989e-06
-1.30623e-05
1.89832e-06
-1.34476e-05
7.72154e-07
-1.32133e-05
-4.59452e-07
-1.23584e-05
-1.6971e-06
-1.09389e-05
-2.82173e-06
-9.073e-06
-3.70235e-06
-6.93889e-06
-4.21178e-06
-4.76171e-06
-4.25029e-06
-2.78755e-06
-3.77456e-06
-1.24477e-06
-2.82649e-06
-2.97213e-07
-1.56255e-06
-3.18529e-07
-5.7839e-07
1.04198e-06
-2.0456e-06
3.21025e-06
-4.1509e-06
4.96837e-06
-6.64411e-06
6.11185e-06
-9.28251e-06
6.60551e-06
-1.18405e-05
6.48342e-06
-1.41158e-05
5.80884e-06
-1.59334e-05
4.6574e-06
-1.7149e-05
3.11397e-06
-1.76556e-05
1.27871e-06
-1.7391e-05
-7.24051e-07
-1.63486e-05
-2.73951e-06
-1.45875e-05
-4.58281e-06
-1.22401e-05
-6.04968e-06
-9.51279e-06
-6.93912e-06
-6.67461e-06
-7.08847e-06
-4.03174e-06
-6.41743e-06
-1.88671e-06
-4.97152e-06
-4.89934e-07
-2.95933e-06
-8.08463e-07
-7.6473e-07
1.8067e-06
-2.64361e-06
5.08913e-06
-5.27357e-06
7.59833e-06
-8.32939e-06
9.16767e-06
-1.15198e-05
9.7959e-06
-1.45871e-05
9.55077e-06
-1.73066e-05
8.52833e-06
-1.94855e-05
6.83625e-06
-2.09641e-05
4.59264e-06
-2.16205e-05
1.93512e-06
-2.1378e-05
-9.66601e-07
-2.02164e-05
-3.90107e-06
-1.81857e-05
-6.61357e-06
-1.54179e-05
-8.81749e-06
-1.21347e-05
-1.02223e-05
-8.643e-06
-1.05801e-05
-5.31328e-06
-9.74714e-06
-2.53798e-06
-7.74681e-06
-6.76166e-07
-4.82115e-06
-1.48463e-06
-9.34143e-07
2.74085e-06
-3.19555e-06
7.35054e-06
-6.3166e-06
1.07194e-05
-9.89847e-06
1.27495e-05
-1.36035e-05
1.3501e-05
-1.71472e-05
1.30944e-05
-2.02889e-05
1.16701e-05
-2.28254e-05
9.37273e-06
-2.45867e-05
6.35392e-06
-2.54372e-05
2.78567e-06
-2.52822e-05
-1.12166e-06
-2.40791e-05
-5.10408e-06
-2.18552e-05
-8.8375e-06
-1.87265e-05
-1.19462e-05
-1.49162e-05
-1.40326e-05
-1.07622e-05
-1.47342e-05
-6.70441e-06
-1.38049e-05
-3.24389e-06
-1.12073e-05
-8.74439e-07
-7.1906e-06
-2.35907e-06
-1.09068e-06
3.83153e-06
-3.70715e-06
9.96701e-06
-7.28333e-06
1.42956e-05
-1.13501e-05
1.68163e-05
-1.55275e-05
1.76784e-05
-1.951e-05
1.70769e-05
-2.30491e-05
1.52092e-05
-2.59386e-05
1.22622e-05
-2.80041e-05
8.41939e-06
-2.9099e-05
3.88055e-06
-2.91077e-05
-1.11287e-06
-2.79574e-05
-6.25446e-06
-2.56376e-05
-1.11572e-05
-2.22298e-05
-1.5354e-05
-1.79389e-05
-1.83235e-05
-1.31203e-05
-1.95528e-05
-8.28373e-06
-1.86415e-05
-4.05777e-06
-1.54333e-05
-1.10576e-06
-1.01426e-05
-3.46483e-06
-1.23714e-06
5.06867e-06
-4.18233e-06
1.29122e-05
-8.17262e-06
1.82858e-05
-1.2671e-05
2.13146e-05
-1.72607e-05
2.22681e-05
-2.16236e-05
2.14398e-05
-2.55133e-05
1.90989e-05
-2.87309e-05
1.54798e-05
-3.11065e-05
1.07949e-05
-3.24883e-05
5.26238e-06
-3.27412e-05
-8.59999e-07
-3.17554e-05
-7.24021e-06
-2.94694e-05
-1.34433e-05
-2.59067e-05
-1.89167e-05
-2.12262e-05
-2.3004e-05
-1.57746e-05
-2.50044e-05
-1.01197e-05
-2.42965e-05
-5.03263e-06
-2.05203e-05
-1.3918e-06
-1.37834e-05
-4.85663e-06
-1.37624e-06
6.44491e-06
-4.62484e-06
1.61608e-05
-8.98026e-06
2.26413e-05
-1.38373e-05
2.61716e-05
-1.87488e-05
2.71796e-05
-2.33954e-05
2.60865e-05
-2.75468e-05
2.32503e-05
-3.10258e-05
1.89588e-05
-3.36807e-05
1.34498e-05
-3.53659e-05
6.94762e-06
-3.59334e-05
-2.9255e-07
-3.52363e-05
-7.9373e-06
-3.31503e-05
-1.55292e-05
-2.96167e-05
-2.24503e-05
-2.47102e-05
-2.79104e-05
-1.87253e-05
-3.09893e-05
-1.22552e-05
-3.07667e-05
-6.21607e-06
-2.65594e-05
-1.75498e-06
-1.82445e-05
-6.61162e-06
-1.5136e-06
7.9585e-06
-5.04436e-06
1.96916e-05
-9.70608e-06
2.7303e-05
-1.48204e-05
3.12859e-05
-1.99183e-05
3.22775e-05
-2.46951e-05
3.08633e-05
-2.89554e-05
2.75106e-05
-3.25639e-05
2.25673e-05
-3.54065e-05
1.62923e-05
-3.73616e-05
8.90279e-06
-3.82833e-05
6.29101e-07
-3.79958e-05
-8.22476e-06
-3.63085e-05
-1.72166e-05
-3.3058e-05
-2.57008e-05
-2.819e-05
-3.27784e-05
-2.18822e-05
-3.72971e-05
-1.4689e-05
-3.79599e-05
-7.64541e-06
-3.3603e-05
-2.21968e-06
-2.36702e-05
-8.8313e-06
-1.66289e-06
9.62139e-06
-5.46656e-06
2.34952e-05
-1.03648e-05
3.22012e-05
-1.55962e-05
3.65173e-05
-2.0683e-05
3.73643e-05
-2.53588e-05
3.5539e-05
-2.94891e-05
3.1641e-05
-3.30062e-05
2.60843e-05
-3.58583e-05
1.91444e-05
-3.7973e-05
1.10176e-05
-3.92301e-05
1.8862e-06
-3.94451e-05
-8.00984e-06
-3.837e-05
-1.82917e-05
-3.57253e-05
-2.83454e-05
-3.1283e-05
-3.72207e-05
-2.50208e-05
-4.35593e-05
-1.7348e-05
-4.56327e-05
-9.33994e-06
-4.1611e-05
-2.81439e-06
-3.01958e-05
-1.16457e-05
-1.85427e-06
1.14757e-05
-5.94692e-06
2.75879e-05
-1.09977e-05
3.7252e-05
-1.61505e-05
4.16702e-05
-2.09442e-05
4.2158e-05
-2.51868e-05
3.97817e-05
-2.88404e-05
3.52946e-05
-3.19355e-05
2.91794e-05
-3.45117e-05
2.17207e-05
-3.65747e-05
1.30805e-05
-3.80608e-05
3.37239e-06
-3.88093e-05
-7.26141e-06
-3.85426e-05
-1.85583e-05
-3.68743e-05
-3.00137e-05
-3.33725e-05
-4.07225e-05
-2.77251e-05
-4.92067e-05
-2.00447e-05
-5.33131e-05
-1.12858e-05
-5.037e-05
-3.57476e-06
-3.79068e-05
-1.52205e-05
-2.14798e-06
1.36236e-05
-6.58678e-06
3.20267e-05
-1.16769e-05
4.23421e-05
-1.64679e-05
4.64612e-05
-2.05682e-05
4.62584e-05
-2.39186e-05
4.31321e-05
-2.66237e-05
3.79996e-05
-2.88471e-05
3.14028e-05
-3.07473e-05
2.36209e-05
-3.24346e-05
1.47678e-05
-3.39351e-05
4.87284e-06
-3.51523e-05
-6.04419e-06
-3.5827e-05
-1.78837e-05
-3.55065e-05
-3.03342e-05
-3.35614e-05
-4.26675e-05
-2.93193e-05
-5.34489e-05
-2.24126e-05
-6.02197e-05
-1.34055e-05
-5.93771e-05
-4.54655e-06
-4.67657e-05
-1.9767e-05
-2.65568e-06
1.62793e-05
-7.5438e-06
3.69148e-05
-1.24803e-05
4.72785e-05
-1.64723e-05
5.04532e-05
-1.93081e-05
4.90941e-05
-2.11512e-05
4.49752e-05
-2.23063e-05
3.91548e-05
-2.31015e-05
3.21981e-05
-2.38311e-05
2.43505e-05
-2.47247e-05
1.56614e-05
-2.59202e-05
6.06837e-06
-2.74257e-05
-4.53876e-06
-2.90615e-05
-1.62479e-05
-3.03874e-05
-2.90083e-05
-3.06433e-05
-4.24116e-05
-2.87888e-05
-5.53033e-05
-2.38085e-05
-6.52001e-05
-1.54951e-05
-6.76904e-05
-5.78248e-06
-5.64784e-05
-2.55495e-05
-3.56728e-06
1.98466e-05
-9.00598e-06
4.23535e-05
-1.33776e-05
5.16502e-05
-1.58494e-05
5.2925e-05
-1.66009e-05
4.98457e-05
-1.61459e-05
4.45201e-05
-1.50453e-05
3.80542e-05
-1.38039e-05
3.09568e-05
-1.2843e-05
2.33896e-05
-1.24982e-05
1.53165e-05
-1.30161e-05
6.58634e-06
-1.453e-05
-3.02485e-06
-1.7e-05
-1.3778e-05
-2.01064e-05
-2.59019e-05
-2.31026e-05
-3.94154e-05
-2.46949e-05
-5.3711e-05
-2.31579e-05
-6.6737e-05
-1.70862e-05
-7.37621e-05
-7.30684e-06
-6.62578e-05
-3.28563e-05
-5.14699e-06
2.49936e-05
-1.10165e-05
4.8223e-05
-1.38741e-05
5.45077e-05
-1.36031e-05
5.2654e-05
-1.11274e-05
4.737e-05
-7.44373e-06
4.08364e-05
-3.381e-06
3.39914e-05
4.19777e-07
2.7156e-05
3.46978e-06
2.03396e-05
5.3841e-06
1.34022e-05
5.85148e-06
6.11896e-06
4.63086e-06
-1.80423e-06
1.59162e-06
-1.07387e-05
-3.17752e-06
-2.11327e-05
-9.15653e-06
-3.34364e-05
-1.50836e-05
-4.77839e-05
-1.87096e-05
-6.31111e-05
-1.71421e-05
-7.53296e-05
-8.96624e-06
-7.44337e-05
-4.18226e-05
-7.55635e-06
3.25499e-05
-1.27983e-05
5.3465e-05
-1.2041e-05
5.37504e-05
-7.08106e-06
4.76941e-05
8.01518e-09
4.02809e-05
7.75947e-06
3.3085e-05
1.52036e-05
2.65473e-05
2.17159e-05
2.06437e-05
2.68725e-05
1.5183e-05
3.03496e-05
9.92512e-06
3.18592e-05
4.60927e-06
3.11166e-05
-1.0616e-06
2.78444e-05
-7.46646e-06
2.18381e-05
-1.51265e-05
1.31671e-05
-2.47654e-05
2.60752e-06
-3.72244e-05
-7.66095e-06
-5.28426e-05
-1.34825e-05
-6.95081e-05
-1.0026e-05
-7.78902e-05
-5.18486e-05
-1.00509e-05
4.26008e-05
-1.06073e-05
5.40215e-05
-2.18334e-06
4.53264e-05
9.87362e-06
3.56371e-05
2.2519e-05
2.76356e-05
3.43285e-05
2.12755e-05
4.4637e-05
1.62388e-05
5.31326e-05
1.21481e-05
5.96535e-05
8.66207e-06
6.40721e-05
5.50654e-06
6.62285e-05
2.45284e-06
6.5889e-05
-7.22013e-07
6.27133e-05
-4.29083e-06
5.62453e-05
-8.6584e-06
4.59861e-05
-1.45062e-05
3.17292e-05
-2.29675e-05
1.44957e-05
-3.56091e-05
-1.67068e-06
-5.33416e-05
-8.30718e-06
-7.12537e-05
-6.01558e-05
-5.92187e-06
4.85227e-05
9.06092e-06
3.90387e-05
2.99493e-05
2.4438e-05
4.93433e-05
1.62432e-05
6.57342e-05
1.12447e-05
7.91065e-05
7.90308e-06
8.97448e-05
5.6005e-06
9.79524e-05
3.94048e-06
0.000103961
2.65342e-06
0.000107901
1.56711e-06
0.000109787
5.66561e-07
0.000109511
-4.46408e-07
0.000106791
-1.57091e-06
0.000101106
-2.9729e-06
9.15686e-05
-4.96904e-06
7.68558e-05
-8.25469e-06
5.56138e-05
-1.43671e-05
2.84433e-05
-2.61711e-05
3.37489e-06
-4.61853e-05
-5.67809e-05
4.85227e-05
8.75613e-05
0.000111999
0.000128243
0.000139487
0.00014739
0.000152991
0.000156931
0.000159585
0.000161152
0.000161718
0.000161272
0.000159701
0.000156728
0.000151759
0.000143504
0.000129137
0.000102966
5.67809e-05
)
;

boundaryField
{
    movingWall
    {
        type            calculated;
        value           uniform 0;
    }
    fixedWalls
    {
        type            calculated;
        value           uniform 0;
    }
    frontAndBack
    {
        type            empty;
        value           nonuniform List<scalar> 0();
    }
}


// ************************************************************************* //
