/*--------------------------------*- C++ -*----------------------------------*\
  =========                 |
  \\      /  F ield         | OpenFOAM: The Open Source CFD Toolbox
   \\    /   O peration     | Website:  https://openfoam.org
    \\  /    A nd           | Version:  8
     \\/     M anipulation  |
\*---------------------------------------------------------------------------*/
FoamFile
{
    version     2.0;
    format      ascii;
    class       surfaceScalarField;
    location    "0.3";
    object      phi;
}
// * * * * * * * * * * * * * * * * * * * * * * * * * * * * * * * * * * * * * //

dimensions      [0 3 -1 0 0 0 0];

internalField   nonuniform List<scalar> 
760
(
4.68959e-08
-4.68977e-08
-9.09178e-08
1.37813e-07
-4.22521e-07
3.31604e-07
-8.86051e-07
4.6353e-07
-1.41388e-06
5.27825e-07
-1.9453e-06
5.31426e-07
-2.42864e-06
4.83336e-07
-2.82065e-06
3.92005e-07
-3.08579e-06
2.65146e-07
-3.19686e-06
1.11066e-07
-3.1372e-06
-5.96653e-08
-2.90421e-06
-2.32989e-07
-2.51306e-06
-3.9115e-07
-1.99932e-06
-5.13742e-07
-1.41913e-06
-5.80191e-07
-8.45595e-07
-5.73536e-07
-3.60382e-07
-4.85214e-07
-4.02561e-08
-3.20127e-07
6.58193e-08
-1.06076e-07
6.58188e-08
-1.34237e-07
8.73375e-08
-6.73521e-07
6.77096e-07
-1.58697e-06
1.24505e-06
-2.76102e-06
1.63758e-06
-4.06037e-06
1.82717e-06
-5.3527e-06
1.82375e-06
-6.51875e-06
1.64938e-06
-7.4561e-06
1.32936e-06
-8.0812e-06
8.90245e-07
-8.33251e-06
3.62376e-07
-8.17569e-06
-2.16491e-07
-7.61012e-06
-7.98563e-07
-6.67524e-06
-1.32602e-06
-5.45421e-06
-1.73478e-06
-4.07214e-06
-1.96226e-06
-2.68654e-06
-1.95914e-06
-1.46783e-06
-1.70393e-06
-5.69726e-07
-1.21823e-06
-8.88477e-08
-5.86955e-07
-2.30297e-08
-3.49655e-07
4.36991e-07
-1.32113e-06
1.64857e-06
-2.78799e-06
2.71191e-06
-4.58088e-06
3.43047e-06
-6.51562e-06
3.76191e-06
-8.41325e-06
3.72138e-06
-1.0111e-05
3.3471e-06
-1.14678e-05
2.68617e-06
-1.23687e-05
1.79117e-06
-1.27298e-05
7.23441e-07
-1.25049e-05
-4.41327e-07
-1.16942e-05
-1.60927e-06
-1.03513e-05
-2.6689e-06
-8.58806e-06
-3.49807e-06
-6.57196e-06
-3.97835e-06
-4.51454e-06
-4.01657e-06
-2.64706e-06
-3.5714e-06
-1.18496e-06
-2.68033e-06
-2.84236e-07
-1.48768e-06
-3.07266e-07
-5.46145e-07
9.83135e-07
-1.9343e-06
3.03673e-06
-3.92857e-06
4.70618e-06
-6.29191e-06
5.79381e-06
-8.79327e-06
6.26327e-06
-1.12175e-05
6.14564e-06
-1.3372e-05
5.50152e-06
-1.50903e-05
4.40448e-06
-1.62365e-05
2.93737e-06
-1.67103e-05
1.19722e-06
-1.64545e-05
-6.97111e-07
-1.54645e-05
-2.59929e-06
-1.37973e-05
-4.33606e-06
-1.15785e-05
-5.71687e-06
-9.00228e-06
-6.55456e-06
-6.32142e-06
-6.69743e-06
-3.82331e-06
-6.06951e-06
-1.79272e-06
-4.71092e-06
-4.67107e-07
-2.8133e-06
-7.74373e-07
-7.22376e-07
1.70551e-06
-2.50085e-06
4.8152e-06
-4.99324e-06
7.19857e-06
-7.89091e-06
8.69148e-06
-1.09162e-05
9.2886e-06
-1.38232e-05
9.05264e-06
-1.63975e-05
8.07577e-06
-1.84559e-05
6.46287e-06
-1.98479e-05
4.32938e-06
-2.04595e-05
1.8088e-06
-2.02202e-05
-9.36342e-07
-1.91136e-05
-3.70595e-06
-1.71886e-05
-6.26105e-06
-1.45712e-05
-8.33425e-06
-1.14705e-05
-9.65526e-06
-8.17464e-06
-9.99332e-06
-5.03075e-06
-9.2134e-06
-2.40727e-06
-7.33441e-06
-6.43327e-07
-4.57724e-06
-1.4177e-06
-8.83129e-07
2.58864e-06
-3.02558e-06
6.95766e-06
-5.98577e-06
1.01588e-05
-9.38453e-06
1.20902e-05
-1.28994e-05
1.28035e-05
-1.62582e-05
1.24114e-05
-1.92311e-05
1.10487e-05
-2.16249e-05
8.85667e-06
-2.32794e-05
5.98387e-06
-2.40683e-05
2.59768e-06
-2.39047e-05
-1.09989e-06
-2.27521e-05
-4.85853e-06
-2.06393e-05
-8.37388e-06
-1.76782e-05
-1.12953e-05
-1.40801e-05
-1.32534e-05
-1.01621e-05
-1.39113e-05
-6.33587e-06
-1.30396e-05
-3.07038e-06
-1.05999e-05
-8.30096e-07
-6.81753e-06
-2.2478e-06
-1.03259e-06
3.62123e-06
-3.51488e-06
9.43995e-06
-6.91093e-06
1.35548e-05
-1.07736e-05
1.59529e-05
-1.47392e-05
1.67691e-05
-1.85148e-05
1.61869e-05
-2.18625e-05
1.43964e-05
-2.45862e-05
1.15804e-05
-2.65216e-05
7.91932e-06
-2.75327e-05
3.60872e-06
-2.75139e-05
-1.11865e-06
-2.6401e-05
-5.97144e-06
-2.41892e-05
-1.05857e-05
-2.09592e-05
-1.45253e-05
-1.69065e-05
-1.73061e-05
-1.2365e-05
-1.84528e-05
-7.81107e-06
-1.75935e-05
-3.83124e-06
-1.45797e-05
-1.04684e-06
-9.60193e-06
-3.29463e-06
-1.17379e-06
4.79502e-06
-3.97342e-06
1.22396e-05
-7.76914e-06
1.73505e-05
-1.20475e-05
2.02313e-05
-1.64085e-05
2.11301e-05
-2.05462e-05
2.03246e-05
-2.42243e-05
1.80745e-05
-2.72534e-05
1.46095e-05
-2.94738e-05
1.01398e-05
-3.07451e-05
4.88e-06
-3.09441e-05
-9.19641e-07
-2.99733e-05
-6.94224e-06
-2.77812e-05
-1.27778e-05
-2.43962e-05
-1.79103e-05
-1.99723e-05
-2.173e-05
-1.48366e-05
-2.35884e-05
-9.51942e-06
-2.29108e-05
-4.73864e-06
-1.93605e-05
-1.31354e-06
-1.3027e-05
-4.60817e-06
-1.30964e-06
6.10466e-06
-4.40562e-06
1.53356e-05
-8.55764e-06
2.15025e-05
-1.3185e-05
2.48587e-05
-1.78572e-05
2.58023e-05
-2.22662e-05
2.47337e-05
-2.61906e-05
2.19989e-05
-2.94618e-05
1.78807e-05
-3.19375e-05
1.26155e-05
-3.34835e-05
6.42599e-06
-3.39652e-05
-4.37974e-07
-3.3251e-05
-7.65638e-06
-3.1232e-05
-1.47968e-05
-2.78614e-05
-2.12809e-05
-2.32168e-05
-2.63747e-05
-1.75783e-05
-2.92269e-05
-1.1501e-05
-2.89881e-05
-5.83646e-06
-2.5025e-05
-1.65081e-06
-1.72127e-05
-6.25897e-06
-1.44574e-06
7.5504e-06
-4.8212e-06
1.8711e-05
-9.27682e-06
2.59582e-05
-1.41593e-05
2.97411e-05
-1.90156e-05
3.06586e-05
-2.35512e-05
2.92692e-05
-2.75778e-05
2.60255e-05
-3.09667e-05
2.12696e-05
-3.36117e-05
1.52604e-05
-3.54016e-05
8.21587e-06
-3.62038e-05
3.64277e-07
-3.58601e-05
-8.00011e-06
-3.41996e-05
-1.64572e-05
-3.10791e-05
-2.44015e-05
-2.64575e-05
-3.09962e-05
-2.05094e-05
-3.5175e-05
-1.37559e-05
-3.57416e-05
-7.15943e-06
-3.16215e-05
-2.08109e-06
-2.2291e-05
-8.34006e-06
-1.59523e-06
9.14562e-06
-5.24453e-06
2.23603e-05
-9.94002e-06
3.06537e-05
-1.49459e-05
3.4747e-05
-1.97994e-05
3.55121e-05
-2.42423e-05
3.37121e-05
-2.81452e-05
2.99283e-05
-3.1444e-05
2.45685e-05
-3.40923e-05
1.79087e-05
-3.60253e-05
1.01488e-05
-3.71343e-05
1.47328e-06
-3.72517e-05
-7.88263e-06
-3.61526e-05
-1.75564e-05
-3.35845e-05
-2.69696e-05
-2.93455e-05
-3.52352e-05
-2.3427e-05
-4.10935e-05
-1.62198e-05
-4.29487e-05
-8.72652e-06
-3.91148e-05
-2.63079e-06
-2.83868e-05
-1.09709e-05
-1.78667e-06
1.09323e-05
-5.72738e-06
2.6301e-05
-1.05838e-05
3.551e-05
-1.55264e-05
3.96897e-05
-2.01078e-05
4.00934e-05
-2.41416e-05
3.7746e-05
-2.75918e-05
3.33785e-05
-3.04894e-05
2.74661e-05
-3.28753e-05
2.02945e-05
-3.4758e-05
1.20316e-05
-3.60815e-05
2.79676e-06
-3.66981e-05
-7.26606e-06
-3.63522e-05
-1.79023e-05
-3.46887e-05
-2.86331e-05
-3.13146e-05
-3.86093e-05
-2.59532e-05
-4.64549e-05
-1.87251e-05
-5.01769e-05
-1.05277e-05
-4.73122e-05
-3.33334e-06
-3.55811e-05
-1.43042e-05
-2.07689e-06
1.30092e-05
-6.36352e-06
3.05877e-05
-1.12707e-05
4.04172e-05
-1.58763e-05
4.42953e-05
-1.98002e-05
4.40174e-05
-2.29854e-05
4.09312e-05
-2.55343e-05
3.59274e-05
-2.76068e-05
2.95386e-05
-2.93572e-05
2.2045e-05
-3.08931e-05
1.35675e-05
-3.22408e-05
4.14443e-06
-3.33099e-05
-6.19692e-06
-3.3857e-05
-1.73552e-05
-3.34595e-05
-2.90306e-05
-3.15349e-05
-4.05339e-05
-2.74692e-05
-5.05206e-05
-2.09413e-05
-5.67047e-05
-1.24971e-05
-5.57564e-05
-4.23251e-06
-4.38458e-05
-1.85367e-05
-2.57097e-06
1.55802e-05
-7.29757e-06
3.53142e-05
-1.20633e-05
4.51829e-05
-1.59059e-05
4.81378e-05
-1.862e-05
4.67316e-05
-2.03659e-05
4.2677e-05
-2.14406e-05
3.70021e-05
-2.21628e-05
3.02608e-05
-2.28168e-05
2.26989e-05
-2.36221e-05
1.43728e-05
-2.47084e-05
5.23069e-06
-2.60793e-05
-4.82605e-06
-2.75599e-05
-1.58746e-05
-2.87308e-05
-2.78597e-05
-2.88779e-05
-4.03868e-05
-2.70366e-05
-5.23618e-05
-2.22823e-05
-6.14591e-05
-1.44557e-05
-6.3583e-05
-5.38078e-06
-5.29206e-05
-2.39175e-05
-3.44696e-06
1.90271e-05
-8.69809e-06
4.05654e-05
-1.29137e-05
4.93986e-05
-1.52896e-05
5.05137e-05
-1.60016e-05
4.74435e-05
-1.55495e-05
4.22249e-05
-1.4479e-05
3.59316e-05
-1.32784e-05
2.90603e-05
-1.23521e-05
2.17727e-05
-1.20187e-05
1.40395e-05
-1.25079e-05
5.71984e-06
-1.39372e-05
-3.39671e-06
-1.62571e-05
-1.35548e-05
-1.9152e-05
-2.49647e-05
-2.19077e-05
-3.76311e-05
-2.3308e-05
-5.09615e-05
-2.17562e-05
-6.30109e-05
-1.59823e-05
-6.93568e-05
-6.8085e-06
-6.20945e-05
-3.0726e-05
-4.94997e-06
2.39771e-05
-1.0587e-05
4.62024e-05
-1.33216e-05
5.21332e-05
-1.30468e-05
5.02389e-05
-1.06587e-05
4.50554e-05
-7.12235e-06
3.86886e-05
-3.24093e-06
3.20502e-05
3.69365e-07
2.545e-05
3.24264e-06
1.88994e-05
5.01663e-06
1.22655e-05
5.40341e-06
5.33306e-06
4.18603e-06
-2.17933e-06
1.25687e-06
-1.06256e-05
-3.2794e-06
-2.04285e-05
-8.90891e-06
-3.20016e-05
-1.4426e-05
-4.54444e-05
-1.77213e-05
-5.97156e-05
-1.61248e-05
-7.09533e-05
-8.38709e-06
-6.98322e-05
-3.91131e-05
-7.21882e-06
3.11959e-05
-1.21935e-05
5.11771e-05
-1.1419e-05
5.13588e-05
-6.63101e-06
4.54509e-05
1.72315e-07
3.8252e-05
7.57432e-06
3.12866e-05
1.46471e-05
2.49774e-05
2.07955e-05
1.93016e-05
2.56209e-05
1.4074e-05
2.88233e-05
9.06308e-06
3.01391e-05
4.01724e-06
2.93102e-05
-1.35045e-06
2.60889e-05
-7.40432e-06
2.03026e-05
-1.46422e-05
1.20454e-05
-2.37445e-05
2.08335e-06
-3.54823e-05
-7.50845e-06
-5.01238e-05
-1.28391e-05
-6.56227e-05
-9.44882e-06
-7.32225e-05
-4.85619e-05
-9.51605e-06
4.0712e-05
-9.92836e-06
5.15894e-05
-1.79337e-06
4.32238e-05
9.7696e-06
3.38879e-05
2.18441e-05
2.61775e-05
3.30696e-05
2.00611e-05
4.28159e-05
1.52311e-05
5.07958e-05
1.13217e-05
5.68666e-05
8.00321e-06
6.0918e-05
5.01172e-06
6.28085e-05
2.12672e-06
6.23258e-05
-8.67761e-07
5.91566e-05
-4.23516e-06
5.28807e-05
-8.36623e-06
4.30463e-05
-1.39101e-05
2.94937e-05
-2.19297e-05
1.3232e-05
-3.38621e-05
-1.89938e-06
-5.04912e-05
-7.95729e-06
-6.71646e-05
-5.65192e-05
-5.4292e-06
4.61412e-05
8.97566e-06
3.71845e-05
2.89428e-05
2.32567e-05
4.74302e-05
1.54005e-05
6.29975e-05
1.06102e-05
7.56393e-05
7.41931e-06
8.56418e-05
5.22868e-06
9.33084e-05
3.65509e-06
9.88717e-05
2.43987e-06
0.000102465
1.41829e-06
0.000104112
4.8024e-07
0.000103713
-4.68793e-07
0.000101002
-1.52499e-06
9.5486e-05
-2.84972e-06
8.63243e-05
-4.74846e-06
7.22777e-05
-7.88306e-06
5.21072e-05
-1.36917e-05
2.64456e-05
-2.48296e-05
2.92961e-06
-4.36486e-05
-5.35896e-05
4.61412e-05
8.33257e-05
0.000106582
0.000121983
0.000132593
0.000140012
0.000145241
0.000148896
0.000151336
0.000152754
0.000153234
0.000152766
0.000151241
0.000148391
0.000143643
0.000135759
0.000122068
9.72382e-05
5.35896e-05
)
;

boundaryField
{
    movingWall
    {
        type            calculated;
        value           uniform 0;
    }
    fixedWalls
    {
        type            calculated;
        value           uniform 0;
    }
    frontAndBack
    {
        type            empty;
        value           nonuniform List<scalar> 0();
    }
}


// ************************************************************************* //
