/*--------------------------------*- C++ -*----------------------------------*\
  =========                 |
  \\      /  F ield         | OpenFOAM: The Open Source CFD Toolbox
   \\    /   O peration     | Website:  https://openfoam.org
    \\  /    A nd           | Version:  8
     \\/     M anipulation  |
\*---------------------------------------------------------------------------*/
FoamFile
{
    version     2.0;
    format      ascii;
    class       volVectorField;
    location    "0.3";
    object      U;
}
// * * * * * * * * * * * * * * * * * * * * * * * * * * * * * * * * * * * * * //

dimensions      [0 1 -1 0 0 0 0];

internalField   nonuniform List<vector> 
400
(
(0.000868287 -0.000865343 0)
(0.000343965 0.000458994 0)
(-0.0044846 0.00203719 0)
(-0.0126913 0.00311344 0)
(-0.0228677 0.00364573 0)
(-0.0337006 0.00371523 0)
(-0.0440564 0.00340788 0)
(-0.052983 0.00279249 0)
(-0.05969 0.00192248 0)
(-0.0635432 0.000850542 0)
(-0.0640926 -0.000354229 0)
(-0.0611325 -0.00159381 0)
(-0.0547778 -0.002737 0)
(-0.0455323 -0.00362644 0)
(-0.0343225 -0.00409714 0)
(-0.0224682 -0.00400619 0)
(-0.0115645 -0.00327135 0)
(-0.00326206 -0.00191565 0)
(0.0010735 -0.00017446 0)
(0.00105463 0.00102392 0)
(-0.000393262 -0.00042822 0)
(-0.00618294 0.00616786 0)
(-0.0210423 0.0130405 0)
(-0.0425797 0.0178325 0)
(-0.0679603 0.0201988 0)
(-0.0944751 0.0203097 0)
(-0.119589 0.0184606 0)
(-0.141066 0.0149568 0)
(-0.157033 0.0100966 0)
(-0.166021 0.0042101 0)
(-0.167044 -0.00228725 0)
(-0.159723 -0.00885525 0)
(-0.144426 -0.0148246 0)
(-0.122376 -0.0194389 0)
(-0.0956801 -0.0219473 0)
(-0.0672341 -0.0217455 0)
(-0.0404179 -0.0185543 0)
(-0.0185947 -0.012613 0)
(-0.00459876 -0.00500367 0)
(6.69629e-05 0.0012009 0)
(-0.0020889 0.0044009 0)
(-0.0139448 0.0212243 0)
(-0.0389214 0.0368501 0)
(-0.0725413 0.0476311 0)
(-0.110735 0.0527845 0)
(-0.149896 0.0525207 0)
(-0.186597 0.0474134 0)
(-0.21777 0.0381577 0)
(-0.24083 0.0255125 0)
(-0.253761 0.0103562 0)
(-0.255229 -0.00622202 0)
(-0.244738 -0.0228584 0)
(-0.222798 -0.0379214 0)
(-0.191058 -0.0496172 0)
(-0.152345 -0.0562082 0)
(-0.110537 -0.056337 0)
(-0.0701752 -0.0494295 0)
(-0.0358297 -0.0361092 0)
(-0.0117573 -0.0186967 0)
(-0.00140217 -0.00249885 0)
(-0.00359932 0.0134224 0)
(-0.0212304 0.0449832 0)
(-0.055976 0.0717309 0)
(-0.100938 0.0895767 0)
(-0.150727 0.0976143 0)
(-0.200992 0.0962355 0)
(-0.247674 0.0863865 0)
(-0.28715 0.0692485 0)
(-0.316373 0.046158 0)
(-0.332952 0.0186835 0)
(-0.335274 -0.0112454 0)
(-0.32268 -0.0412481 0)
(-0.295656 -0.0685093 0)
(-0.256013 -0.0899506 0)
(-0.20697 -0.102584 0)
(-0.153083 -0.104047 0)
(-0.0998544 -0.0932612 0)
(-0.0530684 -0.07109 0)
(-0.0187148 -0.0409638 0)
(-0.00271405 -0.010021 0)
(-0.0049107 0.02617 0)
(-0.0278696 0.0767794 0)
(-0.0718494 0.116762 0)
(-0.127502 0.142381 0)
(-0.18808 0.153094 0)
(-0.248545 0.149754 0)
(-0.304352 0.133835 0)
(-0.351508 0.107097 0)
(-0.38666 0.0715136 0)
(-0.40714 0.0293939 0)
(-0.411064 -0.0164417 0)
(-0.397513 -0.0625262 0)
(-0.366761 -0.10475 0)
(-0.320514 -0.138573 0)
(-0.262118 -0.159499 0)
(-0.196608 -0.163819 0)
(-0.130408 -0.149565 0)
(-0.0707022 -0.117467 0)
(-0.0256018 -0.0717384 0)
(-0.00390637 -0.0210934 0)
(-0.00608371 0.042278 0)
(-0.0339689 0.116105 0)
(-0.0866122 0.171435 0)
(-0.15231 0.20551 0)
(-0.222982 0.218664 0)
(-0.292963 0.212558 0)
(-0.357339 0.189402 0)
(-0.411885 0.151631 0)
(-0.453068 0.101886 0)
(-0.478011 0.0431948 0)
(-0.48455 -0.0207691 0)
(-0.471392 -0.0854743 0)
(-0.438383 -0.145478 0)
(-0.386852 -0.194629 0)
(-0.319974 -0.226612 0)
(-0.243051 -0.235899 0)
(-0.163397 -0.219044 0)
(-0.0898095 -0.176057 0)
(-0.0329884 -0.111531 0)
(-0.00514006 -0.0357333 0)
(-0.00716905 0.061479 0)
(-0.0396505 0.162466 0)
(-0.100387 0.235165 0)
(-0.175422 0.278331 0)
(-0.255404 0.293693 0)
(-0.33413 0.284109 0)
(-0.406449 0.25276 0)
(-0.468056 0.202864 0)
(-0.515377 0.137716 0)
(-0.545416 0.0609814 0)
(-0.555731 -0.0229415 0)
(-0.544562 -0.10858 0)
(-0.511117 -0.189211 0)
(-0.456025 -0.256969 0)
(-0.381922 -0.303391 0)
(-0.294042 -0.320527 0)
(-0.20043 -0.30263 0)
(-0.111651 -0.248129 0)
(-0.0415582 -0.161405 0)
(-0.00659661 -0.0543383 0)
(-0.00820361 0.083578 0)
(-0.0450114 0.215397 0)
(-0.113256 0.30728 0)
(-0.196766 0.360017 0)
(-0.284992 0.377285 0)
(-0.371318 0.363573 0)
(-0.450538 0.323302 0)
(-0.518472 0.260572 0)
(-0.571691 0.179301 0)
(-0.607228 0.08364 0)
(-0.622438 -0.0215065 0)
(-0.615055 -0.129967 0)
(-0.583464 -0.233918 0)
(-0.52725 -0.323795 0)
(-0.448021 -0.388697 0)
(-0.350408 -0.417558 0)
(-0.242778 -0.401241 0)
(-0.137438 -0.335332 0)
(-0.0520253 -0.223022 0)
(-0.00846905 -0.0777078 0)
(-0.00922383 0.108434 0)
(-0.0501531 0.274462 0)
(-0.125283 0.386996 0)
(-0.216153 0.449453 0)
(-0.311072 0.468103 0)
(-0.403189 0.449571 0)
(-0.487496 0.399828 0)
(-0.560214 0.323968 0)
(-0.618341 0.226472 0)
(-0.659181 0.111775 0)
(-0.680063 -0.0150271 0)
(-0.678281 -0.147441 0)
(-0.6513 -0.276906 0)
(-0.597328 -0.392363 0)
(-0.516355 -0.480338 0)
(-0.411612 -0.525967 0)
(-0.290997 -0.515377 0)
(-0.168165 -0.439482 0)
(-0.0651141 -0.298592 0)
(-0.0109752 -0.10705 0)
(-0.010297 0.135981 0)
(-0.0552722 0.339265 0)
(-0.136647 0.473364 0)
(-0.233405 0.545077 0)
(-0.332747 0.564102 0)
(-0.427852 0.539834 0)
(-0.514263 0.480154 0)
(-0.588992 0.391278 0)
(-0.649838 0.278177 0)
(-0.694737 0.145327 0)
(-0.721308 -0.00238441 0)
(-0.726629 -0.158658 0)
(-0.707298 -0.314774 0)
(-0.659918 -0.458684 0)
(-0.582236 -0.574526 0)
(-0.475036 -0.643141 0)
(-0.344439 -0.644424 0)
(-0.204414 -0.562086 0)
(-0.0815699 -0.390719 0)
(-0.0143888 -0.144007 0)
(-0.0115769 0.166318 0)
(-0.0608156 0.409547 0)
(-0.147842 0.565232 0)
(-0.248527 0.644692 0)
(-0.349016 0.662232 0)
(-0.442928 0.630822 0)
(-0.526871 0.560683 0)
(-0.599154 0.459286 0)
(-0.658867 0.332008 0)
(-0.705048 0.183095 0)
(-0.736063 0.0167851 0)
(-0.749188 -0.161456 0)
(-0.740439 -0.34356 0)
(-0.704813 -0.517375 0)
(-0.637311 -0.665342 0)
(-0.535071 -0.76401 0)
(-0.400559 -0.785662 0)
(-0.246053 -0.703587 0)
(-0.102172 -0.502122 0)
(-0.0190925 -0.190711 0)
(-0.0134006 0.199938 0)
(-0.067718 0.485384 0)
(-0.159931 0.661211 0)
(-0.261859 0.745216 0)
(-0.358786 0.758054 0)
(-0.445474 0.717297 0)
(-0.52034 0.635966 0)
(-0.58364 0.522892 0)
(-0.636324 0.383738 0)
(-0.679064 0.222248 0)
(-0.711525 0.0415592 0)
(-0.731775 -0.15438 0)
(-0.735815 -0.359143 0)
(-0.717411 -0.561766 0)
(-0.668672 -0.744378 0)
(-0.582013 -0.880117 0)
(-0.453915 -0.932952 0)
(-0.291698 -0.86217 0)
(-0.127717 -0.635129 0)
(-0.0256613 -0.249907 0)
(-0.01646 0.238157 0)
(-0.0777401 0.567476 0)
(-0.174753 0.759533 0)
(-0.273975 0.842244 0)
(-0.360485 0.845212 0)
(-0.431451 0.791836 0)
(-0.48817 0.698308 0)
(-0.533623 0.574781 0)
(-0.571189 0.427004 0)
(-0.603664 0.257937 0)
(-0.632544 0.0692251 0)
(-0.657357 -0.137318 0)
(-0.674919 -0.357928 0)
(-0.678619 -0.58442 0)
(-0.658197 -0.800749 0)
(-0.600859 -0.978833 0)
(-0.494773 -1.07513 0)
(-0.337758 -1.03196 0)
(-0.15888 -0.790753 0)
(-0.034985 -0.325163 0)
(-0.0220953 0.283892 0)
(-0.0938863 0.657408 0)
(-0.194789 0.857515 0)
(-0.284787 0.929164 0)
(-0.350631 0.914616 0)
(-0.394102 0.844272 0)
(-0.420839 0.737495 0)
(-0.437362 0.605375 0)
(-0.449884 0.453345 0)
(-0.463572 0.283266 0)
(-0.482051 0.0950263 0)
(-0.506847 -0.112085 0)
(-0.53652 -0.337761 0)
(-0.565419 -0.578177 0)
(-0.582371 -0.821832 0)
(-0.570139 -1.04314 0)
(-0.507196 -1.19442 0)
(-0.376704 -1.20047 0)
(-0.19567 -0.966895 0)
(-0.0483747 -0.421077 0)
(-0.0327019 0.342891 0)
(-0.120604 0.757458 0)
(-0.22179 0.950053 0)
(-0.290578 0.995468 0)
(-0.320025 0.953241 0)
(-0.320078 0.861185 0)
(-0.302401 0.740904 0)
(-0.277564 0.60337 0)
(-0.254543 0.452935 0)
(-0.240576 0.289974 0)
(-0.241192 0.112525 0)
(-0.260023 -0.0826332 0)
(-0.298076 -0.298879 0)
(-0.352229 -0.537793 0)
(-0.412857 -0.795095 0)
(-0.46098 -1.05269 0)
(-0.466441 -1.26549 0)
(-0.393848 -1.34538 0)
(-0.235623 -1.15503 0)
(-0.0673163 -0.543133 0)
(-0.0518187 0.425713 0)
(-0.162304 0.868707 0)
(-0.251444 1.02584 0)
(-0.275955 1.02367 0)
(-0.245123 0.942624 0)
(-0.181636 0.825883 0)
(-0.104131 0.694565 0)
(-0.0266592 0.557428 0)
(0.0401632 0.41652 0)
(0.0882258 0.270282 0)
(0.111123 0.115042 0)
(0.103754 -0.0543876 0)
(0.0625983 -0.244406 0)
(-0.0130083 -0.461828 0)
(-0.118031 -0.711125 0)
(-0.236665 -0.986754 0)
(-0.335433 -1.25621 0)
(-0.36138 -1.4313 0)
(-0.268636 -1.33504 0)
(-0.0916222 -0.697494 0)
(-0.0818339 0.551811 0)
(-0.215202 0.983981 0)
(-0.25674 1.0574 0)
(-0.194542 0.98283 0)
(-0.0709331 0.856703 0)
(0.076578 0.719285 0)
(0.224825 0.585702 0)
(0.359366 0.459408 0)
(0.470777 0.338769 0)
(0.552423 0.220039 0)
(0.598887 0.0983331 0)
(0.605043 -0.0323862 0)
(0.565737 -0.17984 0)
(0.476282 -0.354108 0)
(0.334633 -0.567308 0)
(0.147158 -0.829066 0)
(-0.0601739 -1.13051 0)
(-0.228393 -1.40659 0)
(-0.265471 -1.46678 0)
(-0.112786 -0.891091 0)
(-0.109712 0.747771 0)
(-0.236358 1.06462 0)
(-0.143147 0.981598 0)
(0.0710723 0.821645 0)
(0.316816 0.663861 0)
(0.554103 0.525945 0)
(0.765908 0.409612 0)
(0.94426 0.310686 0)
(1.08544 0.223591 0)
(1.18729 0.143002 0)
(1.24754 0.0639047 0)
(1.26282 -0.019011 0)
(1.228 -0.112384 0)
(1.13566 -0.225862 0)
(0.976469 -0.374259 0)
(0.742517 -0.578632 0)
(0.43705 -0.859313 0)
(0.0960101 -1.20369 0)
(-0.15406 -1.46775 0)
(-0.0928605 -1.10737 0)
(-0.0129635 0.938371 0)
(-0.0124656 0.978815 0)
(0.359055 0.715739 0)
(0.770293 0.512895 0)
(1.11671 0.371426 0)
(1.39799 0.270264 0)
(1.62329 0.196671 0)
(1.79911 0.141232 0)
(1.93077 0.0969495 0)
(2.02203 0.0589076 0)
(2.07458 0.0234894 0)
(2.08775 -0.0124663 0)
(2.05811 -0.0526515 0)
(1.97837 -0.102664 0)
(1.83565 -0.172743 0)
(1.60972 -0.28279 0)
(1.27059 -0.468916 0)
(0.785963 -0.77774 0)
(0.258361 -1.17963 0)
(0.120819 -1.16453 0)
(1.04 0.509988 0)
(1.3435 0.450684 0)
(1.88302 0.28138 0)
(2.29842 0.172814 0)
(2.56149 0.108943 0)
(2.73661 0.0698887 0)
(2.85982 0.0453689 0)
(2.94701 0.0293635 0)
(3.00697 0.0181416 0)
(3.045 0.00946959 0)
(3.06378 0.00198482 0)
(3.06404 -0.00526464 0)
(3.04464 -0.0132664 0)
(3.00204 -0.0234436 0)
(2.92831 -0.0386943 0)
(2.80685 -0.0657926 0)
(2.59885 -0.120952 0)
(2.20769 -0.238331 0)
(1.58667 -0.451663 0)
(1.15762 -0.549972 0)
)
;

boundaryField
{
    movingWall
    {
        type            fixedValue;
        value           uniform (3.6 0 0);
    }
    fixedWalls
    {
        type            noSlip;
    }
    frontAndBack
    {
        type            empty;
    }
}


// ************************************************************************* //
