/*--------------------------------*- C++ -*----------------------------------*\
  =========                 |
  \\      /  F ield         | OpenFOAM: The Open Source CFD Toolbox
   \\    /   O peration     | Website:  https://openfoam.org
    \\  /    A nd           | Version:  8
     \\/     M anipulation  |
\*---------------------------------------------------------------------------*/
FoamFile
{
    version     2.0;
    format      ascii;
    class       volScalarField;
    location    "0.2";
    object      p;
}
// * * * * * * * * * * * * * * * * * * * * * * * * * * * * * * * * * * * * * //

dimensions      [0 2 -2 0 0 0 0];

internalField   nonuniform List<scalar> 
400
(
1.59663e-06
-0.0293348
-0.0638988
-0.089834
-0.0999522
-0.091239
-0.0632258
-0.0170569
0.0448375
0.118664
0.199112
0.279403
0.351741
0.40827
0.442478
0.450846
0.434406
0.399827
0.359564
0.330947
0.0291715
-0.00125841
-0.0282489
-0.0458577
-0.0513355
-0.0426709
-0.0193157
0.0180766
0.0678307
0.127129
0.191867
0.256707
0.315451
0.361848
0.390749
0.399423
0.388746
0.363641
0.331748
0.30275
0.06576
0.0237841
-0.00501928
-0.0207565
-0.0252261
-0.0177146
0.0020361
0.0335836
0.0758315
0.12675
0.183097
0.240358
0.29302
0.335277
0.362102
0.370505
0.360724
0.336352
0.30123
0.260438
0.0957979
0.0385395
0.00338075
-0.0142167
-0.0200317
-0.0145326
0.00220581
0.0298819
0.0679071
0.114924
0.168328
0.224024
0.276571
0.319808
0.347936
0.356904
0.345891
0.317408
0.272612
0.214456
0.109095
0.0365937
-0.00592889
-0.0266603
-0.0348269
-0.0318372
-0.0179511
0.00677419
0.0423265
0.0880517
0.14195
0.200219
0.257213
0.305964
0.339283
0.351378
0.339839
0.305994
0.248815
0.170425
0.097567
0.0108774
-0.0389669
-0.0633031
-0.0743425
-0.0741938
-0.0631113
-0.0407409
-0.00637349
0.0401713
0.097604
0.162452
0.228761
0.288429
0.332281
0.351971
0.342704
0.304138
0.233015
0.131427
0.0543667
-0.045136
-0.101812
-0.129827
-0.14403
-0.147052
-0.138964
-0.118808
-0.0849379
-0.0360898
0.0274323
0.102733
0.183661
0.26081
0.322433
0.356624
0.354986
0.314435
0.228647
0.099971
-0.0265672
-0.137387
-0.200133
-0.231616
-0.249127
-0.255735
-0.251206
-0.233783
-0.20061
-0.148961
-0.0776764
0.0114448
0.112478
0.214815
0.30367
0.362386
0.377217
0.340403
0.240567
0.0799284
-0.15066
-0.271336
-0.339173
-0.37358
-0.394296
-0.404904
-0.404828
-0.391355
-0.360109
-0.306416
-0.226975
-0.121668
0.00464652
0.140711
0.268557
0.365569
0.410347
0.387377
0.276544
0.0784975
-0.322698
-0.45199
-0.523562
-0.559634
-0.582778
-0.597392
-0.602664
-0.594824
-0.567678
-0.51406
-0.427698
-0.30543
-0.149756
0.0286115
0.209045
0.362126
0.45616
0.463443
0.349023
0.10859
-0.546986
-0.68412
-0.757183
-0.792058
-0.815255
-0.83264
-0.843423
-0.842762
-0.822367
-0.772037
-0.681641
-0.543679
-0.35657
-0.128537
0.118707
0.349105
0.518315
0.580801
0.477504
0.192246
-0.828173
-0.972991
-1.04324
-1.07081
-1.08857
-1.10495
-1.11956
-1.12646
-1.11502
-1.07147
-0.981011
-0.830521
-0.612438
-0.32991
-0.00285774
0.327989
0.604732
0.757999
0.691942
0.365937
-1.17359
-1.32606
-1.38465
-1.39282
-1.39437
-1.40181
-1.4154
-1.42791
-1.42592
-1.39159
-1.30477
-1.14573
-0.899207
-0.560485
-0.143671
0.310238
0.731907
1.02364
1.03786
0.689326
-1.59902
-1.7563
-1.78455
-1.75102
-1.71779
-1.70273
-1.70632
-1.71921
-1.72435
-1.69917
-1.61765
-1.45279
-1.18061
-0.786167
-0.273303
0.32356
0.930457
1.42158
1.58405
1.26023
-2.14191
-2.28799
-2.2463
-2.13247
-2.03584
-1.97865
-1.95929
-1.96425
-1.97126
-1.95193
-1.87383
-1.70256
-1.40507
-0.954917
-0.341873
0.414547
1.24819
2.01448
2.43106
2.23674
-2.88895
-2.96542
-2.77151
-2.51517
-2.31595
-2.19254
-2.1355
-2.12318
-2.12539
-2.10631
-2.02656
-1.84435
-1.51758
-1.00821
-0.289298
0.642735
1.74647
2.88061
3.71221
3.85663
-4.03453
-3.86344
-3.35846
-2.86927
-2.51944
-2.3049
-2.19786
-2.16177
-2.15444
-2.13087
-2.04402
-1.84482
-1.48248
-0.906677
-0.071197
1.05864
2.48444
4.1024
5.59375
6.46939
-6.07314
-5.08701
-3.97103
-3.1381
-2.59227
-2.27127
-2.11403
-2.05876
-2.04635
-2.02129
-1.92934
-1.71505
-1.31931
-0.678677
0.277331
1.62657
3.43822
5.70542
8.31127
10.791
-10.421
-6.67233
-4.28207
-3.03434
-2.33205
-1.95672
-1.80028
-1.76945
-1.7872
-1.79047
-1.72192
-1.52361
-1.13227
-0.474527
0.544523
2.05818
4.25217
7.376
12.015
18.4014
-18.8803
-8.18311
-3.56705
-2.08085
-1.46671
-1.21094
-1.17928
-1.26398
-1.38193
-1.47237
-1.48277
-1.35999
-1.04562
-0.466459
0.475908
1.94542
4.26652
8.16438
15.6849
29.3046
)
;

boundaryField
{
    movingWall
    {
        type            zeroGradient;
    }
    fixedWalls
    {
        type            zeroGradient;
    }
    frontAndBack
    {
        type            empty;
    }
}


// ************************************************************************* //
