/*--------------------------------*- C++ -*----------------------------------*\
  =========                 |
  \\      /  F ield         | OpenFOAM: The Open Source CFD Toolbox
   \\    /   O peration     | Website:  https://openfoam.org
    \\  /    A nd           | Version:  8
     \\/     M anipulation  |
\*---------------------------------------------------------------------------*/
FoamFile
{
    version     2.0;
    format      ascii;
    class       surfaceScalarField;
    location    "0.2";
    object      phi;
}
// * * * * * * * * * * * * * * * * * * * * * * * * * * * * * * * * * * * * * //

dimensions      [0 3 -1 0 0 0 0];

internalField   nonuniform List<scalar> 
760
(
6.31954e-08
-6.3209e-08
-1.31607e-07
1.94803e-07
-5.92148e-07
4.60543e-07
-1.23106e-06
6.3892e-07
-1.95686e-06
7.25802e-07
-2.68949e-06
7.32631e-07
-3.36089e-06
6.71402e-07
-3.9125e-06
5.5161e-07
-4.29349e-06
3.80986e-07
-4.46193e-06
1.68449e-07
-4.38932e-06
-7.26104e-08
-4.06731e-06
-3.22011e-07
-3.51485e-06
-5.52462e-07
-2.78321e-06
-7.31635e-07
-1.95625e-06
-8.26962e-07
-1.14359e-06
-8.12658e-07
-4.65647e-07
-6.7795e-07
-3.07931e-08
-4.34856e-07
1.002e-07
-1.30992e-07
1.00204e-07
-1.92959e-07
1.2975e-07
-9.50796e-07
9.52644e-07
-2.22191e-06
1.73166e-06
-3.84676e-06
2.26376e-06
-5.64188e-06
2.52092e-06
-7.43086e-06
2.52161e-06
-9.05433e-06
2.29487e-06
-1.03722e-05
1.86945e-06
-1.12651e-05
1.27396e-06
-1.16401e-05
5.4338e-07
-1.14395e-05
-2.73146e-07
-1.06544e-05
-1.10718e-06
-9.33589e-06
-1.87093e-06
-7.60322e-06
-2.4643e-06
-5.6408e-06
-2.78938e-06
-3.68205e-06
-2.77141e-06
-1.97653e-06
-2.38347e-06
-7.41851e-07
-1.66953e-06
-1.02886e-07
-7.69954e-07
-2.68222e-09
-4.97855e-07
6.27605e-07
-1.8624e-06
2.31719e-06
-3.90572e-06
3.77498e-06
-6.39112e-06
4.74917e-06
-9.06929e-06
5.1991e-06
-1.17013e-05
5.15359e-06
-1.40686e-05
4.66222e-06
-1.59779e-05
3.77871e-06
-1.7265e-05
2.56109e-06
-1.78035e-05
1.0819e-06
-1.7517e-05
-5.59683e-07
-1.63944e-05
-2.22974e-06
-1.4505e-05
-3.7603e-06
-1.20073e-05
-4.96206e-06
-9.14637e-06
-5.65029e-06
-6.23479e-06
-5.68299e-06
-3.61224e-06
-5.00602e-06
-1.58704e-06
-3.69473e-06
-3.67345e-07
-1.98965e-06
-3.70029e-07
-7.76581e-07
1.40418e-06
-2.72475e-06
4.26537e-06
-5.50113e-06
6.55137e-06
-8.77658e-06
8.02461e-06
-1.224e-05
8.6625e-06
-1.56053e-05
8.51885e-06
-1.86144e-05
7.67137e-06
-2.10394e-05
6.20366e-06
-2.2686e-05
4.20772e-06
-2.34027e-05
1.7986e-06
-2.3094e-05
-8.68328e-07
-2.17381e-05
-3.58569e-06
-1.94042e-05
-6.09417e-06
-1.62668e-05
-8.09952e-06
-1.26077e-05
-9.30937e-06
-8.8009e-06
-9.48976e-06
-5.27225e-06
-8.53467e-06
-2.43581e-06
-6.53117e-06
-6.18622e-07
-3.80684e-06
-9.88653e-07
-1.025e-06
2.42918e-06
-3.51405e-06
6.75441e-06
-6.97459e-06
1.00119e-05
-1.09819e-05
1.2032e-05
-1.51656e-05
1.28461e-05
-1.92013e-05
1.25545e-05
-2.2804e-05
1.12741e-05
-2.57233e-05
9.12306e-06
-2.77441e-05
6.22848e-06
-2.86923e-05
2.74684e-06
-2.84487e-05
-1.11194e-06
-2.69673e-05
-5.06714e-06
-2.42979e-05
-8.76352e-06
-2.06084e-05
-1.1789e-05
-1.61984e-05
-1.37194e-05
-1.14948e-05
-1.41933e-05
-7.01821e-06
-1.30113e-05
-3.31481e-06
-1.02346e-05
-8.6569e-07
-6.25596e-06
-1.85434e-06
-1.24673e-06
3.67591e-06
-4.22849e-06
9.73617e-06
-8.31727e-06
1.41007e-05
-1.29977e-05
1.67124e-05
-1.78449e-05
1.76933e-05
-2.25045e-05
1.72141e-05
-2.66745e-05
1.54441e-05
-3.00923e-05
1.25408e-05
-3.25278e-05
8.66401e-06
-3.37861e-05
4.0051e-06
-3.37174e-05
-1.18057e-06
-3.22374e-05
-6.54715e-06
-2.93549e-05
-1.1646e-05
-2.52059e-05
-1.5938e-05
-2.00853e-05
-1.884e-05
-1.44624e-05
-1.98162e-05
-8.96161e-06
-1.8512e-05
-4.29314e-06
-1.4903e-05
-1.13588e-06
-9.41322e-06
-2.99022e-06
-1.44422e-06
5.12013e-06
-4.8678e-06
1.31597e-05
-9.52089e-06
1.87538e-05
-1.48055e-05
2.19969e-05
-2.025e-05
2.31379e-05
-2.54794e-05
2.24436e-05
-3.01856e-05
2.01503e-05
-3.41036e-05
1.64588e-05
-3.69969e-05
1.15573e-05
-3.86521e-05
5.66039e-06
-3.88853e-05
-9.47438e-07
-3.75601e-05
-7.87232e-06
-3.46219e-05
-1.45843e-05
-3.01446e-05
-2.04153e-05
-2.43866e-05
-2.45981e-05
-1.78366e-05
-2.63662e-05
-1.12231e-05
-2.51255e-05
-5.45248e-06
-2.06736e-05
-1.4608e-06
-1.34049e-05
-4.45101e-06
-1.61828e-06
6.73841e-06
-5.42945e-06
1.69709e-05
-1.05718e-05
2.38961e-05
-1.63724e-05
2.77975e-05
-2.23223e-05
2.90878e-05
-2.80373e-05
2.81586e-05
-3.32163e-05
2.53293e-05
-3.76059e-05
2.08484e-05
-4.09748e-05
1.49262e-05
-4.30997e-05
7.78529e-06
-4.37637e-05
-2.83498e-07
-4.27709e-05
-8.86512e-06
-3.99822e-05
-1.73729e-05
-3.53751e-05
-2.50224e-05
-2.91259e-05
-3.08473e-05
-2.16991e-05
-3.3793e-05
-1.39062e-05
-3.29185e-05
-6.87444e-06
-2.77054e-05
-1.87368e-06
-1.84057e-05
-6.32469e-06
-1.76982e-06
8.50823e-06
-5.91177e-06
2.11129e-05
-1.14545e-05
2.94389e-05
-1.76549e-05
3.39979e-05
-2.39766e-05
3.54095e-05
-3.00407e-05
3.42226e-05
-3.55701e-05
3.08587e-05
-4.03412e-05
2.56195e-05
-4.41463e-05
1.87313e-05
-4.67681e-05
1.04072e-05
-4.79685e-05
9.16874e-07
-4.74942e-05
-9.33944e-06
-4.51084e-05
-1.97587e-05
-4.0657e-05
-2.94738e-05
-3.41765e-05
-3.73278e-05
-2.60356e-05
-4.19339e-05
-1.70712e-05
-4.18828e-05
-8.63166e-06
-3.6145e-05
-2.40931e-06
-2.4628e-05
-8.734e-06
-1.90411e-06
1.04123e-05
-6.32313e-06
2.55319e-05
-1.21642e-05
3.52799e-05
-1.86122e-05
4.0446e-05
-2.51146e-05
4.19119e-05
-3.13163e-05
4.04244e-05
-3.69867e-05
3.6529e-05
-4.19557e-05
3.05884e-05
-4.60642e-05
2.28399e-05
-4.91272e-05
1.34701e-05
-5.09091e-05
2.6988e-06
-5.11167e-05
-9.13184e-06
-4.94173e-05
-2.14581e-05
-4.54997e-05
-3.33914e-05
-3.91964e-05
-4.36312e-05
-3.06792e-05
-5.04511e-05
-2.07008e-05
-5.18611e-05
-1.07778e-05
-4.6068e-05
-3.10545e-06
-3.23003e-05
-1.18395e-05
-2.03795e-06
1.24503e-05
-6.69688e-06
3.01908e-05
-1.27241e-05
4.13071e-05
-1.92237e-05
4.69456e-05
-2.5642e-05
4.83302e-05
-3.16735e-05
4.64559e-05
-3.71623e-05
4.20179e-05
-4.2022e-05
3.54481e-05
-4.61736e-05
2.69914e-05
-4.94983e-05
1.67949e-05
-5.1801e-05
5.00145e-06
-5.27845e-05
-8.14832e-06
-5.20456e-05
-2.2197e-05
-4.91126e-05
-3.63244e-05
-4.356e-05
-4.91838e-05
-3.52412e-05
-5.87699e-05
-2.46515e-05
-6.24508e-05
-1.33307e-05
-5.73888e-05
-4.005e-06
-4.1626e-05
-1.58444e-05
-2.21104e-06
1.46613e-05
-7.11189e-06
3.50917e-05
-1.32074e-05
4.74026e-05
-1.95069e-05
5.32451e-05
-2.54825e-05
5.43058e-05
-3.09171e-05
5.18905e-05
-3.57678e-05
4.68685e-05
-4.00659e-05
3.97462e-05
-4.38471e-05
3.07727e-05
-4.70983e-05
2.0046e-05
-4.97111e-05
7.61427e-06
-5.14391e-05
-6.42029e-06
-5.1863e-05
-2.17732e-05
-5.03849e-05
-3.78025e-05
-4.63016e-05
-5.3267e-05
-3.90321e-05
-6.60394e-05
-2.85836e-05
-7.28994e-05
-1.62418e-05
-6.97306e-05
-5.158e-06
-5.27099e-05
-2.10024e-05
-2.50438e-06
1.71657e-05
-7.71757e-06
4.03049e-05
-1.37514e-05
5.34364e-05
-1.95156e-05
5.90094e-05
-2.45653e-05
5.93554e-05
-2.8834e-05
5.61593e-05
-3.24414e-05
5.04759e-05
-3.55743e-05
4.28792e-05
-3.84153e-05
3.36137e-05
-4.10918e-05
2.27225e-05
-4.3629e-05
1.01515e-05
-4.58956e-05
-4.15374e-06
-4.75374e-05
-2.01313e-05
-4.79143e-05
-3.74255e-05
-4.60902e-05
-5.50911e-05
-4.09851e-05
-7.11446e-05
-3.18678e-05
-8.20166e-05
-1.93402e-05
-8.22582e-05
-6.62035e-06
-6.54297e-05
-2.76228e-05
-3.06971e-06
2.02354e-05
-8.75564e-06
4.59908e-05
-1.45402e-05
5.92209e-05
-1.92825e-05
6.37517e-05
-2.27415e-05
6.28145e-05
-2.51018e-05
5.85196e-05
-2.67088e-05
5.20828e-05
-2.79405e-05
4.41109e-05
-2.91465e-05
3.48197e-05
-3.06137e-05
2.41896e-05
-3.25319e-05
1.20697e-05
-3.4941e-05
-1.74465e-06
-3.76463e-05
-1.7426e-05
-4.00958e-05
-3.49761e-05
-4.12553e-05
-5.39317e-05
-3.95964e-05
-7.28034e-05
-3.34655e-05
-8.81475e-05
-2.22314e-05
-9.34922e-05
-8.43737e-06
-7.92238e-05
-3.60602e-05
-4.16972e-06
2.44051e-05
-1.05436e-05
5.23647e-05
-1.5681e-05
6.43582e-05
-1.86083e-05
6.6679e-05
-1.95304e-05
6.37365e-05
-1.90295e-05
5.80187e-05
-1.7746e-05
5.07994e-05
-1.62685e-05
4.26333e-05
-1.51075e-05
3.36587e-05
-1.46956e-05
2.37777e-05
-1.53826e-05
1.27567e-05
-1.74032e-05
2.75957e-07
-2.07976e-05
-1.40316e-05
-2.52537e-05
-3.052e-05
-2.98681e-05
-4.93172e-05
-3.28932e-05
-6.97784e-05
-3.17692e-05
-8.92715e-05
-2.41049e-05
-0.000101157
-1.05723e-05
-9.27564e-05
-4.66324e-05
-6.1901e-06
3.05952e-05
-1.32832e-05
5.94578e-05
-1.67701e-05
6.78451e-05
-1.64877e-05
6.63966e-05
-1.35088e-05
6.07576e-05
-8.98281e-06
5.34928e-05
-3.87724e-06
4.56938e-05
1.04127e-06
3.77148e-05
5.16007e-06
2.95399e-05
7.9648e-06
2.0973e-05
9.00333e-06
1.17182e-05
7.8793e-06
1.39999e-06
4.30237e-06
-1.04547e-05
-1.77645e-06
-2.44412e-05
-9.8629e-06
-4.12308e-05
-1.84249e-05
-6.12164e-05
-2.43817e-05
-8.33147e-05
-2.33646e-05
-0.000102174
-1.26745e-05
-0.000103446
-5.9307e-05
-9.45213e-06
4.00474e-05
-1.62279e-05
6.62335e-05
-1.56131e-05
6.72303e-05
-9.73286e-06
6.05164e-05
-1.05983e-06
5.20846e-05
8.65576e-06
4.37772e-05
1.82448e-05
3.61047e-05
2.69194e-05
2.90403e-05
3.41108e-05
2.23486e-05
3.93526e-05
1.57311e-05
4.22044e-05
8.86643e-06
4.22086e-05
1.39577e-06
3.88905e-05
-7.13663e-06
3.18208e-05
-1.73715e-05
2.08589e-05
-3.02688e-05
6.74618e-06
-4.71036e-05
-7.80463e-06
-6.87639e-05
-1.70184e-05
-9.29598e-05
-1.35455e-05
-0.000106919
-7.28525e-05
-1.32369e-05
5.32843e-05
-1.4817e-05
6.78136e-05
-4.9119e-06
5.73252e-05
9.84468e-06
4.57598e-05
2.56912e-05
3.62381e-05
4.08629e-05
2.86055e-05
5.44913e-05
2.24763e-05
6.61208e-05
1.74108e-05
7.54703e-05
1.2999e-05
8.2296e-05
8.9054e-06
8.63119e-05
4.85054e-06
8.71357e-05
5.71957e-07
8.42534e-05
-4.25437e-06
7.69741e-05
-1.00922e-05
6.44893e-05
-1.7784e-05
4.62437e-05
-2.88581e-05
2.32025e-05
-4.57226e-05
5.34195e-07
-7.02916e-05
-1.01221e-05
-9.62631e-05
-8.29746e-05
-9.19235e-06
6.24766e-05
8.87059e-06
4.97507e-05
3.49318e-05
3.1264e-05
5.94862e-05
2.12054e-05
8.06512e-05
1.50731e-05
9.83586e-05
1.0898e-05
0.000112869
7.9658e-06
0.000124468
5.81167e-06
0.000133363
4.10447e-06
0.000139641
2.62756e-06
0.000143256
1.2357e-06
0.000144009
-1.81772e-07
0.000141515
-1.76011e-06
0.000135084
-3.66121e-06
0.000123561
-6.26056e-06
0.000105124
-1.0422e-05
7.76741e-05
-1.82723e-05
4.14418e-05
-3.40593e-05
6.66245e-06
-6.14837e-05
-7.63121e-05
6.24767e-05
0.000112227
0.000143491
0.000164697
0.00017977
0.000190668
0.000198634
0.000204445
0.00020855
0.000211177
0.000212413
0.000212231
0.000210471
0.00020681
0.000200549
0.000190127
0.000171855
0.000137796
7.63121e-05
)
;

boundaryField
{
    movingWall
    {
        type            calculated;
        value           uniform 0;
    }
    fixedWalls
    {
        type            calculated;
        value           uniform 0;
    }
    frontAndBack
    {
        type            empty;
        value           nonuniform List<scalar> 0();
    }
}


// ************************************************************************* //
