/*--------------------------------*- C++ -*----------------------------------*\
  =========                 |
  \\      /  F ield         | OpenFOAM: The Open Source CFD Toolbox
   \\    /   O peration     | Website:  https://openfoam.org
    \\  /    A nd           | Version:  8
     \\/     M anipulation  |
\*---------------------------------------------------------------------------*/
FoamFile
{
    version     2.0;
    format      ascii;
    class       volVectorField;
    location    "0.2";
    object      U;
}
// * * * * * * * * * * * * * * * * * * * * * * * * * * * * * * * * * * * * * //

dimensions      [0 1 -1 0 0 0 0];

internalField   nonuniform List<vector> 
400
(
(0.00118727 -0.00118957 0)
(0.000400292 0.000662272 0)
(-0.00634851 0.00282527 0)
(-0.0176963 0.00427834 0)
(-0.031697 0.00499721 0)
(-0.046601 0.0051108 0)
(-0.0609214 0.00473441 0)
(-0.0733927 0.00394446 0)
(-0.0829177 0.0027893 0)
(-0.0885562 0.00131889 0)
(-0.0895821 -0.000382937 0)
(-0.0856011 -0.00217565 0)
(-0.0766986 -0.00385487 0)
(-0.0635699 -0.00516756 0)
(-0.0475827 -0.00584943 0)
(-0.0307189 -0.0056819 0)
(-0.015358 -0.0045601 0)
(-0.00388851 -0.0025621 0)
(0.00184389 -9.38191e-05 0)
(0.0015492 0.00149773 0)
(-0.000610271 -0.000507253 0)
(-0.00881672 0.00870131 0)
(-0.0295861 0.0181274 0)
(-0.0594622 0.0246193 0)
(-0.0945339 0.0278282 0)
(-0.131176 0.0280522 0)
(-0.166018 0.0256828 0)
(-0.19605 0.021065 0)
(-0.21866 0.014508 0)
(-0.231689 0.00637828 0)
(-0.23358 -0.00279072 0)
(-0.223614 -0.0122244 0)
(-0.20217 -0.0208991 0)
(-0.170944 -0.0276241 0)
(-0.133014 -0.031217 0)
(-0.0926725 -0.0307615 0)
(-0.0549173 -0.02591 0)
(-0.024621 -0.017176 0)
(-0.00565686 -0.00635403 0)
(0.00029656 0.00203213 0)
(-0.00302257 0.00638655 0)
(-0.0197809 0.0298571 0)
(-0.0547083 0.0512893 0)
(-0.101408 0.0659117 0)
(-0.154281 0.0729092 0)
(-0.208507 0.0726974 0)
(-0.259516 0.0660261 0)
(-0.30316 0.0536869 0)
(-0.335828 0.0365086 0)
(-0.354569 0.0155194 0)
(-0.357289 -0.00785639 0)
(-0.343046 -0.0316676 0)
(-0.312368 -0.053446 0)
(-0.267519 -0.0704015 0)
(-0.212585 -0.0798208 0)
(-0.153284 -0.079646 0)
(-0.0963317 -0.0691508 0)
(-0.048398 -0.0495709 0)
(-0.015401 -0.0247314 0)
(-0.0016626 -0.00261413 0)
(-0.0051828 0.0192261 0)
(-0.0300775 0.0632312 0)
(-0.078629 0.09989 0)
(-0.141055 0.124081 0)
(-0.209979 0.134997 0)
(-0.279616 0.133366 0)
(-0.344575 0.120409 0)
(-0.399964 0.0974737 0)
(-0.441525 0.0660433 0)
(-0.465751 0.0279814 0)
(-0.4701 -0.014181 0)
(-0.453321 -0.0570546 0)
(-0.415817 -0.0964108 0)
(-0.359989 -0.127489 0)
(-0.290428 -0.14563 0)
(-0.213828 -0.147221 0)
(-0.138366 -0.130815 0)
(-0.0725969 -0.0981677 0)
(-0.0250201 -0.0550368 0)
(-0.00342858 -0.0124676 0)
(-0.00705284 0.0373452 0)
(-0.0393846 0.107825 0)
(-0.100666 0.162541 0)
(-0.177741 0.197229 0)
(-0.261448 0.211799 0)
(-0.345159 0.207674 0)
(-0.422888 0.186738 0)
(-0.489269 0.150985 0)
(-0.539624 0.102607 0)
(-0.570015 0.0443351 0)
(-0.577441 -0.0201553 0)
(-0.560155 -0.0859676 0)
(-0.5181 -0.146969 0)
(-0.453368 -0.19616 0)
(-0.370608 -0.226503 0)
(-0.277178 -0.232247 0)
(-0.182699 -0.210581 0)
(-0.0979656 -0.163206 0)
(-0.0347593 -0.0974352 0)
(-0.00505535 -0.0272325 0)
(-0.00869105 0.0601642 0)
(-0.0477411 0.162759 0)
(-0.12069 0.238315 0)
(-0.211238 0.284404 0)
(-0.308538 0.302387 0)
(-0.405241 0.294848 0)
(-0.49496 0.264581 0)
(-0.572066 0.214321 0)
(-0.631636 0.146954 0)
(-0.669395 0.0659992 0)
(-0.68183 -0.023832 0)
(-0.666495 -0.116219 0)
(-0.622495 -0.203099 0)
(-0.551127 -0.275001 0)
(-0.456587 -0.321992 0)
(-0.346524 -0.335357 0)
(-0.231949 -0.309902 0)
(-0.126312 -0.246339 0)
(-0.0455445 -0.153018 0)
(-0.00679179 -0.0470667 0)
(-0.0101384 0.0871751 0)
(-0.0551967 0.227059 0)
(-0.13863 0.326067 0)
(-0.241277 0.384427 0)
(-0.350777 0.405673 0)
(-0.459219 0.39405 0)
(-0.560019 0.353541 0)
(-0.647508 0.287708 0)
(-0.716714 0.200059 0)
(-0.763141 0.094719 0)
(-0.782763 -0.0228224 0)
(-0.772263 -0.145066 0)
(-0.729553 -0.262152 0)
(-0.654588 -0.362001 0)
(-0.550453 -0.43123 0)
(-0.424485 -0.457108 0)
(-0.288785 -0.430613 0)
(-0.159742 -0.350003 0)
(-0.0585032 -0.223814 0)
(-0.00892931 -0.0727355 0)
(-0.0114157 0.117901 0)
(-0.0617657 0.299672 0)
(-0.154362 0.424412 0)
(-0.267428 0.495758 0)
(-0.387274 0.520134 0)
(-0.505632 0.503984 0)
(-0.615971 0.452782 0)
(-0.712861 0.370999 0)
(-0.791546 0.262652 0)
(-0.847521 0.132195 0)
(-0.876357 -0.014498 0)
(-0.87382 -0.169185 0)
(-0.836352 -0.320558 0)
(-0.762013 -0.454001 0)
(-0.651951 -0.552229 0)
(-0.512225 -0.597311 0)
(-0.355255 -0.574468 0)
(-0.200282 -0.477276 0)
(-0.0748341 -0.312867 0)
(-0.0117885 -0.105665 0)
(-0.0125442 0.151874 0)
(-0.0674801 0.379478 0)
(-0.167778 0.531721 0)
(-0.28917 0.616389 0)
(-0.416804 0.643581 0)
(-0.542298 0.622537 0)
(-0.659499 0.560566 0)
(-0.763577 0.463142 0)
(-0.850362 0.334662 0)
(-0.915695 0.179567 0)
(-0.955038 0.00360798 0)
(-0.963399 -0.184868 0)
(-0.935666 -0.373739 0)
(-0.867547 -0.546276 0)
(-0.75732 -0.681161 0)
(-0.608402 -0.754155 0)
(-0.432052 -0.742382 0)
(-0.24954 -0.631446 0)
(-0.0957667 -0.424137 0)
(-0.0157419 -0.147968 0)
(-0.0135918 0.18867 0)
(-0.0725304 0.465335 0)
(-0.179007 0.646076 0)
(-0.306149 0.743671 0)
(-0.438063 0.772842 0)
(-0.566571 0.746333 0)
(-0.686318 0.6737 0)
(-0.793537 0.561547 0)
(-0.885137 0.414531 0)
(-0.957823 0.236729 0)
(-1.00746 0.0331792 0)
(-1.02875 -0.18847 0)
(-1.01525 -0.416246 0)
(-0.960152 -0.632233 0)
(-0.857997 -0.811551 0)
(-0.707877 -0.923015 0)
(-0.517558 -0.93316 0)
(-0.308292 -0.815115 0)
(-0.12255 -0.562202 0)
(-0.0212647 -0.202493 0)
(-0.0147515 0.228056 0)
(-0.0775007 0.556269 0)
(-0.188758 0.765319 0)
(-0.318548 0.874165 0)
(-0.450034 0.903438 0)
(-0.575696 0.870286 0)
(-0.691545 0.786988 0)
(-0.795466 0.661446 0)
(-0.886053 0.498492 0)
(-0.961524 0.301522 0)
(-1.01888 0.0742858 0)
(-1.05326 -0.177172 0)
(-1.05761 -0.442288 0)
(-1.02286 -0.703475 0)
(-0.939389 -0.93367 0)
(-0.80024 -1.09512 0)
(-0.606561 -1.14178 0)
(-0.375809 -1.02876 0)
(-0.156408 -0.731683 0)
(-0.0290136 -0.272908 0)
(-0.0164766 0.270322 0)
(-0.0837198 0.65183 0)
(-0.198765 0.887145 0)
(-0.327477 1.00347 0)
(-0.45227 1.02925 0)
(-0.567052 0.987167 0)
(-0.670003 0.892748 0)
(-0.761375 0.755353 0)
(-0.84212 0.579933 0)
(-0.91269 0.368974 0)
(-0.972061 0.124459 0)
(-1.01686 -0.150024 0)
(-1.04051 -0.446725 0)
(-1.03276 -0.750441 0)
(-0.98009 -1.03443 0)
(-0.868357 -1.25639 0)
(-0.688594 -1.35728 0)
(-0.448762 -1.26858 0)
(-0.198373 -0.936202 0)
(-0.0399371 -0.363852 0)
(-0.0197168 0.31692 0)
(-0.0937705 0.752648 0)
(-0.212218 1.00915 0)
(-0.335103 1.1259 0)
(-0.444741 1.14205 0)
(-0.537854 1.08717 0)
(-0.61596 0.980453 0)
(-0.682536 0.832753 0)
(-0.741552 0.649055 0)
(-0.796321 0.430792 0)
(-0.848583 0.177909 0)
(-0.89753 -0.109066 0)
(-0.938588 -0.426467 0)
(-0.962025 -0.763789 0)
(-0.951987 -1.09815 0)
(-0.88729 -1.38692 0)
(-0.746009 -1.56061 0)
(-0.519488 -1.52339 0)
(-0.248798 -1.17649 0)
(-0.0553971 -0.481134 0)
(-0.026331 0.37158 0)
(-0.112158 0.861064 0)
(-0.233871 1.12851 0)
(-0.343858 1.23367 0)
(-0.426323 1.23073 0)
(-0.483309 1.15738 0)
(-0.521347 1.03652 0)
(-0.54807 0.880158 0)
(-0.57096 0.693051 0)
(-0.596528 0.475463 0)
(-0.629707 0.225292 0)
(-0.67307 -0.060148 0)
(-0.725504 -0.382009 0)
(-0.78011 -0.736483 0)
(-0.821571 -1.10861 0)
(-0.824019 -1.46178 0)
(-0.751979 -1.72305 0)
(-0.573351 -1.77086 0)
(-0.306067 -1.44698 0)
(-0.0771563 -0.631677 0)
(-0.0397018 0.442168 0)
(-0.145841 0.981335 0)
(-0.268692 1.24043 0)
(-0.352969 1.31502 0)
(-0.389976 1.27982 0)
(-0.391339 1.18109 0)
(-0.370685 1.04437 0)
(-0.34055 0.881786 0)
(-0.311965 0.697161 0)
(-0.294362 0.489402 0)
(-0.295612 0.254576 0)
(-0.32176 -0.0127888 0)
(-0.376021 -0.318467 0)
(-0.456524 -0.666216 0)
(-0.552404 -1.05241 0)
(-0.638189 -1.45408 0)
(-0.668512 -1.80669 0)
(-0.584638 -1.97372 0)
(-0.363269 -1.7303 0)
(-0.106612 -0.822608 0)
(-0.065095 0.543747 0)
(-0.202896 1.11793 0)
(-0.315473 1.33379 0)
(-0.34787 1.35027 0)
(-0.310468 1.26723 0)
(-0.230472 1.13719 0)
(-0.130192 0.985287 0)
(-0.0267826 0.821408 0)
(0.0662112 0.647171 0)
(0.137732 0.45974 0)
(0.178252 0.253706 0)
(0.179252 0.0217912 0)
(0.133545 -0.245027 0)
(0.0368682 -0.557043 0)
(-0.10815 -0.923051 0)
(-0.283779 -1.34021 0)
(-0.444399 -1.76787 0)
(-0.510113 -2.07769 0)
(-0.400509 -1.99035 0)
(-0.141367 -1.06015 0)
(-0.107281 0.704737 0)
(-0.282746 1.26694 0)
(-0.344603 1.37775 0)
(-0.272211 1.30205 0)
(-0.117358 1.1597 0)
(0.0732384 0.999739 0)
(0.270709 0.840445 0)
(0.456449 0.685858 0)
(0.617514 0.533672 0)
(0.743977 0.37891 0)
(0.827062 0.215218 0)
(0.85794 0.0348997 0)
(0.827261 -0.17194 0)
(0.725472 -0.418833 0)
(0.545195 -0.723987 0)
(0.289061 -1.10621 0)
(-0.0127463 -1.56323 0)
(-0.279671 -2.01085 0)
(-0.370667 -2.16223 0)
(-0.164937 -1.34788 0)
(-0.153134 0.967656 0)
(-0.334873 1.38466 0)
(-0.232141 1.29103 0)
(0.0359171 1.10066 0)
(0.353983 0.911047 0)
(0.669849 0.74292 0)
(0.960807 0.598513 0)
(1.21515 0.47296 0)
(1.42621 0.3594 0)
(1.58921 0.251141 0)
(1.69916 0.141899 0)
(1.74962 0.0251756 0)
(1.73185 -0.107032 0)
(1.63389 -0.266648 0)
(1.44021 -0.47355 0)
(1.13504 -0.759932 0)
(0.715143 -1.16512 0)
(0.220253 -1.68795 0)
(-0.173063 -2.12393 0)
(-0.117841 -1.64501 0)
(-0.0454429 1.25345 0)
(-0.0684507 1.30065 0)
(0.409846 0.956806 0)
(0.950233 0.699971 0)
(1.41557 0.521497 0)
(1.80372 0.391913 0)
(2.12479 0.29571 0)
(2.38516 0.221606 0)
(2.58963 0.160871 0)
(2.7413 0.107195 0)
(2.84071 0.0559279 0)
(2.88555 0.0031354 0)
(2.87023 -0.0554187 0)
(2.78444 -0.126311 0)
(2.61059 -0.22195 0)
(2.32022 -0.368957 0)
(1.86917 -0.622666 0)
(1.20126 -1.06451 0)
(0.441913 -1.66296 0)
(0.211951 -1.67416 0)
(1.41863 0.697454 0)
(1.81169 0.617887 0)
(2.53032 0.39244 0)
(3.09667 0.24766 0)
(3.46553 0.161385 0)
(3.71855 0.10733 0)
(3.90277 0.0724445 0)
(4.03842 0.0490708 0)
(4.13636 0.0322556 0)
(4.20301 0.0189139 0)
(4.24143 0.00712932 0)
(4.25217 -0.00440874 0)
(4.23342 -0.0168037 0)
(4.1805 -0.0317435 0)
(4.0837 -0.0524357 0)
(3.92206 -0.0868568 0)
(3.64679 -0.156554 0)
(3.12527 -0.3125 0)
(2.26301 -0.614436 0)
(1.64211 -0.768341 0)
)
;

boundaryField
{
    movingWall
    {
        type            fixedValue;
        value           uniform (5 0 0);
    }
    fixedWalls
    {
        type            noSlip;
    }
    frontAndBack
    {
        type            empty;
    }
}


// ************************************************************************* //
