/*--------------------------------*- C++ -*----------------------------------*\
  =========                 |
  \\      /  F ield         | OpenFOAM: The Open Source CFD Toolbox
   \\    /   O peration     | Website:  https://openfoam.org
    \\  /    A nd           | Version:  8
     \\/     M anipulation  |
\*---------------------------------------------------------------------------*/
FoamFile
{
    version     2.0;
    format      ascii;
    class       surfaceScalarField;
    location    "0.3";
    object      phi;
}
// * * * * * * * * * * * * * * * * * * * * * * * * * * * * * * * * * * * * * //

dimensions      [0 3 -1 0 0 0 0];

internalField   nonuniform List<scalar> 
760
(
6.10516e-08
-6.07939e-08
-1.25612e-07
1.86663e-07
-5.678e-07
4.42193e-07
-1.18184e-06
6.14042e-07
-1.87956e-06
6.97723e-07
-2.58356e-06
7.0399e-07
-3.22802e-06
6.44444e-07
-3.75653e-06
5.28503e-07
-4.12051e-06
3.63986e-07
-4.28032e-06
1.59806e-07
-4.2093e-06
-7.1015e-08
-3.90009e-06
-3.09206e-07
-3.37115e-06
-5.2894e-07
-2.67141e-06
-6.99741e-07
-1.88051e-06
-7.90896e-07
-1.10256e-06
-7.77951e-07
-4.52179e-07
-6.50386e-07
-3.31978e-08
-4.1898e-07
9.49331e-08
-1.28129e-07
9.49338e-08
-1.84337e-07
1.23544e-07
-9.10766e-07
9.13078e-07
-2.1308e-06
1.66221e-06
-3.69147e-06
2.1747e-06
-5.41602e-06
2.42228e-06
-7.13411e-06
2.4221e-06
-8.69196e-06
2.20229e-06
-9.95481e-06
1.79134e-06
-1.08087e-05
1.21782e-06
-1.11651e-05
5.16279e-07
-1.09704e-05
-2.65709e-07
-1.02169e-05
-1.06276e-06
-8.95421e-06
-1.79163e-06
-7.29615e-06
-2.35781e-06
-5.41827e-06
-2.66879e-06
-3.54255e-06
-2.65367e-06
-1.90682e-06
-2.28612e-06
-7.1948e-07
-1.60633e-06
-1.01786e-07
-7.45832e-07
-6.85096e-09
-4.76336e-07
5.99883e-07
-1.78434e-06
2.22108e-06
-3.7452e-06
3.62307e-06
-6.13182e-06
4.56131e-06
-8.70398e-06
4.99443e-06
-1.1231e-05
4.9491e-06
-1.35022e-05
4.47347e-06
-1.53315e-05
3.6207e-06
-1.65623e-05
2.44855e-06
-1.70743e-05
1.02829e-06
-1.67959e-05
-5.4408e-07
-1.57181e-05
-2.14057e-06
-1.3908e-05
-3.60176e-06
-1.15171e-05
-4.74866e-06
-8.77917e-06
-5.40672e-06
-5.99149e-06
-5.44134e-06
-3.47761e-06
-4.8e-06
-1.53228e-06
-3.55166e-06
-3.56636e-07
-1.92148e-06
-3.63487e-07
-7.43147e-07
1.34302e-06
-2.61074e-06
4.08868e-06
-5.27517e-06
6.2875e-06
-8.42042e-06
7.70656e-06
-1.17465e-05
8.32052e-06
-1.49771e-05
8.17971e-06
-1.78633e-05
7.35968e-06
-2.01859e-05
5.94324e-06
-2.17591e-05
4.02179e-06
-2.24392e-05
1.7084e-06
-2.21368e-05
-8.4654e-07
-2.08328e-05
-3.44458e-06
-1.85951e-05
-5.8394e-06
-1.55912e-05
-7.7526e-06
-1.20899e-05
-8.90801e-06
-8.44701e-06
-9.08422e-06
-5.06757e-06
-8.17944e-06
-2.34651e-06
-6.27272e-06
-5.98284e-07
-3.66972e-06
-9.61773e-07
-9.81105e-07
2.32412e-06
-3.36798e-06
6.47555e-06
-6.69003e-06
9.60956e-06
-1.05391e-05
1.15556e-05
-1.45574e-05
1.23388e-05
-1.84314e-05
1.20537e-05
-2.18859e-05
1.08142e-05
-2.468e-05
8.73738e-06
-2.6608e-05
5.94973e-06
-2.75049e-05
2.6053e-06
-2.72591e-05
-1.09234e-06
-2.58295e-05
-4.87412e-06
-2.32667e-05
-8.40222e-06
-1.97327e-05
-1.12867e-05
-1.55137e-05
-1.31269e-05
-1.10161e-05
-1.35819e-05
-6.7339e-06
-1.24616e-05
-3.18677e-06
-9.81985e-06
-8.35166e-07
-6.02132e-06
-1.79694e-06
-1.19408e-06
3.51821e-06
-4.05544e-06
9.33689e-06
-7.98315e-06
1.35373e-05
-1.2481e-05
1.60534e-05
-1.71382e-05
1.6996e-05
-2.16115e-05
1.6527e-05
-2.56087e-05
1.48114e-05
-2.88768e-05
1.20055e-05
-3.11962e-05
8.26908e-06
-3.23821e-05
3.79117e-06
-3.22947e-05
-1.17971e-06
-3.08576e-05
-6.31126e-06
-2.80835e-05
-1.11763e-05
-2.41058e-05
-1.52643e-05
-1.92075e-05
-1.80252e-05
-1.38353e-05
-1.89542e-05
-8.58093e-06
-1.77159e-05
-4.11786e-06
-1.42829e-05
-1.09305e-06
-9.04613e-06
-2.88999e-06
-1.38489e-06
4.9031e-06
-4.67406e-06
1.26261e-05
-9.14851e-06
1.80117e-05
-1.42313e-05
2.11362e-05
-1.94654e-05
2.22302e-05
-2.44868e-05
2.15483e-05
-2.89965e-05
1.93212e-05
-3.27394e-05
1.57484e-05
-3.54893e-05
1.10189e-05
-3.70444e-05
5.34635e-06
-3.72331e-05
-9.91014e-07
-3.5931e-05
-7.61344e-06
-3.3092e-05
-1.40153e-05
-2.87928e-05
-1.95635e-05
-2.32834e-05
-2.35346e-05
-1.70298e-05
-2.52078e-05
-1.07217e-05
-2.4024e-05
-5.21633e-06
-1.97883e-05
-1.40165e-06
-1.28608e-05
-4.29163e-06
-1.55474e-06
6.45784e-06
-5.2226e-06
1.62939e-05
-1.01749e-05
2.2964e-05
-1.57606e-05
2.6722e-05
-2.14855e-05
2.7955e-05
-2.69753e-05
2.70382e-05
-3.19374e-05
2.42833e-05
-3.61271e-05
1.99381e-05
-3.93234e-05
1.42152e-05
-4.13152e-05
7.33822e-06
-4.19004e-05
-4.05888e-07
-4.08989e-05
-8.61494e-06
-3.81865e-05
-1.67276e-05
-3.37505e-05
-2.39995e-05
-2.77657e-05
-2.95194e-05
-2.06773e-05
-3.22963e-05
-1.32537e-05
-3.14475e-05
-6.55863e-06
-2.64834e-05
-1.79211e-06
-1.76273e-05
-6.08374e-06
-1.70491e-06
8.16275e-06
-5.70046e-06
2.02895e-05
-1.1049e-05
2.83125e-05
-1.70294e-05
3.27024e-05
-2.31191e-05
3.40447e-05
-2.8948e-05
3.2867e-05
-3.4246e-05
2.95813e-05
-3.87969e-05
2.44889e-05
-4.24019e-05
1.78203e-05
-4.48563e-05
9.79256e-06
-4.59376e-05
6.75409e-07
-4.5412e-05
-9.14048e-06
-4.30639e-05
-1.90757e-05
-3.8758e-05
-2.83055e-05
-3.25397e-05
-3.57377e-05
-2.47668e-05
-4.00691e-05
-1.62342e-05
-3.99801e-05
-8.21291e-06
-3.45047e-05
-2.29695e-06
-2.35433e-05
-8.38068e-06
-1.84078e-06
1.00035e-05
-6.11638e-06
2.45651e-05
-1.1767e-05
3.39631e-05
-1.79989e-05
3.89343e-05
-2.42722e-05
4.0318e-05
-3.02391e-05
3.8834e-05
-3.56739e-05
3.50161e-05
-4.04117e-05
2.92267e-05
-4.43006e-05
2.17092e-05
-4.71662e-05
1.26581e-05
-4.87886e-05
2.29778e-06
-4.88956e-05
-9.03348e-06
-4.71807e-05
-2.07906e-05
-4.33606e-05
-3.21256e-05
-3.72907e-05
-4.18076e-05
-2.9147e-05
-4.82128e-05
-1.96498e-05
-4.94774e-05
-1.023e-05
-4.39245e-05
-2.95148e-06
-3.08218e-05
-1.13322e-05
-1.97866e-06
1.19822e-05
-6.50245e-06
2.90889e-05
-1.23507e-05
3.98114e-05
-1.8648e-05
4.52316e-05
-2.48519e-05
4.65219e-05
-3.06623e-05
4.46443e-05
-3.5926e-05
4.02799e-05
-4.0559e-05
3.38597e-05
-4.44863e-05
2.56365e-05
-4.75968e-05
1.57686e-05
-4.9708e-05
4.40901e-06
-5.05427e-05
-8.19875e-06
-4.97256e-05
-2.16077e-05
-4.68203e-05
-3.50309e-05
-4.14389e-05
-4.7189e-05
-3.34609e-05
-5.61907e-05
-2.33709e-05
-5.95673e-05
-1.26285e-05
-5.46669e-05
-3.79598e-06
-3.96544e-05
-1.51282e-05
-2.15667e-06
1.41389e-05
-6.9336e-06
3.38658e-05
-1.28677e-05
4.57455e-05
-1.89883e-05
5.13522e-05
-2.47771e-05
5.23107e-05
-3.00204e-05
4.98876e-05
-3.4675e-05
4.49345e-05
-3.87718e-05
3.79565e-05
-4.23466e-05
2.92113e-05
-4.53891e-05
1.88111e-05
-4.77983e-05
6.8182e-06
-4.93424e-05
-6.65466e-06
-4.96267e-05
-2.13234e-05
-4.80911e-05
-3.65665e-05
-4.40821e-05
-5.1198e-05
-3.70701e-05
-6.32027e-05
-2.70875e-05
-6.95499e-05
-1.53672e-05
-6.63872e-05
-4.87797e-06
-5.01436e-05
-2.00061e-05
-2.45233e-06
1.65912e-05
-7.55102e-06
3.89645e-05
-1.34439e-05
5.16383e-05
-1.90609e-05
5.69693e-05
-2.39646e-05
5.72144e-05
-2.80892e-05
5.40121e-05
-3.15513e-05
4.83966e-05
-3.45339e-05
4.09391e-05
-3.72151e-05
3.18926e-05
-3.97194e-05
2.13153e-05
-4.20718e-05
9.17063e-06
-4.41464e-05
-4.58007e-06
-4.56047e-05
-1.98652e-05
-4.58383e-05
-3.63328e-05
-4.39649e-05
-5.30715e-05
-3.89787e-05
-6.81889e-05
-3.022e-05
-7.83086e-05
-1.82938e-05
-7.83134e-05
-6.25189e-06
-6.21855e-05
-2.6258e-05
-3.01071e-06
1.96019e-05
-8.5819e-06
4.45357e-05
-1.4244e-05
5.73004e-05
-1.88775e-05
6.16028e-05
-2.22449e-05
6.05818e-05
-2.45274e-05
5.62946e-05
-2.60639e-05
4.99331e-05
-2.72247e-05
4.20999e-05
-2.83505e-05
3.30184e-05
-2.97188e-05
2.26835e-05
-3.15104e-05
1.09623e-05
-3.37593e-05
-2.33122e-06
-3.62716e-05
-1.73528e-05
-3.85123e-05
-3.40922e-05
-3.94921e-05
-5.20917e-05
-3.77673e-05
-6.99137e-05
-3.18013e-05
-8.42746e-05
-2.10508e-05
-8.90638e-05
-7.9655e-06
-7.52708e-05
-3.42235e-05
-4.08224e-06
2.36841e-05
-1.03209e-05
5.07744e-05
-1.53495e-05
6.2329e-05
-1.82146e-05
6.44678e-05
-1.91165e-05
6.14838e-05
-1.86274e-05
5.58054e-05
-1.73758e-05
4.86816e-05
-1.59379e-05
4.06619e-05
-1.48103e-05
3.18909e-05
-1.44102e-05
2.22834e-05
-1.50701e-05
1.16222e-05
-1.70071e-05
-3.94193e-07
-2.02457e-05
-1.41142e-05
-2.44689e-05
-2.9869e-05
-2.87948e-05
-4.77658e-05
-3.15488e-05
-6.71596e-05
-3.03166e-05
-8.55068e-05
-2.28915e-05
-9.6489e-05
-9.99539e-06
-8.81669e-05
-4.42189e-05
-6.03169e-06
2.97158e-05
-1.29402e-05
5.76829e-05
-1.63347e-05
6.57235e-05
-1.6059e-05
6.41921e-05
-1.31627e-05
5.85875e-05
-8.77264e-06
5.14154e-05
-3.83611e-06
4.37451e-05
8.9901e-07
3.59268e-05
4.83917e-06
2.79507e-05
7.49072e-06
1.96318e-05
8.42481e-06
1.06881e-05
7.27184e-06
7.58782e-07
3.77012e-06
-1.06125e-05
-2.10191e-06
-2.3997e-05
-9.83847e-06
-4.00292e-05
-1.79439e-05
-5.90542e-05
-2.34731e-05
-7.99776e-05
-2.23184e-05
-9.76437e-05
-1.20299e-05
-9.84554e-05
-5.62488e-05
-9.15116e-06
3.8867e-05
-1.56801e-05
6.42118e-05
-1.50382e-05
6.50816e-05
-9.29947e-06
5.84533e-05
-8.74961e-07
5.0163e-05
8.52749e-06
4.20129e-05
1.77694e-05
3.45032e-05
2.60876e-05
2.76086e-05
3.29365e-05
2.11018e-05
3.78732e-05
1.46951e-05
4.0483e-05
8.07833e-06
4.03377e-05
9.04117e-07
3.69981e-05
-7.27299e-06
3.00754e-05
-1.70742e-05
1.94704e-05
-2.94242e-05
5.9418e-06
-4.55256e-05
-7.87402e-06
-6.61618e-05
-1.64733e-05
-8.90444e-05
-1.29545e-05
-0.000101974
-6.92033e-05
-1.27096e-05
5.15766e-05
-1.41027e-05
6.56049e-05
-4.41691e-06
5.53958e-05
9.91926e-06
4.41172e-05
2.52579e-05
3.48244e-05
3.98876e-05
2.73832e-05
5.29714e-05
2.14194e-05
6.40771e-05
1.65029e-05
7.29438e-05
1.22351e-05
7.93479e-05
8.29105e-06
8.30262e-05
4.4e-06
8.3622e-05
3.08328e-07
8.06537e-05
-4.30474e-06
7.34703e-05
-9.89074e-06
6.13176e-05
-1.72716e-05
4.37059e-05
-2.79139e-05
2.16254e-05
-4.40813e-05
7.36008e-08
-6.74926e-05
-9.85404e-06
-9.20466e-05
-7.90574e-05
-8.61237e-06
6.0189e-05
8.98005e-06
4.80125e-05
3.4219e-05
3.01569e-05
5.79457e-05
2.03905e-05
7.83358e-05
1.44342e-05
9.53291e-05
1.03899e-05
0.000109191
7.5576e-06
0.000120211
5.48253e-06
0.000128603
3.84352e-06
0.000134462
2.43141e-06
0.000137756
1.10639e-06
0.000138307
-2.42683e-07
0.000135742
-1.73919e-06
0.000129404
-3.55281e-06
0.00011818
-6.04836e-06
0.000100333
-1.00661e-05
7.38883e-05
-1.76369e-05
3.91605e-05
-3.27648e-05
6.04272e-06
-5.89288e-05
-7.30147e-05
6.0189e-05
0.000108201
0.000138358
0.000158749
0.000173183
0.000183573
0.000191131
0.000196613
0.000200457
0.000202888
0.000203994
0.000203752
0.000202013
0.00019846
0.000192411
0.000182345
0.000164708
0.000131943
7.30147e-05
)
;

boundaryField
{
    movingWall
    {
        type            calculated;
        value           uniform 0;
    }
    fixedWalls
    {
        type            calculated;
        value           uniform 0;
    }
    frontAndBack
    {
        type            empty;
        value           nonuniform List<scalar> 0();
    }
}


// ************************************************************************* //
