/*--------------------------------*- C++ -*----------------------------------*\
  =========                 |
  \\      /  F ield         | OpenFOAM: The Open Source CFD Toolbox
   \\    /   O peration     | Website:  https://openfoam.org
    \\  /    A nd           | Version:  8
     \\/     M anipulation  |
\*---------------------------------------------------------------------------*/
FoamFile
{
    version     2.0;
    format      ascii;
    class       volScalarField;
    location    "0.4";
    object      p;
}
// * * * * * * * * * * * * * * * * * * * * * * * * * * * * * * * * * * * * * //

dimensions      [0 2 -2 0 0 0 0];

internalField   nonuniform List<scalar> 
400
(
-2.30511e-06
-0.0105029
-0.0232243
-0.0328701
-0.0364253
-0.0325729
-0.0212043
-0.00304502
0.0205903
0.0479399
0.0768945
0.105106
0.130143
0.149718
0.161983
0.165891
0.161603
0.150885
0.137435
0.126992
0.0104055
-0.000417222
-0.0103633
-0.0169512
-0.0187976
-0.0149936
-0.00540168
0.00947578
0.0286628
0.0508046
0.0742442
0.0971205
0.117508
0.133608
0.143994
0.147884
0.14544
0.137928
0.127351
0.116673
0.0238692
0.00890906
-0.00179924
-0.00780072
-0.00927441
-0.00577746
0.00269985
0.0156961
0.0324026
0.0517046
0.0722162
0.0923492
0.110427
0.124852
0.134309
0.137999
0.135913
0.128844
0.117321
0.102468
0.0357425
0.0151778
0.00195476
-0.00483777
-0.00669088
-0.00357951
0.0043273
0.0165168
0.0322411
0.0505089
0.0700742
0.0894666
0.107078
0.121304
0.13073
0.134357
0.131906
0.123762
0.109298
0.0885548
0.0428574
0.016498
0.000306954
-0.0076714
-0.0100559
-0.00717699
0.000625894
0.0127679
0.0285228
0.0469715
0.0669425
0.0870041
0.105518
0.120757
0.131082
0.135175
0.132416
0.122804
0.104729
0.0775358
0.0428391
0.0107581
-0.00846647
-0.0176545
-0.0204328
-0.0174401
-0.00916822
0.00372485
0.0205198
0.0403433
0.062062
0.0842314
0.105113
0.122768
0.135218
0.140706
0.138174
0.127197
0.105241
0.0711549
0.0336467
-0.00407832
-0.0262211
-0.0363973
-0.0392058
-0.0355774
-0.0261466
-0.0116374
0.00724094
0.0296603
0.0545174
0.0803353
0.105235
0.126992
0.143178
0.151457
0.150184
0.138389
0.112503
0.0709213
0.0132484
-0.0301001
-0.0549069
-0.065618
-0.0678645
-0.0628981
-0.0515011
-0.0344533
-0.0124317
0.0138091
0.0432251
0.0743273
0.105093
0.132968
0.154971
0.168015
0.169649
0.158122
0.12851
0.0786294
-0.020607
-0.0696412
-0.0967083
-0.107228
-0.108043
-0.100812
-0.0864924
-0.0659085
-0.0396647
-0.00838085
0.0270304
0.0651375
0.103824
0.140204
0.170662
0.191165
0.198158
0.188712
0.155971
0.0968272
-0.0705826
-0.125457
-0.154132
-0.163316
-0.161416
-0.15066
-0.132238
-0.107007
-0.0754364
-0.0379135
0.00490148
0.0517661
0.100589
0.148229
0.190402
0.22194
0.237808
0.233313
0.198721
0.129322
-0.140023
-0.200967
-0.230108
-0.236078
-0.229494
-0.213419
-0.189361
-0.158189
-0.120147
-0.0752491
-0.0237261
0.0335724
0.0947954
0.156727
0.214499
0.261678
0.291341
0.296227
0.262262
0.181864
-0.233484
-0.300674
-0.328122
-0.327688
-0.313304
-0.289265
-0.257488
-0.218801
-0.17308
-0.119774
-0.058447
0.0107254
0.0864591
0.165805
0.24358
0.312138
0.362318
0.383303
0.354527
0.263223
-0.357865
-0.430898
-0.452391
-0.440041
-0.412895
-0.376969
-0.334608
-0.286448
-0.231769
-0.169185
-0.0972976
-0.0152531
0.0766764
0.176342
0.278803
0.375603
0.455268
0.502401
0.487009
0.387068
-0.524943
-0.601065
-0.607957
-0.574202
-0.526547
-0.473072
-0.416313
-0.356336
-0.291423
-0.218986
-0.136301
-0.0410687
0.0679805
0.190232
0.32193
0.45479
0.575611
0.663794
0.676475
0.575577
-0.756874
-0.825761
-0.80027
-0.729118
-0.649409
-0.570766
-0.495008
-0.420785
-0.344694
-0.262425
-0.169509
-0.0617718
0.0641613
0.210092
0.374804
0.552031
0.728735
0.879912
0.947193
0.8662
-1.09653
-1.12713
-1.03371
-0.899496
-0.771767
-0.658839
-0.559549
-0.469446
-0.382311
-0.291404
-0.190073
-0.0719039
0.0690993
0.238059
0.438008
0.667625
0.918007
1.16358
1.33221
1.32151
-1.62694
-1.53605
-1.30897
-1.07448
-0.87883
-0.722406
-0.596788
-0.491406
-0.395492
-0.299056
-0.192881
-0.0680909
0.084263
0.273448
0.508721
0.79779
1.14223
1.52423
1.87256
2.04506
-2.54272
-2.08998
-1.60642
-1.2263
-0.944948
-0.740996
-0.592161
-0.477253
-0.378881
-0.283222
-0.178537
-0.0536998
0.103031
0.305506
0.571169
0.921786
1.37832
1.9488
2.62047
3.2591
-4.37498
-2.80346
-1.79946
-1.2418
-0.891284
-0.664059
-0.515629
-0.411224
-0.326715
-0.245643
-0.155283
-0.0438039
0.101563
0.297618
0.569326
0.955462
1.50935
2.31496
3.60785
5.51509
-7.60434
-3.49866
-1.63768
-0.954008
-0.62503
-0.444652
-0.345885
-0.286288
-0.240348
-0.193097
-0.134019
-0.0539661
0.0577348
0.215633
0.444635
0.792188
1.34956
2.34777
4.57974
9.06012
)
;

boundaryField
{
    movingWall
    {
        type            zeroGradient;
    }
    fixedWalls
    {
        type            zeroGradient;
    }
    frontAndBack
    {
        type            empty;
    }
}


// ************************************************************************* //
