/*--------------------------------*- C++ -*----------------------------------*\
  =========                 |
  \\      /  F ield         | OpenFOAM: The Open Source CFD Toolbox
   \\    /   O peration     | Website:  https://openfoam.org
    \\  /    A nd           | Version:  8
     \\/     M anipulation  |
\*---------------------------------------------------------------------------*/
FoamFile
{
    version     2.0;
    format      ascii;
    class       volScalarField;
    location    "0.4";
    object      p;
}
// * * * * * * * * * * * * * * * * * * * * * * * * * * * * * * * * * * * * * //

dimensions      [0 2 -2 0 0 0 0];

internalField   nonuniform List<scalar> 
400
(
-2.41574e-06
-0.00933545
-0.0206701
-0.0292782
-0.0324516
-0.0290026
-0.0188352
-0.00261144
0.0184746
0.0428329
0.0685744
0.093614
0.115809
0.133154
0.144032
0.147528
0.143777
0.134323
0.122413
0.113125
0.009246
-0.000369255
-0.00923286
-0.0151174
-0.0167675
-0.0133619
-0.00477971
0.00851789
0.0256419
0.0453676
0.0662103
0.086517
0.10459
0.118856
0.128067
0.131543
0.129423
0.12281
0.113448
0.103946
0.0212413
0.00794735
-0.00160136
-0.00697046
-0.00828939
-0.00515125
0.0024494
0.0140856
0.0290145
0.0462226
0.0644649
0.0823303
0.0983441
0.111111
0.119486
0.122779
0.120978
0.114767
0.104575
0.0913647
0.0318746
0.0135883
0.00178744
-0.00429505
-0.00594805
-0.00313563
0.003985
0.0149349
0.0290179
0.0453242
0.0627283
0.0799236
0.0954984
0.108058
0.116381
0.119602
0.117479
0.11033
0.0975489
0.0791201
0.0383569
0.0148947
0.000431209
-0.00671375
-0.00882519
-0.00618441
0.000893203
0.0118544
0.0260113
0.0425082
0.0602796
0.0780509
0.0943876
0.107796
0.116867
0.120469
0.118063
0.109629
0.0936774
0.0695546
0.0386068
0.0100127
-0.00717874
-0.0154004
-0.0178298
-0.0150263
-0.00745178
0.00426114
0.0194154
0.0371825
0.056521
0.0761413
0.0945242
0.109999
0.120873
0.125649
0.123415
0.113781
0.0944321
0.0642515
0.030834
-0.00285087
-0.0226736
-0.031761
-0.0341569
-0.030689
-0.0219613
-0.00868519
0.00843109
0.0285809
0.0507359
0.0735707
0.0954438
0.114444
0.128506
0.135646
0.134462
0.124096
0.101316
0.0645818
0.0132415
-0.0255504
-0.0477809
-0.0573066
-0.059101
-0.0542912
-0.0436342
-0.0279166
-0.0078443
0.0158178
0.042075
0.0695792
0.096561
0.120831
0.139862
0.151047
0.152312
0.142138
0.116111
0.0721564
-0.0161893
-0.0601817
-0.0844561
-0.0937362
-0.0940983
-0.0870515
-0.0735375
-0.0544151
-0.0303576
-0.00204041
0.0296324
0.0633457
0.0972399
0.128844
0.155102
0.172621
0.178413
0.169972
0.141213
0.08923
-0.0598816
-0.109249
-0.134971
-0.142931
-0.140642
-0.130148
-0.112632
-0.0890224
-0.0599095
-0.0257989
0.0125961
0.0541012
0.0968645
0.138192
0.17447
0.201363
0.214662
0.210385
0.17998
0.119132
-0.12092
-0.175895
-0.202011
-0.206905
-0.200115
-0.184471
-0.16148
-0.132126
-0.0968385
-0.0558346
-0.00948587
0.0413458
0.0949942
0.148692
0.198333
0.238532
0.263513
0.267155
0.237205
0.166851
-0.203537
-0.26428
-0.288806
-0.287694
-0.273518
-0.250256
-0.219825
-0.183217
-0.140581
-0.0916719
-0.0363127
0.0251896
0.0916307
0.160454
0.22728
0.28571
0.328111
0.345389
0.319767
0.239955
-0.314152
-0.380256
-0.399293
-0.387143
-0.361043
-0.326558
-0.286039
-0.24035
-0.189149
-0.131486
-0.0663687
0.00676462
0.0875549
0.174108
0.262235
0.34485
0.412386
0.451913
0.437613
0.35021
-0.46365
-0.532517
-0.538193
-0.506406
-0.461361
-0.410524
-0.356461
-0.299568
-0.238639
-0.171683
-0.0965572
-0.0114597
0.0845713
0.190937
0.304436
0.418107
0.520929
0.595587
0.60524
0.516718
-0.672331
-0.734422
-0.710635
-0.644789
-0.570402
-0.496376
-0.424677
-0.354454
-0.283014
-0.206837
-0.122243
-0.0257853
0.0853246
0.212564
0.35489
0.507034
0.658094
0.787037
0.843655
0.771847
-0.979093
-1.00608
-0.920791
-0.797821
-0.679769
-0.574439
-0.48115
-0.396272
-0.314585
-0.230397
-0.138077
-0.032187
0.0923649
0.239953
0.413203
0.611079
0.826192
1.03707
1.18156
1.17006
-1.45858
-1.37524
-1.16947
-0.956008
-0.776484
-0.631713
-0.5145
-0.415696
-0.325989
-0.236764
-0.140089
-0.0283234
0.106242
0.271634
0.475928
0.72593
1.02329
1.35332
1.65469
1.80224
-2.28487
-1.87547
-1.43909
-1.0945
-0.837676
-0.650021
-0.511854
-0.404452
-0.31255
-0.224087
-0.12887
-0.0172519
0.120963
0.297852
0.528704
0.832659
1.22825
1.72337
2.30821
2.86425
-3.93108
-2.52018
-1.61698
-1.1124
-0.793082
-0.58439
-0.446491
-0.348431
-0.268919
-0.193543
-0.111219
-0.011745
0.116031
0.286768
0.522394
0.857001
1.33734
2.03797
3.16929
4.8453
-6.81431
-3.14878
-1.48036
-0.861121
-0.560169
-0.393153
-0.299441
-0.241153
-0.195839
-0.150479
-0.0960236
-0.024579
0.0729623
0.209264
0.40623
0.705634
1.18727
2.05507
4.01642
7.97787
)
;

boundaryField
{
    movingWall
    {
        type            zeroGradient;
    }
    fixedWalls
    {
        type            zeroGradient;
    }
    frontAndBack
    {
        type            empty;
    }
}


// ************************************************************************* //
