/*--------------------------------*- C++ -*----------------------------------*\
  =========                 |
  \\      /  F ield         | OpenFOAM: The Open Source CFD Toolbox
   \\    /   O peration     | Website:  https://openfoam.org
    \\  /    A nd           | Version:  8
     \\/     M anipulation  |
\*---------------------------------------------------------------------------*/
FoamFile
{
    version     2.0;
    format      ascii;
    class       volVectorField;
    location    "0.4";
    object      U;
}
// * * * * * * * * * * * * * * * * * * * * * * * * * * * * * * * * * * * * * //

dimensions      [0 1 -1 0 0 0 0];

internalField   nonuniform List<vector> 
400
(
(0.000400282 -0.000395696 0)
(0.000205854 0.000186036 0)
(-0.00191488 0.000905068 0)
(-0.00559337 0.00140868 0)
(-0.0102 0.00166003 0)
(-0.0151127 0.00168622 0)
(-0.0197803 0.00152666 0)
(-0.0237461 0.0012209 0)
(-0.0266519 0.000805202 0)
(-0.0282385 0.000314451 0)
(-0.0283504 -0.000214206 0)
(-0.0269464 -0.000738257 0)
(-0.0241155 -0.00120831 0)
(-0.0200904 -0.00156886 0)
(-0.0152555 -0.00176161 0)
(-0.0101398 -0.0017323 0)
(-0.0053854 -0.00144194 0)
(-0.00168219 -0.000883531 0)
(0.000346787 -0.000131523 0)
(0.000436758 0.000426902 0)
(-0.000137373 -0.000248073 0)
(-0.00262351 0.00266301 0)
(-0.00917415 0.00579294 0)
(-0.0187988 0.0080245 0)
(-0.0302247 0.00913468 0)
(-0.0421756 0.00916417 0)
(-0.0534396 0.00824968 0)
(-0.0629648 0.00656385 0)
(-0.0699092 0.00429043 0)
(-0.0736638 0.00162234 0)
(-0.0738734 -0.00123069 0)
(-0.0704624 -0.00403464 0)
(-0.0636622 -0.00652962 0)
(-0.0540314 -0.00843839 0)
(-0.0424575 -0.00948764 0)
(-0.0301224 -0.00944521 0)
(-0.0184047 -0.00817638 0)
(-0.0087118 -0.00571961 0)
(-0.00231957 -0.00244174 0)
(-4.81677e-05 0.000398061 0)
(-0.000866803 0.00180275 0)
(-0.00600365 0.0092469 0)
(-0.0170305 0.0163669 0)
(-0.0320456 0.0213802 0)
(-0.0492101 0.023793 0)
(-0.0668196 0.0236281 0)
(-0.083241 0.0211555 0)
(-0.0970385 0.0167654 0)
(-0.107057 0.0109055 0)
(-0.112458 0.0040652 0)
(-0.112759 -0.00321906 0)
(-0.107858 -0.0103553 0)
(-0.0980767 -0.0166993 0)
(-0.0841766 -0.0215804 0)
(-0.0673611 -0.0243567 0)
(-0.0492255 -0.0245062 0)
(-0.031623 -0.0217565 0)
(-0.0164496 -0.0162461 0)
(-0.00558509 -0.00876908 0)
(-0.000734033 -0.00143553 0)
(-0.00151335 0.0056704 0)
(-0.00918535 0.0196655 0)
(-0.0245716 0.0318742 0)
(-0.0446952 0.0401808 0)
(-0.067096 0.0439431 0)
(-0.0896968 0.0432287 0)
(-0.110552 0.0384926 0)
(-0.127967 0.0303997 0)
(-0.140582 0.0197288 0)
(-0.147413 0.00734046 0)
(-0.147884 -0.00581993 0)
(-0.141861 -0.0187143 0)
(-0.129698 -0.0302211 0)
(-0.11226 -0.0391795 0)
(-0.0909419 -0.0444831 0)
(-0.067623 -0.0452322 0)
(-0.0445333 -0.0409428 0)
(-0.0240336 -0.0317905 0)
(-0.00870568 -0.0189095 0)
(-0.00134231 -0.00501501 0)
(-0.00207898 0.0111613 0)
(-0.0121317 0.0336703 0)
(-0.0317271 0.0519722 0)
(-0.0567685 0.0639188 0)
(-0.0841284 0.0689208 0)
(-0.111362 0.0672205 0)
(-0.136265 0.0595448 0)
(-0.156957 0.046894 0)
(-0.171949 0.0304239 0)
(-0.180164 0.0114053 0)
(-0.180953 -0.00877178 0)
(-0.174131 -0.0285843 0)
(-0.160024 -0.0463847 0)
(-0.139521 -0.0604574 0)
(-0.114109 -0.0691457 0)
(-0.085877 -0.0710634 0)
(-0.0573993 -0.0653845 0)
(-0.0315426 -0.0521727 0)
(-0.011705 -0.0327319 0)
(-0.00188562 -0.0101852 0)
(-0.00260284 0.0181506 0)
(-0.0149428 0.0511308 0)
(-0.0386396 0.0765565 0)
(-0.0684638 0.0924714 0)
(-0.100592 0.0985565 0)
(-0.132215 0.0953985 0)
(-0.160907 0.0841134 0)
(-0.184663 0.066111 0)
(-0.201925 0.0429636 0)
(-0.211565 0.0163681 0)
(-0.212873 -0.0118362 0)
(-0.205591 -0.0396363 0)
(-0.189962 -0.0648377 0)
(-0.166808 -0.0851183 0)
(-0.137621 -0.0981754 0)
(-0.104623 -0.101989 0)
(-0.0707144 -0.0952012 0)
(-0.0393193 -0.0775486 0)
(-0.0147757 -0.0503068 0)
(-0.00242321 -0.0168976 0)
(-0.00312196 0.0265895 0)
(-0.0177332 0.0719806 0)
(-0.0454859 0.105546 0)
(-0.0799812 0.125715 0)
(-0.116679 0.132672 0)
(-0.15242 0.127552 0)
(-0.18461 0.112002 0)
(-0.211188 0.0879262 0)
(-0.230597 0.0573452 0)
(-0.241707 0.0223758 0)
(-0.24377 -0.0147224 0)
(-0.236433 -0.0514772 0)
(-0.219791 -0.085159 0)
(-0.194504 -0.112806 0)
(-0.161951 -0.131367 0)
(-0.124389 -0.138007 0)
(-0.0849889 -0.130579 0)
(-0.0477669 -0.108202 0)
(-0.0181437 -0.0718757 0)
(-0.00301821 -0.0252356 0)
(-0.00366869 0.036496 0)
(-0.0206091 0.0962259 0)
(-0.0524227 0.138876 0)
(-0.0914512 0.163475 0)
(-0.132412 0.17099 0)
(-0.171838 0.163342 0)
(-0.207049 0.142885 0)
(-0.23603 0.112107 0)
(-0.257321 0.0734986 0)
(-0.269866 0.0295631 0)
(-0.272919 -0.0170861 0)
(-0.266017 -0.0635947 0)
(-0.249046 -0.106754 0)
(-0.222385 -0.142963 0)
(-0.187146 -0.168331 0)
(-0.145453 -0.178998 0)
(-0.10063 -0.171696 0)
(-0.0572694 -0.144531 0)
(-0.022038 -0.097866 0)
(-0.00373403 -0.0354156 0)
(-0.00427588 0.0479481 0)
(-0.0236755 0.12394 0)
(-0.059583 0.176477 0)
(-0.102912 0.205475 0)
(-0.147606 0.21304 0)
(-0.189971 0.202188 0)
(-0.227376 0.176182 0)
(-0.258004 0.138193 0)
(-0.280634 0.0911869 0)
(-0.294395 0.0379878 0)
(-0.298609 -0.0185512 0)
(-0.292717 -0.0753268 0)
(-0.276337 -0.128771 0)
(-0.249432 -0.174702 0)
(-0.212635 -0.208339 0)
(-0.167691 -0.224572 0)
(-0.117842 -0.218609 0)
(-0.0681494 -0.186986 0)
(-0.0266874 -0.128878 0)
(-0.00463934 -0.0477847 0)
(-0.00498985 0.0610901 0)
(-0.0270688 0.155258 0)
(-0.0671064 0.218223 0)
(-0.114315 0.251222 0)
(-0.161838 0.258007 0)
(-0.205901 0.243089 0)
(-0.244133 0.210882 0)
(-0.275138 0.165336 0)
(-0.298127 0.109875 0)
(-0.312576 0.047537 0)
(-0.317975 -0.018753 0)
(-0.313718 -0.0858451 0)
(-0.299115 -0.150013 0)
(-0.273574 -0.20665 0)
(-0.236997 -0.250106 0)
(-0.190387 -0.273837 0)
(-0.136517 -0.271048 0)
(-0.0806384 -0.235946 0)
(-0.0323369 -0.165645 0)
(-0.00582056 -0.0628275 0)
(-0.00589394 0.0761675 0)
(-0.0310136 0.190385 0)
(-0.0751911 0.263859 0)
(-0.125529 0.299867 0)
(-0.174389 0.304548 0)
(-0.218176 0.284426 0)
(-0.25511 0.245347 0)
(-0.284514 0.192126 0)
(-0.306288 0.128582 0)
(-0.320449 0.0578114 0)
(-0.326804 -0.0174135 0)
(-0.324782 -0.0941726 0)
(-0.313393 -0.168885 0)
(-0.291379 -0.236793 0)
(-0.257634 -0.291548 0)
(-0.211961 -0.325087 0)
(-0.156063 -0.328115 0)
(-0.09483 -0.291513 0)
(-0.0392762 -0.208974 0)
(-0.0074041 -0.0811935 0)
(-0.00715037 0.0936137 0)
(-0.0359094 0.229631 0)
(-0.0841437 0.312902 0)
(-0.136296 0.349988 0)
(-0.184097 0.350521 0)
(-0.224611 0.323704 0)
(-0.257121 0.277099 0)
(-0.28206 0.216411 0)
(-0.300312 0.145731 0)
(-0.312646 0.067999 0)
(-0.319355 -0.0144454 0)
(-0.320032 -0.0992511 0)
(-0.313461 -0.183381 0)
(-0.297683 -0.262362 0)
(-0.270355 -0.329521 0)
(-0.229565 -0.37541 0)
(-0.175119 -0.387845 0)
(-0.110577 -0.35318 0)
(-0.0478783 -0.259644 0)
(-0.00959546 -0.103762 0)
(-0.00907478 0.114222 0)
(-0.0424512 0.273445 0)
(-0.0943727 0.36442 0)
(-0.146018 0.399241 0)
(-0.188998 0.392639 0)
(-0.221851 0.357272 0)
(-0.245598 0.302617 0)
(-0.262229 0.235167 0)
(-0.27388 0.159052 0)
(-0.282251 0.0767745 0)
(-0.288263 -0.0100698 0)
(-0.291827 -0.100066 0)
(-0.291663 -0.191183 0)
(-0.285224 -0.279814 0)
(-0.268857 -0.359608 0)
(-0.238498 -0.420244 0)
(-0.191057 -0.446602 0)
(-0.12725 -0.419287 0)
(-0.058632 -0.318211 0)
(-0.0127453 -0.131768 0)
(-0.0122596 0.139453 0)
(-0.0517522 0.322369 0)
(-0.106162 0.416579 0)
(-0.153143 0.443768 0)
(-0.185485 0.425982 0)
(-0.204541 0.380029 0)
(-0.213901 0.317229 0)
(-0.217516 0.244501 0)
(-0.218906 0.165616 0)
(-0.220731 0.0822947 0)
(-0.224581 -0.00490765 0)
(-0.230814 -0.0958318 0)
(-0.238341 -0.189893 0)
(-0.244348 -0.285008 0)
(-0.244132 -0.376078 0)
(-0.231346 -0.452962 0)
(-0.199089 -0.498274 0)
(-0.143175 -0.486124 0)
(-0.0720878 -0.384558 0)
(-0.0174419 -0.167004 0)
(-0.0177193 0.171881 0)
(-0.0652776 0.376657 0)
(-0.118778 0.465657 0)
(-0.153601 0.477282 0)
(-0.166569 0.44346 0)
(-0.163782 0.385309 0)
(-0.152185 0.315298 0)
(-0.137783 0.239977 0)
(-0.125274 0.162155 0)
(-0.118006 0.0824004 0)
(-0.118067 2.33321e-05 0)
(-0.126297 -0.0862286 0)
(-0.142091 -0.177481 0)
(-0.162951 -0.273747 0)
(-0.183868 -0.372269 0)
(-0.196788 -0.464763 0)
(-0.190691 -0.533426 0)
(-0.154299 -0.546529 0)
(-0.0883995 -0.456885 0)
(-0.0245391 -0.212011 0)
(-0.0267848 0.215893 0)
(-0.0837983 0.434982 0)
(-0.127691 0.504051 0)
(-0.137211 0.489708 0)
(-0.118563 0.435443 0)
(-0.0846372 0.365262 0)
(-0.0458177 0.291001 0)
(-0.00949499 0.217503 0)
(0.0192876 0.145849 0)
(0.0372075 0.0751612 0)
(0.0421483 0.0035093 0)
(0.0329433 -0.0716207 0)
(0.00946231 -0.152956 0)
(-0.0268755 -0.242815 0)
(-0.0720764 -0.341698 0)
(-0.118049 -0.445271 0)
(-0.150886 -0.538678 0)
(-0.15116 -0.587853 0)
(-0.105493 -0.529679 0)
(-0.0346771 -0.270338 0)
(-0.03964 0.279196 0)
(-0.103046 0.490804 0)
(-0.117143 0.515932 0)
(-0.0802176 0.465022 0)
(-0.015521 0.389737 0)
(0.0572408 0.312057 0)
(0.126214 0.239963 0)
(0.184643 0.174909 0)
(0.228774 0.115623 0)
(0.25647 0.0597858 0)
(0.266327 0.00459242 0)
(0.257217 -0.0531604 0)
(0.228206 -0.117144 0)
(0.178936 -0.191462 0)
(0.110718 -0.280017 0)
(0.0287997 -0.38416 0)
(-0.0539251 -0.496578 0)
(-0.11271 -0.58896 0)
(-0.113864 -0.589675 0)
(-0.0459196 -0.347288 0)
(-0.0478537 0.370114 0)
(-0.0996057 0.521712 0)
(-0.0427421 0.470738 0)
(0.0681705 0.380794 0)
(0.188333 0.294525 0)
(0.298596 0.221731 0)
(0.391498 0.162723 0)
(0.46446 0.114621 0)
(0.517096 0.074023 0)
(0.54965 0.0378161 0)
(0.562128 0.00314346 0)
(0.553889 -0.0329137 0)
(0.52344 -0.0737726 0)
(0.46846 -0.123868 0)
(0.386387 -0.189069 0)
(0.276317 -0.276155 0)
(0.142947 -0.389106 0)
(0.00517445 -0.517898 0)
(-0.0837339 -0.605181 0)
(-0.0447675 -0.442681 0)
(0.00832139 0.442682 0)
(0.0222719 0.463416 0)
(0.206924 0.333667 0)
(0.403702 0.230067 0)
(0.5628 0.158481 0)
(0.685854 0.10916 0)
(0.778927 0.0747991 0)
(0.84675 0.0499876 0)
(0.893178 0.0309305 0)
(0.920916 0.0150481 0)
(0.931352 0.000440217 0)
(0.924518 -0.0145904 0)
(0.898942 -0.0320411 0)
(0.851285 -0.0548192 0)
(0.775937 -0.0877363 0)
(0.664874 -0.13887 0)
(0.507182 -0.220624 0)
(0.294368 -0.347287 0)
(0.0768721 -0.505695 0)
(0.0348126 -0.488865 0)
(0.475191 0.232066 0)
(0.625021 0.203367 0)
(0.878886 0.122859 0)
(1.06616 0.071821 0)
(1.17904 0.042775 0)
(1.25052 0.0259121 0)
(1.2981 0.015883 0)
(1.3297 0.00963989 0)
(1.34976 0.0054273 0)
(1.36085 0.00224907 0)
(1.36423 -0.000501242 0)
(1.36017 -0.00328006 0)
(1.34795 -0.00661585 0)
(1.32552 -0.0113442 0)
(1.28869 -0.0190937 0)
(1.22927 -0.0332285 0)
(1.12866 -0.0606141 0)
(0.946275 -0.114111 0)
(0.674807 -0.204189 0)
(0.498739 -0.240608 0)
)
;

boundaryField
{
    movingWall
    {
        type            fixedValue;
        value           uniform (1.6 0 0);
    }
    fixedWalls
    {
        type            noSlip;
    }
    frontAndBack
    {
        type            empty;
    }
}


// ************************************************************************* //
