/*--------------------------------*- C++ -*----------------------------------*\
  =========                 |
  \\      /  F ield         | OpenFOAM: The Open Source CFD Toolbox
   \\    /   O peration     | Website:  https://openfoam.org
    \\  /    A nd           | Version:  8
     \\/     M anipulation  |
\*---------------------------------------------------------------------------*/
FoamFile
{
    version     2.0;
    format      ascii;
    class       volScalarField;
    location    "0.2";
    object      p;
}
// * * * * * * * * * * * * * * * * * * * * * * * * * * * * * * * * * * * * * //

dimensions      [0 2 -2 0 0 0 0];

internalField   nonuniform List<scalar> 
400
(
1.64003e-05
-0.0174727
-0.0384019
-0.0541558
-0.0600091
-0.0539375
-0.0357376
-0.00642507
0.0320927
0.0771431
0.125354
0.172775
0.215145
0.248328
0.268941
0.275088
0.267129
0.248354
0.225385
0.208057
0.0174111
-0.000671664
-0.0170215
-0.0277357
-0.0307804
-0.0247766
-0.00946954
0.0144688
0.0456513
0.0820438
0.121011
0.159427
0.193909
0.221194
0.238643
0.244817
0.240051
0.22673
0.208617
0.190953
0.0395875
0.0146128
-0.0029311
-0.0126097
-0.0150359
-0.00960598
0.00373828
0.024417
0.0513472
0.0829193
0.11697
0.150838
0.181553
0.20616
0.222168
0.228068
0.22388
0.211194
0.19138
0.166731
0.0585775
0.0243633
0.00279747
-0.00810257
-0.0112095
-0.00662015
0.00546552
0.0244494
0.0494276
0.0790689
0.111493
0.14425
0.174454
0.199066
0.215326
0.221288
0.216458
0.201757
0.176734
0.142064
0.0688022
0.0251786
-0.00109131
-0.013898
-0.0180625
-0.0142618
-0.00290862
0.015386
0.0398743
0.0694553
0.102453
0.136514
0.168662
0.195551
0.213887
0.22102
0.21576
0.198361
0.166846
0.120952
0.0659762
0.013279
-0.0177367
-0.0325722
-0.0377668
-0.0344695
-0.0232382
-0.00465359
0.0207131
0.051992
0.0876899
0.12549
0.162222
0.194057
0.216914
0.227147
0.22261
0.202758
0.164135
0.105918
0.0464363
-0.0149163
-0.0504323
-0.0670829
-0.0730044
-0.0697529
-0.057969
-0.0381421
-0.010609
0.024045
0.0645522
0.108648
0.152928
0.192945
0.223585
0.239849
0.238236
0.217075
0.171136
0.0991264
0.00670413
-0.0629133
-0.102486
-0.120451
-0.126548
-0.122736
-0.109699
-0.087763
-0.0569349
-0.0174014
0.0299193
0.0829244
0.138029
0.190109
0.232786
0.259272
0.264148
0.243989
0.191062
0.103361
-0.0567803
-0.134365
-0.177366
-0.195817
-0.201234
-0.196059
-0.181012
-0.156186
-0.121127
-0.0754478
-0.0195025
0.0449916
0.114452
0.183141
0.243247
0.285719
0.302444
0.287244
0.228548
0.122953
-0.147843
-0.233252
-0.278743
-0.296313
-0.299671
-0.29195
-0.273952
-0.245468
-0.205428
-0.152631
-0.0865646
-0.00820667
0.0792159
0.169604
0.253706
0.319774
0.356055
0.352152
0.290477
0.164827
-0.270868
-0.364166
-0.410557
-0.424832
-0.423767
-0.411563
-0.38921
-0.356132
-0.310455
-0.249877
-0.172628
-0.0784691
0.0302805
0.147682
0.263346
0.362607
0.429092
0.446227
0.387077
0.239949
-0.431486
-0.532876
-0.577144
-0.583719
-0.574075
-0.554088
-0.525069
-0.485979
-0.433906
-0.365103
-0.276105
-0.164865
-0.0320618
0.117381
0.272705
0.416621
0.527423
0.580051
0.533453
0.365564
-0.638238
-0.747446
-0.783471
-0.77429
-0.748906
-0.715648
-0.676184
-0.628792
-0.569172
-0.491737
-0.390845
-0.262025
-0.103447
0.0821566
0.285049
0.48648
0.659514
0.768413
0.751827
0.568987
-0.906443
-1.02029
-1.03533
-0.995999
-0.943108
-0.888019
-0.832393
-0.773253
-0.704339
-0.617708
-0.505058
-0.358905
-0.174036
0.05039
0.307696
0.58011
0.837211
1.03158
1.07488
0.894584
-1.26686
-1.37163
-1.33885
-1.2446
-1.14618
-1.05717
-0.977786
-0.902533
-0.822189
-0.725745
-0.601738
-0.439189
-0.228763
0.0353389
0.35202
0.708441
1.07523
1.39557
1.54984
1.41589
-1.78279
-1.83402
-1.69857
-1.50914
-1.33997
-1.2021
-1.09075
-0.995383
-0.902161
-0.796008
-0.661795
-0.484694
-0.25073
0.0520243
0.430754
0.882948
1.38851
1.88953
2.24006
2.25094
-2.58373
-2.456
-2.11425
-1.77075
-1.49916
-1.29685
-1.14743
-1.0308
-0.925884
-0.812392
-0.671018
-0.482913
-0.229159
0.109309
0.550785
1.1097
1.7868
2.53938
3.22365
3.58602
-3.98299
-3.29854
-2.55595
-1.98635
-1.58326
-1.3084
-1.12378
-0.992822
-0.883981
-0.770839
-0.630037
-0.439082
-0.174396
0.190885
0.689198
1.35991
2.23993
3.33491
4.60441
5.81181
-6.85391
-4.38196
-2.81592
-1.97196
-1.46351
-1.15302
-0.969508
-0.85541
-0.768274
-0.677348
-0.557575
-0.385203
-0.134716
0.226078
0.742757
1.48481
2.54921
4.07812
6.45003
9.85849
-12.1052
-5.43291
-2.47524
-1.44886
-0.983796
-0.74982
-0.647221
-0.607109
-0.584077
-0.549318
-0.481065
-0.359234
-0.161233
0.141995
0.596295
1.28628
2.3796
4.2784
8.27207
15.9887
)
;

boundaryField
{
    movingWall
    {
        type            zeroGradient;
    }
    fixedWalls
    {
        type            zeroGradient;
    }
    frontAndBack
    {
        type            empty;
    }
}


// ************************************************************************* //
