/*--------------------------------*- C++ -*----------------------------------*\
  =========                 |
  \\      /  F ield         | OpenFOAM: The Open Source CFD Toolbox
   \\    /   O peration     | Website:  https://openfoam.org
    \\  /    A nd           | Version:  8
     \\/     M anipulation  |
\*---------------------------------------------------------------------------*/
FoamFile
{
    version     2.0;
    format      ascii;
    class       surfaceScalarField;
    location    "0.2";
    object      phi;
}
// * * * * * * * * * * * * * * * * * * * * * * * * * * * * * * * * * * * * * //

dimensions      [0 3 -1 0 0 0 0];

internalField   nonuniform List<scalar> 
760
(
3.96444e-08
-3.97894e-08
-7.41295e-08
1.13779e-07
-3.50439e-07
2.76307e-07
-7.38154e-07
3.87717e-07
-1.18026e-06
4.42112e-07
-1.62501e-06
4.44751e-07
-2.02825e-06
4.0324e-07
-2.35345e-06
3.25201e-07
-2.5713e-06
2.17853e-07
-2.66013e-06
8.88268e-08
-2.60743e-06
-5.26951e-08
-2.41231e-06
-1.95122e-07
-2.08803e-06
-3.24285e-07
-1.66387e-06
-4.24158e-07
-1.18528e-06
-4.78591e-07
-7.11246e-07
-4.74035e-07
-3.08104e-07
-4.03143e-07
-3.93046e-08
-2.688e-07
5.27954e-08
-9.21007e-08
5.27949e-08
-1.10014e-07
7.02324e-08
-5.57015e-07
5.6078e-07
-1.31779e-06
1.03708e-06
-2.29826e-06
1.36819e-06
-3.38445e-06
1.52831e-06
-4.46404e-06
1.52434e-06
-5.4358e-06
1.375e-06
-6.21361e-06
1.10301e-06
-6.72849e-06
7.3273e-07
-6.93104e-06
2.91379e-07
-6.79515e-06
-1.88585e-07
-6.32254e-06
-6.67731e-07
-5.54716e-06
-1.09967e-06
-4.53761e-06
-1.43371e-06
-3.39572e-06
-1.62048e-06
-2.24925e-06
-1.62051e-06
-1.23704e-06
-1.41535e-06
-4.8602e-07
-1.01981e-06
-7.87893e-08
-4.99324e-07
-2.59951e-08
-2.88111e-07
3.58346e-07
-1.09386e-06
1.36652e-06
-2.31531e-06
2.25853e-06
-3.81176e-06
2.86463e-06
-5.4279e-06
3.14445e-06
-7.01189e-06
3.10833e-06
-8.42577e-06
2.78888e-06
-9.55115e-06
2.2284e-06
-1.02931e-05
1.47471e-06
-1.05842e-05
5.82435e-07
-1.03892e-05
-3.83579e-07
-9.71113e-06
-1.34579e-06
-8.59636e-06
-2.21443e-06
-7.13746e-06
-2.89261e-06
-5.47123e-06
-3.28671e-06
-3.76942e-06
-3.32232e-06
-2.22026e-06
-2.96451e-06
-1.00093e-06
-2.23914e-06
-2.43214e-07
-1.25703e-06
-2.6921e-07
-4.50504e-07
8.08845e-07
-1.60268e-06
2.5187e-06
-3.26418e-06
3.92004e-06
-5.23737e-06
4.83782e-06
-7.32692e-06
5.23401e-06
-9.34993e-06
5.13134e-06
-1.11429e-05
4.58186e-06
-1.25663e-05
3.65175e-06
-1.35079e-05
2.4163e-06
-1.38872e-05
9.61795e-07
-1.3661e-05
-6.09841e-07
-1.28293e-05
-2.17746e-06
-1.14425e-05
-3.60123e-06
-9.60535e-06
-4.72974e-06
-7.47688e-06
-5.41517e-06
-5.26223e-06
-5.53697e-06
-3.1945e-06
-5.03224e-06
-1.50642e-06
-3.92722e-06
-3.9632e-07
-2.36713e-06
-6.6553e-07
-5.96671e-07
1.40552e-06
-2.07514e-06
3.99717e-06
-4.15474e-06
5.99964e-06
-6.57698e-06
7.26006e-06
-9.1061e-06
7.76313e-06
-1.15321e-05
7.55737e-06
-1.36726e-05
6.72238e-06
-1.53738e-05
5.35291e-06
-1.65117e-05
3.55424e-06
-1.69955e-05
1.44559e-06
-1.67722e-05
-8.33146e-07
-1.5834e-05
-3.11568e-06
-1.42265e-05
-5.20873e-06
-1.20565e-05
-6.89973e-06
-9.49604e-06
-7.97565e-06
-6.77869e-06
-8.25432e-06
-4.18464e-06
-7.6263e-06
-2.01261e-06
-6.09925e-06
-5.42662e-07
-3.83709e-06
-1.20819e-06
-7.31404e-07
2.13692e-06
-2.51755e-06
5.78331e-06
-4.99398e-06
8.47608e-06
-7.84118e-06
1.01073e-05
-1.07837e-05
1.07057e-05
-1.35878e-05
1.03614e-05
-1.60572e-05
9.19176e-06
-1.80293e-05
7.32498e-06
-1.93726e-05
4.8976e-06
-1.99874e-05
2.06039e-06
-1.98092e-05
-1.01141e-06
-1.88161e-05
-4.10873e-06
-1.70401e-05
-6.98471e-06
-1.45792e-05
-9.36064e-06
-1.16087e-05
-1.09461e-05
-8.38596e-06
-1.14771e-05
-5.24127e-06
-1.0771e-05
-2.55152e-06
-8.789e-06
-6.95683e-07
-5.69292e-06
-1.90388e-06
-8.59103e-07
2.99603e-06
-2.93771e-06
7.86192e-06
-5.7899e-06
1.13283e-05
-9.03589e-06
1.33532e-05
-1.23627e-05
1.40324e-05
-1.55168e-05
1.35156e-05
-1.82942e-05
1.19691e-05
-2.05295e-05
9.56022e-06
-2.20885e-05
6.4566e-06
-2.28648e-05
2.8367e-06
-2.27809e-05
-1.09525e-06
-2.17956e-05
-5.09404e-06
-1.99169e-05
-8.86339e-06
-1.72211e-05
-1.20564e-05
-1.38737e-05
-1.42936e-05
-1.01463e-05
-1.52045e-05
-6.41954e-06
-1.44977e-05
-3.16072e-06
-1.20478e-05
-8.7039e-07
-7.98326e-06
-2.77427e-06
-9.83227e-07
3.97925e-06
-3.34199e-06
1.02207e-05
-6.54671e-06
1.4533e-05
-1.01571e-05
1.69636e-05
-1.38257e-05
1.77011e-05
-1.72859e-05
1.69759e-05
-2.03336e-05
1.50168e-05
-2.2809e-05
1.20356e-05
-2.45827e-05
8.23022e-06
-2.55461e-05
3.80012e-06
-2.56097e-05
-1.03164e-06
-2.47082e-05
-5.9955e-06
-2.28158e-05
-1.07558e-05
-1.99709e-05
-1.49013e-05
-1.63097e-05
-1.79547e-05
-1.21009e-05
-1.94133e-05
-7.76763e-06
-1.8831e-05
-3.8774e-06
-1.59381e-05
-1.08207e-06
-1.07786e-05
-3.85633e-06
-1.1071e-06
5.08635e-06
-3.73626e-06
1.28498e-05
-7.26521e-06
1.80619e-05
-1.11904e-05
2.08888e-05
-1.51344e-05
2.16451e-05
-1.88267e-05
2.06681e-05
-2.20746e-05
1.82648e-05
-2.47362e-05
1.46973e-05
-2.66975e-05
1.01915e-05
-2.78566e-05
4.95928e-06
-2.81166e-05
-7.71713e-07
-2.73869e-05
-6.72517e-06
-2.55986e-05
-1.25441e-05
-2.2734e-05
-1.77659e-05
-1.88735e-05
-2.18153e-05
-1.4253e-05
-2.40338e-05
-9.3169e-06
-2.37671e-05
-4.73502e-06
-2.05199e-05
-1.34637e-06
-1.41672e-05
-5.2027e-06
-1.23613e-06
6.32248e-06
-4.13008e-06
1.57438e-05
-7.94706e-06
2.18789e-05
-1.21141e-05
2.50558e-05
-1.62303e-05
2.57613e-05
-2.00348e-05
2.44726e-05
-2.33633e-05
2.15933e-05
-2.61083e-05
1.74423e-05
-2.81871e-05
1.22702e-05
-2.95179e-05
6.29009e-06
-3.00062e-05
-2.83443e-07
-2.95405e-05
-7.19079e-06
-2.80037e-05
-1.40809e-05
-2.53037e-05
-2.04659e-05
-2.14316e-05
-2.56874e-05
-1.65461e-05
-2.89193e-05
-1.10704e-05
-2.92429e-05
-5.76091e-06
-2.58294e-05
-1.68042e-06
-1.82477e-05
-6.88312e-06
-1.38174e-06
7.70422e-06
-4.54385e-06
1.89059e-05
-8.60163e-06
2.59367e-05
-1.29029e-05
2.9357e-05
-1.7035e-05
2.98934e-05
-2.0768e-05
2.82056e-05
-2.3989e-05
2.48143e-05
-2.66473e-05
2.01006e-05
-2.87116e-05
1.43345e-05
-3.01389e-05
7.71742e-06
-3.08534e-05
4.31002e-07
-3.07342e-05
-7.30992e-06
-2.96185e-05
-1.51967e-05
-2.73266e-05
-2.27577e-05
-2.37248e-05
-2.92893e-05
-1.88343e-05
-3.38098e-05
-1.29854e-05
-3.50917e-05
-6.9723e-06
-3.18425e-05
-2.1048e-06
-2.31152e-05
-8.98792e-06
-1.56777e-06
9.27199e-06
-5.01851e-06
2.23566e-05
-9.25229e-06
3.01705e-05
-1.35283e-05
3.3633e-05
-1.74452e-05
3.38104e-05
-2.08374e-05
3.15978e-05
-2.36756e-05
2.76525e-05
-2.59928e-05
2.24179e-05
-2.78329e-05
1.61746e-05
-2.92134e-05
9.09792e-06
-3.00984e-05
1.31595e-06
-3.03778e-05
-7.03047e-06
-2.98574e-05
-1.5717e-05
-2.82695e-05
-2.43457e-05
-2.53257e-05
-3.2233e-05
-2.0841e-05
-3.82946e-05
-1.49461e-05
-4.09866e-05
-8.3682e-06
-3.84204e-05
-2.64655e-06
-2.88369e-05
-1.16345e-05
-1.84085e-06
1.11128e-05
-5.62612e-06
2.61419e-05
-9.93546e-06
3.44798e-05
-1.39427e-05
3.76403e-05
-1.73072e-05
3.71748e-05
-1.998e-05
3.42706e-05
-2.20574e-05
2.97298e-05
-2.36866e-05
2.40471e-05
-2.50088e-05
1.74968e-05
-2.61221e-05
1.02112e-05
-2.70531e-05
2.24693e-06
-2.77295e-05
-6.35408e-06
-2.79544e-05
-1.54921e-05
-2.73925e-05
-2.49077e-05
-2.55938e-05
-3.40316e-05
-2.21035e-05
-4.17848e-05
-1.67171e-05
-4.6373e-05
-9.91121e-06
-4.52263e-05
-3.34321e-06
-3.54049e-05
-1.49777e-05
-2.28658e-06
1.33994e-05
-6.47435e-06
3.03297e-05
-1.06738e-05
3.86793e-05
-1.40254e-05
4.09918e-05
-1.63478e-05
3.94973e-05
-1.77898e-05
3.57125e-05
-1.86229e-05
3.0563e-05
-1.91347e-05
2.45589e-05
-1.95766e-05
1.79386e-05
-2.0137e-05
1.07716e-05
-2.09204e-05
3.03036e-06
-2.19198e-05
-5.35465e-06
-2.29778e-05
-1.44342e-05
-2.37406e-05
-2.41448e-05
-2.3631e-05
-3.41412e-05
-2.19e-05
-4.35159e-05
-1.78678e-05
-5.04052e-05
-1.14858e-05
-5.16082e-05
-4.24432e-06
-4.26464e-05
-1.9222e-05
-3.04825e-06
1.64477e-05
-7.67811e-06
3.49595e-05
-1.13761e-05
4.23773e-05
-1.34334e-05
4.30491e-05
-1.40135e-05
4.00774e-05
-1.35712e-05
3.52702e-05
-1.25986e-05
2.95903e-05
-1.15295e-05
2.34899e-05
-1.07144e-05
1.71235e-05
-1.04188e-05
1.0476e-05
-1.08217e-05
3.43328e-06
-1.19983e-05
-4.17812e-06
-1.38765e-05
-1.2556e-05
-1.61633e-05
-2.1858e-05
-1.82502e-05
-3.20544e-05
-1.91533e-05
-4.26127e-05
-1.76392e-05
-5.19193e-05
-1.2797e-05
-5.64504e-05
-5.39234e-06
-5.00511e-05
-2.46143e-05
-4.31608e-06
2.07637e-05
-9.2057e-06
3.98491e-05
-1.15447e-05
4.47163e-05
-1.12559e-05
4.27604e-05
-9.14376e-06
3.79653e-05
-6.07191e-06
3.21984e-05
-2.75293e-06
2.62714e-05
2.76842e-07
2.04601e-05
2.62383e-06
1.47765e-05
3.99485e-06
9.10495e-06
4.1703e-06
3.25784e-06
3.00076e-06
-3.00858e-06
4.38981e-07
-9.9942e-06
-3.3763e-06
-1.80427e-05
-7.96746e-06
-2.74632e-05
-1.23121e-05
-3.82681e-05
-1.47152e-05
-4.95163e-05
-1.31275e-05
-5.80381e-05
-6.72017e-06
-5.64584e-05
-3.13345e-05
-6.16844e-06
2.69322e-05
-1.03263e-05
4.4007e-05
-9.52198e-06
4.3912e-05
-5.29363e-06
3.8532e-05
6.00803e-07
3.20708e-05
6.91762e-06
2.58816e-05
1.28545e-05
2.03345e-05
1.79108e-05
1.54038e-05
2.17654e-05
1.09219e-05
2.41881e-05
6.68218e-06
2.49852e-05
2.46076e-06
2.39732e-05
-1.99657e-06
2.09858e-05
-7.00678e-06
1.59337e-05
-1.29906e-05
8.96583e-06
-2.04953e-05
7.90823e-07
-3.00931e-05
-6.84845e-06
-4.1877e-05
-1.08359e-05
-5.40506e-05
-7.74186e-06
-5.95525e-05
-3.90764e-05
-7.90914e-06
3.48413e-05
-7.94602e-06
4.40439e-05
-7.63181e-07
3.67291e-05
9.23293e-06
2.85359e-05
1.95293e-05
2.17744e-05
2.8963e-05
1.64479e-05
3.70154e-05
1.22821e-05
4.34718e-05
8.9474e-06
4.82426e-05
6.15114e-06
5.12645e-05
3.66025e-06
5.24455e-05
1.27977e-06
5.16317e-05
-1.18278e-06
4.85852e-05
-3.9603e-06
4.29878e-05
-7.39317e-06
3.45185e-05
-1.2026e-05
2.31344e-05
-1.8709e-05
9.77452e-06
-2.85171e-05
-2.35558e-06
-4.19205e-05
-6.83582e-06
-5.50723e-05
-4.59122e-05
-4.05206e-06
3.88934e-05
8.49553e-06
3.14963e-05
2.55878e-05
1.96369e-05
4.12735e-05
1.28502e-05
5.43272e-05
8.72067e-06
6.47731e-05
6.00205e-06
7.2897e-05
4.15821e-06
7.89952e-05
2.84916e-06
8.3296e-05
1.85039e-06
8.59361e-05
1.02015e-06
8.69524e-05
2.63472e-07
8.62719e-05
-5.02267e-07
8.36755e-05
-1.36391e-06
7.87472e-05
-2.46489e-06
7.07934e-05
-4.07226e-06
5.88248e-05
-6.74038e-06
4.19228e-05
-1.16151e-05
2.07662e-05
-2.07638e-05
1.77374e-06
-3.60798e-05
-4.41385e-05
3.88934e-05
7.03897e-05
9.00266e-05
0.000102877
0.000111597
0.0001176
0.000121758
0.000124607
0.000126457
0.000127477
0.000127741
0.000127239
0.000125875
0.00012341
0.000119338
0.000112597
0.000100982
8.02183e-05
4.41385e-05
)
;

boundaryField
{
    movingWall
    {
        type            calculated;
        value           uniform 0;
    }
    fixedWalls
    {
        type            calculated;
        value           uniform 0;
    }
    frontAndBack
    {
        type            empty;
        value           nonuniform List<scalar> 0();
    }
}


// ************************************************************************* //
