/*--------------------------------*- C++ -*----------------------------------*\
  =========                 |
  \\      /  F ield         | OpenFOAM: The Open Source CFD Toolbox
   \\    /   O peration     | Website:  https://openfoam.org
    \\  /    A nd           | Version:  8
     \\/     M anipulation  |
\*---------------------------------------------------------------------------*/
FoamFile
{
    version     2.0;
    format      ascii;
    class       surfaceScalarField;
    location    "0.2";
    object      phi;
}
// * * * * * * * * * * * * * * * * * * * * * * * * * * * * * * * * * * * * * //

dimensions      [0 3 -1 0 0 0 0];

internalField   nonuniform List<scalar> 
760
(
4.80344e-08
-4.80485e-08
-9.37793e-08
1.41815e-07
-4.34499e-07
3.40716e-07
-9.10476e-07
4.75976e-07
-1.45236e-06
5.41885e-07
-1.99803e-06
5.4567e-07
-2.49459e-06
4.96559e-07
-2.8977e-06
4.03112e-07
-3.17079e-06
2.73091e-07
-3.28569e-06
1.14892e-07
-3.22499e-06
-6.06988e-08
-2.98577e-06
-2.39213e-07
-2.5835e-06
-4.02273e-07
-2.05479e-06
-5.28711e-07
-1.45762e-06
-5.97177e-07
-8.67488e-07
-5.90126e-07
-3.68681e-07
-4.98804e-07
-4.01766e-08
-3.28503e-07
6.80479e-08
-1.08224e-07
6.80475e-08
-1.38302e-07
9.02508e-08
-6.9286e-07
6.96371e-07
-1.63145e-06
1.27931e-06
-2.83731e-06
1.68184e-06
-4.17166e-06
1.87624e-06
-5.49898e-06
1.87299e-06
-6.69711e-06
1.69469e-06
-7.66095e-06
1.36695e-06
-8.30451e-06
9.16656e-07
-8.56417e-06
3.74554e-07
-8.40412e-06
-2.20752e-07
-7.82326e-06
-8.20071e-07
-6.86192e-06
-1.36362e-06
-5.60565e-06
-1.78498e-06
-4.18354e-06
-2.01928e-06
-2.75815e-06
-2.01551e-06
-1.50525e-06
-1.7517e-06
-5.83025e-07
-1.25073e-06
-9.0299e-08
-6.00949e-07
-2.22503e-08
-3.59878e-07
4.50129e-07
-1.35872e-06
1.69521e-06
-2.86597e-06
2.78656e-06
-4.70756e-06
3.52343e-06
-6.69464e-06
3.86332e-06
-8.64389e-06
3.82224e-06
-1.03885e-05
3.43928e-06
-1.17837e-05
2.76221e-06
-1.27113e-05
1.84421e-06
-1.30844e-05
7.47625e-07
-1.2855e-05
-4.50148e-07
-1.20225e-05
-1.65252e-06
-1.06418e-05
-2.74427e-06
-8.82793e-06
-3.5989e-06
-6.75356e-06
-4.09365e-06
-4.63696e-06
-4.13211e-06
-2.71671e-06
-3.67195e-06
-1.21466e-06
-2.75278e-06
-2.90699e-07
-1.52491e-06
-3.12947e-07
-5.62001e-07
1.01213e-06
-1.9891e-06
3.1223e-06
-4.03812e-06
4.83558e-06
-6.46554e-06
5.95086e-06
-9.03457e-06
6.43235e-06
-1.15249e-05
6.31258e-06
-1.37391e-05
5.65347e-06
-1.55065e-05
4.52959e-06
-1.66871e-05
3.02481e-06
-1.71772e-05
1.2377e-06
-1.69171e-05
-7.10173e-07
-1.59013e-05
-2.66831e-06
-1.41879e-05
-4.45773e-06
-1.19057e-05
-5.88112e-06
-9.25481e-06
-6.74449e-06
-6.49622e-06
-6.89071e-06
-3.92653e-06
-6.24163e-06
-1.8393e-06
-4.84001e-06
-4.78433e-07
-2.88577e-06
-7.91378e-07
-7.43206e-07
1.75534e-06
-2.57116e-06
4.95026e-06
-5.13142e-06
7.39584e-06
-8.10719e-06
8.92663e-06
-1.12141e-05
9.53924e-06
-1.42004e-05
9.29887e-06
-1.68465e-05
8.29957e-06
-1.89645e-05
6.64761e-06
-2.03994e-05
4.45976e-06
-2.10333e-05
1.87155e-06
-2.07925e-05
-9.50932e-07
-1.96588e-05
-3.802e-06
-1.76816e-05
-6.43491e-06
-1.499e-05
-8.5728e-06
-1.17991e-05
-9.93537e-06
-8.40643e-06
-1.02834e-05
-5.17063e-06
-9.47743e-06
-2.47202e-06
-7.53862e-06
-6.59606e-07
-4.69818e-06
-1.45098e-06
-9.08253e-07
2.66359e-06
-3.10941e-06
7.15141e-06
-6.14908e-06
1.04355e-05
-9.63839e-06
1.24159e-05
-1.32474e-05
1.31483e-05
-1.66977e-05
1.27491e-05
-1.97542e-05
1.13561e-05
-2.22187e-05
9.1121e-06
-2.39261e-05
6.16719e-06
-2.47456e-05
2.69103e-06
-2.45863e-05
-1.11021e-06
-2.34088e-05
-4.97949e-06
-2.12411e-05
-8.60268e-06
-1.81971e-05
-1.16168e-05
-1.4494e-05
-1.36385e-05
-1.04592e-05
-1.43182e-05
-6.51839e-06
-1.34182e-05
-3.15635e-06
-1.09007e-05
-8.5208e-07
-7.00245e-06
-2.30306e-06
-1.06127e-06
3.72487e-06
-3.60994e-06
9.70008e-06
-7.0952e-06
1.39208e-05
-1.1059e-05
1.63797e-05
-1.51296e-05
1.72189e-05
-1.90078e-05
1.66273e-05
-2.24505e-05
1.47988e-05
-2.52564e-05
1.1918e-05
-2.72563e-05
8.16711e-06
-2.83089e-05
3.74362e-06
-2.83038e-05
-1.11536e-06
-2.71722e-05
-6.11103e-06
-2.49069e-05
-1.0868e-05
-2.15887e-05
-1.4935e-05
-1.74179e-05
-1.78092e-05
-1.27392e-05
-1.89969e-05
-8.04528e-06
-1.81122e-05
-3.94353e-06
-1.50024e-05
-1.07606e-06
-9.86991e-06
-3.37913e-06
-1.20518e-06
4.93005e-06
-4.07706e-06
1.2572e-05
-7.96943e-06
1.78131e-05
-1.23572e-05
2.07675e-05
-1.68318e-05
2.16936e-05
-2.10815e-05
2.0877e-05
-2.48647e-05
1.8582e-05
-2.79874e-05
1.50407e-05
-3.02848e-05
1.04645e-05
-3.16108e-05
5.06963e-06
-3.18363e-05
-8.89839e-07
-3.08578e-05
-7.08952e-06
-2.86188e-05
-1.3107e-05
-2.51454e-05
-1.84083e-05
-2.05941e-05
-2.23605e-05
-1.53017e-05
-2.42893e-05
-9.81702e-06
-2.35968e-05
-4.88444e-06
-1.9935e-05
-1.35238e-06
-1.3402e-05
-4.7315e-06
-1.3428e-06
6.27285e-06
-4.51485e-06
1.5744e-05
-8.7683e-06
2.20666e-05
-1.35102e-05
2.55093e-05
-1.83017e-05
2.64851e-05
-2.28291e-05
2.54044e-05
-2.68665e-05
2.26194e-05
-3.0241e-05
1.84152e-05
-3.28056e-05
1.30291e-05
-3.44205e-05
6.68452e-06
-3.49444e-05
-3.65992e-07
-3.42381e-05
-7.79575e-06
-3.21853e-05
-1.51599e-05
-2.87332e-05
-2.18605e-05
-2.39581e-05
-2.71356e-05
-1.81475e-05
-3.01e-05
-1.18751e-05
-2.98692e-05
-6.0248e-06
-2.57853e-05
-1.70252e-06
-1.77243e-05
-6.43402e-06
-1.47972e-06
7.75257e-06
-4.93299e-06
1.91973e-05
-9.49186e-06
2.66255e-05
-1.44904e-05
3.05079e-05
-1.94676e-05
3.14623e-05
-2.41237e-05
3.00605e-05
-2.82669e-05
2.67626e-05
-3.17652e-05
2.19135e-05
-3.45082e-05
1.57722e-05
-3.63799e-05
8.55619e-06
-3.72409e-05
4.94972e-07
-3.69243e-05
-8.11236e-06
-3.52495e-05
-1.68347e-05
-3.20634e-05
-2.50466e-05
-2.73186e-05
-3.18804e-05
-2.11912e-05
-3.62273e-05
-1.42191e-05
-3.68413e-05
-7.40064e-06
-3.26038e-05
-2.1499e-06
-2.2975e-05
-8.58392e-06
-1.62934e-06
9.38191e-06
-5.35646e-06
2.29244e-05
-1.01541e-05
3.14231e-05
-1.52734e-05
3.56272e-05
-2.02441e-05
3.64329e-05
-2.48037e-05
3.46202e-05
-2.88204e-05
3.07792e-05
-3.2228e-05
2.53212e-05
-3.49776e-05
1.85217e-05
-3.70005e-05
1.05791e-05
-3.81824e-05
1.67684e-06
-3.83473e-05
-7.94751e-06
-3.72587e-05
-1.79232e-05
-3.46512e-05
-2.76541e-05
-3.03097e-05
-3.62218e-05
-2.42194e-05
-4.23177e-05
-1.67802e-05
-4.42804e-05
-9.03109e-06
-4.03529e-05
-2.72195e-06
-2.92841e-05
-1.13059e-05
-1.82102e-06
1.12029e-05
-5.83881e-06
2.69422e-05
-1.07937e-05
3.63779e-05
-1.58427e-05
4.06762e-05
-2.05312e-05
4.11214e-05
-2.46701e-05
3.87591e-05
-2.82223e-05
3.43314e-05
-3.12186e-05
2.83174e-05
-3.36992e-05
2.10023e-05
-3.56711e-05
1.25511e-05
-3.70747e-05
3.08044e-06
-3.77557e-05
-7.26655e-06
-3.74476e-05
-1.82312e-05
-3.578e-05
-2.93218e-05
-3.23406e-05
-3.96613e-05
-2.68353e-05
-4.78229e-05
-1.93812e-05
-5.17345e-05
-1.09043e-05
-4.88299e-05
-3.4532e-06
-3.67352e-05
-1.47591e-05
-2.11324e-06
1.33162e-05
-6.47754e-06
3.13065e-05
-1.14779e-05
4.13784e-05
-1.61779e-05
4.53762e-05
-2.01915e-05
4.5135e-05
-2.34602e-05
4.20278e-05
-2.60877e-05
3.6959e-05
-2.82358e-05
3.04655e-05
-3.00609e-05
2.28274e-05
-3.16718e-05
1.4162e-05
-3.30948e-05
4.50343e-06
-3.42365e-05
-6.12484e-06
-3.48456e-05
-1.76222e-05
-3.44844e-05
-2.96829e-05
-3.25475e-05
-4.15982e-05
-2.83918e-05
-5.19786e-05
-2.16737e-05
-5.84526e-05
-1.29486e-05
-5.7555e-05
-4.38844e-06
-4.52954e-05
-1.91475e-05
-2.61436e-06
1.59305e-05
-7.42366e-06
3.61158e-05
-1.22769e-05
4.62316e-05
-1.61961e-05
4.92954e-05
-1.89726e-05
4.79115e-05
-2.07681e-05
4.38234e-05
-2.18837e-05
3.80746e-05
-2.26428e-05
3.12246e-05
-2.33345e-05
2.35191e-05
-2.41836e-05
1.50111e-05
-2.53237e-05
5.6436e-06
-2.67608e-05
-4.68778e-06
-2.83175e-05
-1.60655e-05
-2.95639e-05
-2.84365e-05
-2.9763e-05
-4.13991e-05
-2.79126e-05
-5.3829e-05
-2.30434e-05
-6.33219e-05
-1.49729e-05
-6.56254e-05
-5.58031e-06
-5.4688e-05
-2.47278e-05
-3.50832e-06
1.94388e-05
-8.8553e-06
4.14628e-05
-1.31511e-05
5.05273e-05
-1.55767e-05
5.1721e-05
-1.63098e-05
4.86446e-05
-1.58572e-05
4.33708e-05
-1.47722e-05
3.69896e-05
-1.35516e-05
3.0004e-05
-1.26082e-05
2.25757e-05
-1.22691e-05
1.4672e-05
-1.27724e-05
6.14699e-06
-1.42437e-05
-3.21657e-06
-1.66377e-05
-1.36714e-05
-1.96371e-05
-2.54371e-05
-2.25109e-05
-3.85253e-05
-2.40045e-05
-5.23355e-05
-2.24572e-05
-6.48692e-05
-1.65326e-05
-7.15501e-05
-7.05624e-06
-6.41643e-05
-3.17841e-05
-5.04971e-06
2.44885e-05
-1.08048e-05
4.72179e-05
-1.36025e-05
5.3325e-05
-1.33307e-05
5.14493e-05
-1.08997e-05
4.62136e-05
-7.29013e-06
3.97612e-05
-3.31846e-06
3.30179e-05
3.86678e-07
2.62988e-05
3.3479e-06
1.96144e-05
5.19158e-06
1.28283e-05
5.61817e-06
5.7204e-06
4.39873e-06
-1.99714e-06
1.41431e-06
-1.0687e-05
-3.23815e-06
-2.07847e-05
-9.04133e-06
-3.27221e-05
-1.47612e-05
-4.66156e-05
-1.82187e-05
-6.14117e-05
-1.66336e-05
-7.31352e-05
-8.67553e-06
-7.21223e-05
-4.04596e-05
-7.38857e-06
3.18771e-05
-1.24977e-05
5.2327e-05
-1.17322e-05
5.25595e-05
-6.85824e-06
4.65753e-05
8.83245e-08
3.9267e-05
7.66469e-06
3.21848e-05
1.49228e-05
2.57598e-05
2.12526e-05
1.9969e-05
2.62428e-05
1.46243e-05
2.95815e-05
9.48961e-06
3.0993e-05
4.30884e-06
3.0206e-05
-1.21012e-06
2.6958e-05
-7.439e-06
2.10608e-05
-1.48875e-05
1.25964e-05
-2.42577e-05
2.33649e-06
-3.63556e-05
-7.59115e-06
-5.14841e-05
-1.31636e-05
-6.75627e-05
-9.73731e-06
-7.55486e-05
-5.01969e-05
-9.78357e-06
4.16607e-05
-1.02671e-05
5.28106e-05
-1.98636e-06
4.42787e-05
9.82468e-06
3.47643e-05
2.21852e-05
2.69065e-05
3.37029e-05
2.06671e-05
4.37298e-05
1.57328e-05
5.19666e-05
1.17322e-05
5.82612e-05
8.32974e-06
6.24946e-05
5.25624e-06
6.45163e-05
2.28712e-06
6.41033e-05
-7.97185e-07
6.09292e-05
-4.26484e-06
5.45555e-05
-8.51381e-06
4.45074e-05
-1.42096e-05
3.0602e-05
-2.24503e-05
1.38553e-05
-3.47373e-05
-1.79086e-06
-5.19165e-05
-8.13413e-06
-6.92054e-05
-5.8331e-05
-5.67342e-06
4.73341e-05
9.02289e-06
3.81142e-05
2.94527e-05
2.38489e-05
4.83947e-05
1.58222e-05
6.43743e-05
1.0927e-05
7.73811e-05
7.66031e-06
8.77004e-05
5.41348e-06
9.56361e-05
3.79659e-06
0.00010142
2.54548e-06
0.000105185
1.49166e-06
0.000106949
5.22547e-07
0.000106611
-4.58227e-07
0.000103894
-1.54831e-06
9.82917e-05
-2.91147e-06
8.89409e-05
-4.85887e-06
7.45599e-05
-8.06926e-06
5.38528e-05
-1.40303e-05
2.74375e-05
-2.55012e-05
3.14832e-06
-4.49162e-05
-5.51827e-05
4.73341e-05
8.54483e-05
0.000109297
0.000125119
0.000136046
0.000143707
0.00014912
0.000152917
0.000155462
0.000156954
0.000157477
0.000157018
0.00015547
0.000152559
0.0001477
0.00013963
0.0001256
0.000100099
5.51827e-05
)
;

boundaryField
{
    movingWall
    {
        type            calculated;
        value           uniform 0;
    }
    fixedWalls
    {
        type            calculated;
        value           uniform 0;
    }
    frontAndBack
    {
        type            empty;
        value           nonuniform List<scalar> 0();
    }
}


// ************************************************************************* //
