/*--------------------------------*- C++ -*----------------------------------*\
  =========                 |
  \\      /  F ield         | OpenFOAM: The Open Source CFD Toolbox
   \\    /   O peration     | Website:  https://openfoam.org
    \\  /    A nd           | Version:  8
     \\/     M anipulation  |
\*---------------------------------------------------------------------------*/
FoamFile
{
    version     2.0;
    format      ascii;
    class       volScalarField;
    location    "0.1";
    object      p;
}
// * * * * * * * * * * * * * * * * * * * * * * * * * * * * * * * * * * * * * //

dimensions      [0 2 -2 0 0 0 0];

internalField   nonuniform List<scalar> 
400
(
-2.62218e-07
-0.0116119
-0.0256547
-0.0362736
-0.0401784
-0.0359661
-0.0235273
-0.00364721
0.0222541
0.0522684
0.0841009
0.11518
0.142823
0.164489
0.178114
0.18252
0.177876
0.166135
0.151386
0.139954
0.0112253
-0.000736821
-0.0117132
-0.0189643
-0.0209911
-0.016818
-0.00629918
0.0100215
0.0310881
0.055431
0.0812457
0.106491
0.12904
0.146891
0.158445
0.16282
0.16019
0.151957
0.140353
0.128664
0.0256752
0.0092288
-0.00252844
-0.00910109
-0.010698
-0.00684558
0.00246622
0.0167413
0.0351091
0.0563637
0.0789967
0.101264
0.121308
0.137344
0.147891
0.152048
0.149797
0.142026
0.129362
0.113084
0.0383458
0.0158003
0.00133293
-0.00607105
-0.00806332
-0.00462616
0.00405947
0.0174485
0.0347442
0.0548821
0.0765087
0.0980079
0.117592
0.13346
0.144012
0.148117
0.145456
0.136471
0.120532
0.0977554
0.0457847
0.0169012
-0.00079336
-0.00947633
-0.0120464
-0.00887568
-0.000325571
0.0129899
0.0303091
0.0506555
0.0727625
0.0950553
0.115707
0.13277
0.144381
0.14904
0.146041
0.135401
0.115424
0.0854827
0.045346
0.0101845
-0.0108269
-0.0208356
-0.0238585
-0.0206043
-0.011593
0.00249495
0.0209208
0.042772
0.0668317
0.0915134
0.114873
0.134714
0.148776
0.15505
0.152325
0.140145
0.115796
0.0781338
0.0347459
-0.00662249
-0.0308416
-0.0419594
-0.0450725
-0.0412063
-0.0310236
-0.015259
0.00538096
0.030052
0.0575846
0.0863618
0.11428
0.138808
0.15716
0.166648
0.165379
0.152274
0.123465
0.0773342
0.011706
-0.0358507
-0.0630168
-0.0747819
-0.0773864
-0.072199
-0.0600254
-0.0416358
-0.0176746
0.0111211
0.0436679
0.0783479
0.112897
0.144403
0.16943
0.184407
0.186492
0.173699
0.140632
0.0850506
-0.0262861
-0.0800922
-0.109783
-0.121447
-0.122658
-0.115214
-0.100088
-0.0780668
-0.0496787
-0.0154789
0.0236238
0.066097
0.10958
0.15078
0.185515
0.209094
0.217373
0.206982
0.170319
0.104124
-0.0821741
-0.142382
-0.17391
-0.184278
-0.182774
-0.171795
-0.152533
-0.125769
-0.091843
-0.0510113
-0.00386414
0.0483094
0.103198
0.157219
0.205409
0.241735
0.260294
0.255638
0.216843
0.13885
-0.159613
-0.226455
-0.2586
-0.265691
-0.259412
-0.243045
-0.218086
-0.185284
-0.144682
-0.096076
-0.0395344
0.0241362
0.0929296
0.163196
0.229294
0.283697
0.318255
0.324486
0.286433
0.195773
-0.263524
-0.337184
-0.367629
-0.368029
-0.353663
-0.329122
-0.296298
-0.255847
-0.207357
-0.149954
-0.0829124
-0.00623669
0.0787567
0.168757
0.257773
0.336854
0.395197
0.420115
0.388108
0.28492
-0.401316
-0.481376
-0.505512
-0.493261
-0.465458
-0.428529
-0.384784
-0.334618
-0.276919
-0.20985
-0.13157
-0.0408817
0.0620983
0.175022
0.292215
0.403794
0.496229
0.551435
0.53497
0.421962
-0.585639
-0.669178
-0.677607
-0.642363
-0.59268
-0.537192
-0.478364
-0.415922
-0.347626
-0.270286
-0.180559
-0.0755762
0.0463201
0.18459
0.334976
0.487836
0.627635
0.73018
0.746151
0.632329
-0.840423
-0.916347
-0.889654
-0.813894
-0.729662
-0.647217
-0.568189
-0.49072
-0.410706
-0.323039
-0.222435
-0.103921
0.036572
0.201286
0.388928
0.592252
0.795952
0.970694
1.04934
0.958825
-1.21233
-1.24696
-1.14616
-1.00167
-0.865296
-0.745766
-0.641397
-0.546919
-0.455156
-0.358292
-0.248652
-0.118772
0.0383596
0.22875
0.455969
0.718498
1.00586
1.28801
1.48213
1.47249
-1.79249
-1.6949
-1.44763
-1.19339
-0.982878
-0.815956
-0.68295
-0.571897
-0.470611
-0.367737
-0.252756
-0.115492
0.0543511
0.267416
0.534293
0.863729
1.25727
1.69368
2.09115
2.28994
-2.7957
-2.30137
-1.7723
-1.35829
-1.05391
-0.834935
-0.676499
-0.554999
-0.450963
-0.34882
-0.235273
-0.0976558
0.077417
0.305699
0.606939
1.0057
1.52551
2.17443
2.93617
3.66036
-4.81055
-3.08179
-1.9796
-1.37096
-0.990972
-0.746563
-0.588673
-0.478801
-0.390027
-0.303861
-0.20591
-0.0827048
0.080274
0.302087
0.610889
1.05033
1.68057
2.59514
4.05435
6.19779
-8.38341
-3.84147
-1.7914
-1.04607
-0.691031
-0.498654
-0.395866
-0.335782
-0.28986
-0.241205
-0.177832
-0.0892404
0.0368531
0.21703
0.479363
0.87717
1.51363
2.64726
5.15584
10.1606
)
;

boundaryField
{
    movingWall
    {
        type            zeroGradient;
    }
    fixedWalls
    {
        type            zeroGradient;
    }
    frontAndBack
    {
        type            empty;
    }
}


// ************************************************************************* //
