/*--------------------------------*- C++ -*----------------------------------*\
  =========                 |
  \\      /  F ield         | OpenFOAM: The Open Source CFD Toolbox
   \\    /   O peration     | Website:  https://openfoam.org
    \\  /    A nd           | Version:  8
     \\/     M anipulation  |
\*---------------------------------------------------------------------------*/
FoamFile
{
    version     2.0;
    format      ascii;
    class       volVectorField;
    location    "0.1";
    object      U;
}
// * * * * * * * * * * * * * * * * * * * * * * * * * * * * * * * * * * * * * //

dimensions      [0 1 -1 0 0 0 0];

internalField   nonuniform List<vector> 
400
(
(0.000482733 -0.000485608 0)
(0.000234941 0.000231582 0)
(-0.00238177 0.0011147 0)
(-0.00689517 0.00172741 0)
(-0.0125365 0.00203202 0)
(-0.0185483 0.00206483 0)
(-0.0242663 0.00187409 0)
(-0.0291391 0.00150624 0)
(-0.0327297 0.00100287 0)
(-0.0347153 0.00040394 0)
(-0.0348938 -0.000246753 0)
(-0.0332017 -0.000897123 0)
(-0.0297367 -0.00148468 0)
(-0.0247799 -0.00193791 0)
(-0.0188069 -0.00218147 0)
(-0.0124794 -0.00214595 0)
(-0.00660227 -0.00178302 0)
(-0.00203648 -0.0010868 0)
(0.000449289 -0.000154444 0)
(0.000544061 0.00053091 0)
(-0.0001853 -0.000284524 0)
(-0.00326571 0.00329365 0)
(-0.0113265 0.00712327 0)
(-0.0231355 0.00983727 0)
(-0.0371313 0.0111834 0)
(-0.051764 0.0112224 0)
(-0.065569 0.0101221 0)
(-0.0772723 0.00808555 0)
(-0.0858454 0.00532575 0)
(-0.0905308 0.0020671 0)
(-0.0908717 -0.00144073 0)
(-0.0867498 -0.00491085 0)
(-0.0784271 -0.00801665 0)
(-0.0665794 -0.0104041 0)
(-0.0523024 -0.011722 0)
(-0.0370686 -0.0116738 0)
(-0.0226014 -0.010092 0)
(-0.0106557 -0.00703422 0)
(-0.00280799 -0.00297328 0)
(-4.48936e-05 0.00051461 0)
(-0.00108302 0.00226053 0)
(-0.00742809 0.0114127 0)
(-0.020994 0.0201135 0)
(-0.0394194 0.0262104 0)
(-0.0604532 0.0291374 0)
(-0.0820286 0.0289439 0)
(-0.10217 0.0259602 0)
(-0.119136 0.020646 0)
(-0.131513 0.0135227 0)
(-0.13826 0.00516342 0)
(-0.138753 -0.00379035 0)
(-0.132834 -0.0126129 0)
(-0.120867 -0.0204973 0)
(-0.103772 -0.0265903 0)
(-0.0830323 -0.0300696 0)
(-0.0606327 -0.0302678 0)
(-0.0388903 -0.026844 0)
(-0.0201745 -0.0199891 0)
(-0.00681375 -0.010725 0)
(-0.000882855 -0.00170792 0)
(-0.00188258 0.00705005 0)
(-0.0113531 0.0242503 0)
(-0.0302808 0.0391646 0)
(-0.0549817 0.0492671 0)
(-0.0824479 0.0538337 0)
(-0.110163 0.0529797 0)
(-0.135775 0.0472593 0)
(-0.157226 0.0374553 0)
(-0.172849 0.0244753 0)
(-0.181417 0.00933011 0)
(-0.182182 -0.00684879 0)
(-0.174936 -0.0227895 0)
(-0.160069 -0.0370883 0)
(-0.138622 -0.0482702 0)
(-0.112307 -0.054918 0)
(-0.083467 -0.0558785 0)
(-0.0548958 -0.0505411 0)
(-0.0295552 -0.0391509 0)
(-0.0106581 -0.0231781 0)
(-0.00162703 -0.00607179 0)
(-0.00258417 0.0138429 0)
(-0.0149928 0.0415043 0)
(-0.0391004 0.0638603 0)
(-0.0698474 0.0783929 0)
(-0.103416 0.084472 0)
(-0.136851 0.0824375 0)
(-0.167488 0.0731698 0)
(-0.193043 0.0578441 0)
(-0.211688 0.0378067 0)
(-0.222066 0.014549 0)
(-0.223328 -0.010266 0)
(-0.215185 -0.0347735 0)
(-0.197978 -0.056912 0)
(-0.172757 -0.0745006 0)
(-0.141348 -0.085413 0)
(-0.106352 -0.0878656 0)
(-0.0710088 -0.0808073 0)
(-0.0389358 -0.0643496 0)
(-0.014387 -0.0402069 0)
(-0.00229614 -0.0123977 0)
(-0.00323435 0.0224906 0)
(-0.0184635 0.0630161 0)
(-0.0476141 0.0940739 0)
(-0.0842405 0.113443 0)
(-0.123686 0.120859 0)
(-0.162562 0.117091 0)
(-0.197941 0.103485 0)
(-0.227386 0.0816907 0)
(-0.248974 0.0535358 0)
(-0.261272 0.0210067 0)
(-0.263339 -0.0137011 0)
(-0.254768 -0.048125 0)
(-0.235772 -0.0795194 0)
(-0.207302 -0.104928 0)
(-0.171171 -0.121384 0)
(-0.13015 -0.126279 0)
(-0.087905 -0.117868 0)
(-0.0487838 -0.0958549 0)
(-0.0182577 -0.0619558 0)
(-0.00296735 -0.0206475 0)
(-0.00387561 0.0329292 0)
(-0.0218942 0.0886955 0)
(-0.0560152 0.129698 0)
(-0.0983736 0.154266 0)
(-0.143455 0.16279 0)
(-0.187458 0.15671 0)
(-0.227257 0.138005 0)
(-0.260344 0.108897 0)
(-0.284785 0.0717221 0)
(-0.299127 0.0289492 0)
(-0.302356 -0.016734 0)
(-0.293919 -0.0623093 0)
(-0.273816 -0.10436 0)
(-0.242764 -0.139108 0)
(-0.202415 -0.16261 0)
(-0.155578 -0.171183 0)
(-0.106275 -0.162046 0)
(-0.0596414 -0.134116 0)
(-0.0225711 -0.0888017 0)
(-0.00372338 -0.0309572 0)
(-0.0045438 0.0451692 0)
(-0.0253997 0.118528 0)
(-0.0644656 0.170634 0)
(-0.112364 0.200642 0)
(-0.1627 0.209931 0)
(-0.211314 0.200905 0)
(-0.25498 0.176374 0)
(-0.291241 0.139231 0)
(-0.318267 0.0923434 0)
(-0.334674 0.0386116 0)
(-0.339421 -0.0188716 0)
(-0.331791 -0.076631 0)
(-0.311488 -0.130652 0)
(-0.278844 -0.17633 0)
(-0.235141 -0.208622 0)
(-0.183007 -0.222483 0)
(-0.126666 -0.213657 0)
(-0.0720237 -0.17974 0)
(-0.0276327 -0.121373 0)
(-0.00464826 -0.0436384 0)
(-0.00527473 0.0592858 0)
(-0.0290913 0.152565 0)
(-0.0730951 0.216762 0)
(-0.126213 0.252207 0)
(-0.181143 0.261706 0)
(-0.233464 0.248983 0)
(-0.28001 0.217914 0)
(-0.318552 0.172175 0)
(-0.347533 0.115163 0)
(-0.365779 0.0501246 0)
(-0.372304 -0.0195855 0)
(-0.366248 -0.0902059 0)
(-0.346948 -0.157276 0)
(-0.314177 -0.215446 0)
(-0.268579 -0.258497 0)
(-0.212264 -0.279727 0)
(-0.149346 -0.272852 0)
(-0.0863613 -0.233406 0)
(-0.0337488 -0.160531 0)
(-0.00583392 -0.059178 0)
(-0.00612039 0.0754242 0)
(-0.0331191 0.190918 0)
(-0.0820464 0.267877 0)
(-0.13983 0.308335 0)
(-0.198233 0.317117 0)
(-0.252747 0.299733 0)
(-0.300511 0.261409 0)
(-0.339787 0.206714 0)
(-0.369528 0.139549 0)
(-0.388961 0.0633797 0)
(-0.3973 -0.0183868 0)
(-0.393609 -0.101957 0)
(-0.376825 -0.182686 0)
(-0.345995 -0.254679 0)
(-0.300798 -0.31058 0)
(-0.242355 -0.341786 0)
(-0.174143 -0.339341 0)
(-0.10295 -0.295691 0)
(-0.0412445 -0.207311 0)
(-0.00739608 -0.0782463 0)
(-0.00717854 0.0938453 0)
(-0.0377468 0.233775 0)
(-0.0915518 0.323619 0)
(-0.153054 0.36796 0)
(-0.213103 0.374511 0)
(-0.267404 0.351176 0)
(-0.313782 0.304853 0)
(-0.351344 0.241105 0)
(-0.379859 0.164273 0)
(-0.399211 0.0778582 0)
(-0.409008 -0.014949 0)
(-0.408371 -0.110666 0)
(-0.395872 -0.204854 0)
(-0.369716 -0.291442 0)
(-0.328276 -0.362172 0)
(-0.27109 -0.406442 0)
(-0.200195 -0.411973 0)
(-0.121875 -0.366781 0)
(-0.0504938 -0.262837 0)
(-0.00950213 -0.101731 0)
(-0.00864555 0.115034 0)
(-0.0434656 0.281455 0)
(-0.102014 0.383358 0)
(-0.165634 0.429338 0)
(-0.224433 0.431283 0)
(-0.274872 0.400262 0)
(-0.316017 0.345183 0)
(-0.348281 0.272646 0)
(-0.372611 0.1873 0)
(-0.389821 0.0924454 0)
(-0.400153 -0.00927311 0)
(-0.402977 -0.115099 0)
(-0.396639 -0.221307 0)
(-0.378498 -0.322225 0)
(-0.345368 -0.409215 0)
(-0.294555 -0.46989 0)
(-0.22556 -0.488162 0)
(-0.142847 -0.446014 0)
(-0.0619582 -0.328166 0)
(-0.0124195 -0.130817 0)
(-0.0109104 0.13992 0)
(-0.0511552 0.334474 0)
(-0.114031 0.445971 0)
(-0.177016 0.489648 0)
(-0.230047 0.483452 0)
(-0.271293 0.442521 0)
(-0.301844 0.378022 0)
(-0.323958 0.297493 0)
(-0.3401 0.205648 0)
(-0.352259 0.105278 0)
(-0.361512 -0.00186767 0)
(-0.367721 -0.1142 0)
(-0.369256 -0.229287 0)
(-0.362835 -0.34262 0)
(-0.343682 -0.446062 0)
(-0.306352 -0.526178 0)
(-0.24654 -0.563079 0)
(-0.164861 -0.531137 0)
(-0.0762067 -0.403993 0)
(-0.0165962 -0.167136 0)
(-0.0147114 0.170271 0)
(-0.0622572 0.393538 0)
(-0.128159 0.509325 0)
(-0.185631 0.544303 0)
(-0.225927 0.525081 0)
(-0.250499 0.471701 0)
(-0.263465 0.397526 0)
(-0.269425 0.310647 0)
(-0.272557 0.21541 0)
(-0.276087 0.113726 0)
(-0.282018 0.00611982 0)
(-0.290894 -0.107353 0)
(-0.301473 -0.226096 0)
(-0.310307 -0.347612 0)
(-0.311433 -0.465502 0)
(-0.29659 -0.566745 0)
(-0.256553 -0.628649 0)
(-0.185427 -0.617108 0)
(-0.0938078 -0.490016 0)
(-0.0227674 -0.212991 0)
(-0.02133 0.209284 0)
(-0.0787403 0.459144 0)
(-0.143878 0.569132 0)
(-0.187001 0.585834 0)
(-0.20403 0.547595 0)
(-0.202029 0.479578 0)
(-0.189129 0.396574 0)
(-0.172451 0.306334 0)
(-0.15768 0.212161 0)
(-0.148983 0.114668 0)
(-0.149097 0.0129433 0)
(-0.159299 -0.0946532 0)
(-0.179114 -0.209664 0)
(-0.205691 -0.332312 0)
(-0.232906 -0.459349 0)
(-0.250545 -0.580404 0)
(-0.244229 -0.672558 0)
(-0.198859 -0.694308 0)
(-0.114674 -0.583545 0)
(-0.0319616 -0.271546 0)
(-0.0325005 0.262506 0)
(-0.101901 0.530094 0)
(-0.156221 0.616528 0)
(-0.169235 0.602178 0)
(-0.147985 0.539219 0)
(-0.107733 0.456329 0)
(-0.0608477 0.367672 0)
(-0.0162583 0.279101 0)
(0.0197908 0.191971 0)
(0.0430378 0.105257 0)
(0.0506138 0.0166212 0)
(0.0407383 -0.077065 0)
(0.0128563 -0.179306 0)
(-0.0316934 -0.293247 0)
(-0.088318 -0.419913 0)
(-0.147081 -0.554277 0)
(-0.190257 -0.677679 0)
(-0.192524 -0.746078 0)
(-0.135643 -0.676877 0)
(-0.0448234 -0.347059 0)
(-0.0487045 0.339823 0)
(-0.127116 0.599072 0)
(-0.146447 0.63259 0)
(-0.103355 0.573756 0)
(-0.0255899 0.484704 0)
(0.063067 0.391844 0)
(0.14821 0.304899 0)
(0.221455 0.22579 0)
(0.27796 0.153128 0)
(0.314815 0.0842171 0)
(0.329983 0.0157066 0)
(0.321735 -0.0563194 0)
(0.288528 -0.136468 0)
(0.229447 -0.230069 0)
(0.145574 -0.342456 0)
(0.042926 -0.476032 0)
(-0.0625799 -0.622285 0)
(-0.139492 -0.745326 0)
(-0.143929 -0.752248 0)
(-0.0585072 -0.445659 0)
(-0.0601167 0.452622 0)
(-0.126236 0.639412 0)
(-0.0595643 0.579628 0)
(0.0746668 0.472241 0)
(0.22183 0.368525 0)
(0.358314 0.280307 0)
(0.474716 0.208208 0)
(0.567517 0.148981 0)
(0.635892 0.0986577 0)
(0.679842 0.0535592 0)
(0.699131 0.0102662 0)
(0.692751 -0.0347667 0)
(0.658627 -0.0857564 0)
(0.593567 -0.148311 0)
(0.493904 -0.230067 0)
(0.357814 -0.340225 0)
(0.190413 -0.484903 0)
(0.0147824 -0.652276 0)
(-0.10153 -0.768615 0)
(-0.0552854 -0.56544 0)
(0.00669008 0.546673 0)
(0.0203645 0.572136 0)
(0.24604 0.413476 0)
(0.488483 0.287455 0)
(0.686188 0.200046 0)
(0.840625 0.139286 0)
(0.958804 0.0965646 0)
(1.04616 0.0654756 0)
(1.10716 0.0414615 0)
(1.14497 0.0213948 0)
(1.16122 0.0029627 0)
(1.15592 -0.0158925 0)
(1.12723 -0.0376108 0)
(1.071 -0.06577 0)
(0.980084 -0.106406 0)
(0.844085 -0.169934 0)
(0.648615 -0.272828 0)
(0.381599 -0.434307 0)
(0.105261 -0.637432 0)
(0.048037 -0.618396 0)
(0.590614 0.288708 0)
(0.773993 0.253589 0)
(1.0879 0.154346 0)
(1.32163 0.0911932 0)
(1.46397 0.0549424 0)
(1.55496 0.0336406 0)
(1.61617 0.0208241 0)
(1.65731 0.0127765 0)
(1.68386 0.00731958 0)
(1.699 0.00320115 0)
(1.70436 -0.000342456 0)
(1.70031 -0.00386669 0)
(1.68603 -0.0080186 0)
(1.65909 -0.0137955 0)
(1.6144 -0.0231612 0)
(1.54184 -0.0402789 0)
(1.41835 -0.073897 0)
(1.19228 -0.140694 0)
(0.851311 -0.254678 0)
(0.627324 -0.30189 0)
)
;

boundaryField
{
    movingWall
    {
        type            fixedValue;
        value           uniform (2 0 0);
    }
    fixedWalls
    {
        type            noSlip;
    }
    frontAndBack
    {
        type            empty;
    }
}


// ************************************************************************* //
