/*--------------------------------*- C++ -*----------------------------------*\
  =========                 |
  \\      /  F ield         | OpenFOAM: The Open Source CFD Toolbox
   \\    /   O peration     | Website:  https://openfoam.org
    \\  /    A nd           | Version:  8
     \\/     M anipulation  |
\*---------------------------------------------------------------------------*/
FoamFile
{
    version     2.0;
    format      ascii;
    class       volScalarField;
    location    "0.3";
    object      p;
}
// * * * * * * * * * * * * * * * * * * * * * * * * * * * * * * * * * * * * * //

dimensions      [0 2 -2 0 0 0 0];

internalField   nonuniform List<scalar> 
400
(
6.38703e-06
-0.00815198
-0.0180915
-0.0256541
-0.0284436
-0.0254055
-0.0164564
-0.00219016
0.0163259
0.0376791
0.0602048
0.0820802
0.101447
0.116572
0.126067
0.129143
0.125913
0.117703
0.107322
0.0991919
0.00810118
-0.000305553
-0.00808045
-0.0132551
-0.0147081
-0.0117084
-0.00415136
0.00754695
0.0225896
0.0398868
0.0581291
0.0758714
0.0916414
0.104082
0.112122
0.115177
0.113365
0.107633
0.0994766
0.0911547
0.0186222
0.00699488
-0.00138645
-0.00611539
-0.00727874
-0.00450846
0.00219779
0.0124518
0.0255825
0.040683
0.0566523
0.0722561
0.0862177
0.0973378
0.104639
0.107529
0.105998
0.100625
0.091751
0.0801863
0.027997
0.0119919
0.0016248
-0.00373761
-0.00519059
-0.00269045
0.00361942
0.0132997
0.0257139
0.0400405
0.0552791
0.0702862
0.0838427
0.0947561
0.101987
0.104802
0.10299
0.096812
0.0856941
0.0695787
0.0338101
0.0132535
0.000534476
-0.00576556
-0.00760771
-0.005227
0.00108854
0.0108254
0.0233447
0.0378635
0.0534288
0.0689233
0.0831113
0.0947221
0.102564
0.105681
0.103615
0.0963282
0.0824703
0.0614066
0.0342665
0.00917813
-0.00595664
-0.0132008
-0.0152934
-0.0127163
-0.00589561
0.00457254
0.0180275
0.0336987
0.0506456
0.0677354
0.0836618
0.0970092
0.106355
0.110442
0.108499
0.100175
0.0833887
0.0570842
0.0278207
-0.00178865
-0.0192599
-0.0272511
-0.0292617
-0.0260157
-0.0180781
-0.00613158
0.00913512
0.0269547
0.0463867
0.0662618
0.0851696
0.101497
0.113516
0.119571
0.118486
0.109517
0.0897816
0.0578363
0.0129081
-0.0212673
-0.0408814
-0.0492239
-0.0506182
-0.0460635
-0.0362781
-0.0220342
-0.00404163
0.0169481
0.0400079
0.0639397
0.0872222
0.108011
0.124204
0.133633
0.134577
0.125737
0.103216
0.065086
-0.0122524
-0.0511102
-0.0725443
-0.0806047
-0.0806027
-0.0738923
-0.0613793
-0.0439286
-0.0222504
0.00295617
0.0308217
0.0601626
0.0893751
0.116382
0.138646
0.153364
0.158067
0.150643
0.125773
0.0807963
-0.0498306
-0.093557
-0.116273
-0.12306
-0.120524
-0.110517
-0.09419
-0.0725028
-0.0461279
-0.0156471
0.0182096
0.0543605
0.0911984
0.126458
0.157146
0.179694
0.19064
0.186658
0.160351
0.107833
-0.102624
-0.151447
-0.17449
-0.178402
-0.171623
-0.156733
-0.135204
-0.108086
-0.0759503
-0.0391596
0.00182188
0.0461569
0.0923808
0.138162
0.180102
0.213777
0.234453
0.237047
0.211054
0.150453
-0.174501
-0.228563
-0.250134
-0.248503
-0.23485
-0.212808
-0.184256
-0.150294
-0.111284
-0.0672214
-0.0181263
0.0356157
0.0929126
0.151599
0.208049
0.257011
0.292233
0.306193
0.283752
0.21508
-0.271333
-0.330232
-0.346814
-0.335113
-0.310495
-0.278041
-0.240059
-0.197578
-0.150563
-0.098426
-0.0405045
0.0235399
0.0933137
0.167195
0.241708
0.311032
0.367333
0.399923
0.386911
0.311681
-0.403021
-0.464342
-0.468877
-0.439427
-0.397575
-0.35013
-0.299637
-0.246745
-0.190689
-0.129985
-0.0629877
0.011696
0.0947833
0.185733
0.281884
0.377509
0.463572
0.525755
0.532866
0.456442
-0.587867
-0.642938
-0.621062
-0.561051
-0.492745
-0.424272
-0.357685
-0.292557
-0.226821
-0.157657
-0.0820819
0.00271435
0.0990172
0.208041
0.328933
0.457367
0.5844
0.692627
0.739512
0.676902
-0.860618
-0.883989
-0.807275
-0.696295
-0.588886
-0.492279
-0.40621
-0.327798
-0.252739
-0.176298
-0.0937726
-0.000607038
0.107473
0.234169
0.381749
0.549447
0.731271
0.909497
1.03139
1.01972
-1.28734
-1.21207
-1.0284
-0.837009
-0.674822
-0.543012
-0.435557
-0.344669
-0.262414
-0.181471
-0.0951129
0.00319618
0.119973
0.262094
0.436519
0.649185
0.901783
1.18244
1.43916
1.5634
-2.02133
-1.65682
-1.269
-0.961346
-0.730513
-0.560615
-0.434548
-0.336022
-0.251835
-0.171615
-0.0866374
0.011391
0.131171
0.283096
0.480382
0.739607
1.07693
1.49991
2.00128
2.4779
-3.47745
-2.23043
-1.43038
-0.980773
-0.694328
-0.505694
-0.379764
-0.2894
-0.216097
-0.147406
-0.07378
0.0133535
0.123718
0.269899
0.470868
0.756148
1.1661
1.76591
2.74051
4.1904
-6.01166
-2.79006
-1.31737
-0.765047
-0.493963
-0.341792
-0.254526
-0.198881
-0.155403
-0.112928
-0.0637831
-0.00120666
0.082442
0.198049
0.364606
0.618339
1.02791
1.77056
3.46739
6.91546
)
;

boundaryField
{
    movingWall
    {
        type            zeroGradient;
    }
    fixedWalls
    {
        type            zeroGradient;
    }
    frontAndBack
    {
        type            empty;
    }
}


// ************************************************************************* //
