/*--------------------------------*- C++ -*----------------------------------*\
  =========                 |
  \\      /  F ield         | OpenFOAM: The Open Source CFD Toolbox
   \\    /   O peration     | Website:  https://openfoam.org
    \\  /    A nd           | Version:  8
     \\/     M anipulation  |
\*---------------------------------------------------------------------------*/
FoamFile
{
    version     2.0;
    format      ascii;
    class       surfaceScalarField;
    location    "0.3";
    object      phi;
}
// * * * * * * * * * * * * * * * * * * * * * * * * * * * * * * * * * * * * * //

dimensions      [0 3 -1 0 0 0 0];

internalField   nonuniform List<scalar> 
760
(
1.95925e-08
-1.9646e-08
-3.19217e-08
5.15141e-08
-1.60868e-07
1.28946e-07
-3.44017e-07
1.83149e-07
-5.53889e-07
2.09872e-07
-7.64712e-07
2.10823e-07
-9.54356e-07
1.89644e-07
-1.10498e-06
1.50627e-07
-1.20315e-06
9.81705e-08
-1.23993e-06
3.67777e-08
-1.21119e-06
-2.8742e-08
-1.11812e-06
-9.30705e-08
-9.67808e-07
-1.50312e-07
-7.73672e-07
-1.94135e-07
-5.55479e-07
-2.18193e-07
-3.38582e-07
-2.16897e-07
-1.51941e-07
-1.86642e-07
-2.44713e-08
-1.2747e-07
2.24442e-08
-4.69163e-08
2.24439e-08
-4.86808e-08
2.90345e-08
-2.54215e-07
2.57049e-07
-6.09313e-07
4.84043e-07
-1.07085e-06
6.44686e-07
-1.58396e-06
7.22981e-07
-2.09331e-06
7.20173e-07
-2.54898e-06
6.45313e-07
-2.90943e-06
5.11081e-07
-3.14301e-06
3.31744e-07
-3.22886e-06
1.22626e-07
-3.1579e-06
-9.96962e-08
-2.93386e-06
-3.17109e-07
-2.57418e-06
-5.09995e-07
-2.11041e-06
-6.57908e-07
-1.58748e-06
-7.4112e-07
-1.0611e-06
-7.43277e-07
-5.92396e-07
-6.55349e-07
-2.39116e-07
-4.8075e-07
-4.1981e-08
-2.4405e-07
-1.95377e-08
-1.30279e-07
1.59313e-07
-5.02106e-07
6.28875e-07
-1.07254e-06
1.05448e-06
-1.77641e-06
1.34856e-06
-2.53869e-06
1.48526e-06
-3.28461e-06
1.4661e-06
-3.9464e-06
1.3071e-06
-4.46725e-06
1.03193e-06
-4.80366e-06
6.68157e-07
-4.92705e-06
2.46014e-07
-4.82508e-06
-2.01663e-07
-4.50302e-06
-6.39172e-07
-3.98479e-06
-1.02822e-06
-3.31335e-06
-1.32935e-06
-2.54951e-06
-1.50496e-06
-1.76842e-06
-1.52438e-06
-1.05275e-06
-1.37101e-06
-4.82389e-07
-1.05111e-06
-1.2067e-07
-6.05769e-07
-1.40208e-07
-2.0475e-07
3.64063e-07
-7.38152e-07
1.16228e-06
-1.51594e-06
1.83226e-06
-2.44549e-06
2.27812e-06
-3.43164e-06
2.4714e-06
-4.38381e-06
2.41826e-06
-5.22147e-06
2.14477e-06
-5.87772e-06
1.68818e-06
-6.30147e-06
1.0919e-06
-6.45898e-06
4.03531e-07
-6.33538e-06
-3.25269e-07
-5.93605e-06
-1.0385e-06
-5.28809e-06
-1.67619e-06
-4.44097e-06
-2.17647e-06
-3.46584e-06
-2.48009e-06
-2.45229e-06
-2.53792e-06
-1.50184e-06
-2.32146e-06
-7.17839e-07
-1.83511e-06
-1.93168e-07
-1.13044e-06
-3.33376e-07
-2.72548e-07
6.3661e-07
-9.60712e-07
1.85044e-06
-1.93904e-06
2.81059e-06
-3.08465e-06
3.42372e-06
-4.28115e-06
3.66791e-06
-5.4234e-06
3.56051e-06
-6.4209e-06
3.14228e-06
-7.19993e-06
2.46721e-06
-7.70459e-06
1.59656e-06
-7.89772e-06
5.96657e-07
-7.76195e-06
-4.61035e-07
-7.30129e-06
-1.49916e-06
-6.54298e-06
-2.4345e-06
-5.53918e-06
-3.18026e-06
-4.36766e-06
-3.65162e-06
-3.13005e-06
-3.77553e-06
-1.94676e-06
-3.50475e-06
-9.47871e-07
-2.834e-06
-2.61063e-07
-1.81725e-06
-5.94439e-07
-3.36932e-07
9.73541e-07
-1.17565e-06
2.68916e-06
-2.35003e-06
3.98497e-06
-3.70533e-06
4.77902e-06
-5.10316e-06
5.06573e-06
-6.42462e-06
4.88197e-06
-7.57141e-06
4.28907e-06
-8.46561e-06
3.3614e-06
-9.04885e-06
2.1798e-06
-9.28186e-06
8.29665e-07
-9.14472e-06
-5.98176e-07
-8.63836e-06
-2.00551e-06
-7.78717e-06
-3.2857e-06
-6.64227e-06
-4.32517e-06
-5.2845e-06
-5.00939e-06
-3.82552e-06
-5.2345e-06
-2.40524e-06
-4.92504e-06
-1.18398e-06
-4.05526e-06
-3.29514e-07
-2.67172e-06
-9.23953e-07
-4.01146e-07
1.37469e-06
-1.3899e-06
3.67792e-06
-2.75795e-06
5.35302e-06
-4.31699e-06
6.33806e-06
-5.90634e-06
6.65509e-06
-7.3948e-06
6.37042e-06
-8.67887e-06
5.57315e-06
-9.67954e-06
4.36207e-06
-1.03387e-05
2.83896e-06
-1.06166e-05
1.10754e-06
-1.04908e-05
-7.23977e-07
-9.95745e-06
-2.53882e-06
-9.0348e-06
-4.20835e-06
-7.76839e-06
-5.59158e-06
-6.23752e-06
-6.54025e-06
-4.56063e-06
-6.9114e-06
-2.89665e-06
-6.58901e-06
-1.43964e-06
-5.51227e-06
-4.04093e-07
-3.70726e-06
-1.32805e-06
-4.68078e-07
1.84276e-06
-1.6098e-06
4.81963e-06
-3.16986e-06
6.91308e-06
-4.92381e-06
8.092e-06
-6.68896e-06
8.42025e-06
-8.32445e-06
8.00591e-06
-9.72575e-06
6.97444e-06
-1.08172e-05
5.45348e-06
-1.15447e-05
3.56649e-06
-1.18706e-05
1.43346e-06
-1.17707e-05
-8.2388e-07
-1.12348e-05
-3.07471e-06
-1.0271e-05
-5.17212e-06
-8.91359e-06
-6.94904e-06
-7.23347e-06
-8.22037e-06
-5.34981e-06
-8.79505e-06
-3.43784e-06
-8.50099e-06
-1.72793e-06
-7.22218e-06
-4.90283e-07
-4.94491e-06
-1.81833e-06
-5.4054e-07
2.3833e-06
-1.84107e-06
6.12016e-06
-3.59016e-06
8.66217e-06
-5.52312e-06
1.0025e-05
-7.43643e-06
1.03336e-05
-9.18434e-06
9.75383e-06
-1.06677e-05
8.4578e-06
-1.18207e-05
6.60651e-06
-1.25992e-05
4.34492e-06
-1.29712e-05
1.80553e-06
-1.29126e-05
-8.82505e-07
-1.24057e-05
-3.58159e-06
-1.14444e-05
-6.13344e-06
-1.00441e-05
-8.34935e-06
-8.2577e-06
-1.00068e-05
-6.19492e-06
-1.08578e-05
-4.04019e-06
-1.06557e-05
-2.06069e-06
-9.20168e-06
-5.93603e-07
-6.412e-06
-2.41193e-06
-6.22175e-07
3.00548e-06
-2.09024e-06
7.58822e-06
-4.02124e-06
1.05932e-05
-6.10454e-06
1.21083e-05
-8.11886e-06
1.23479e-05
-9.92162e-06
1.15566e-05
-1.14288e-05
9.96494e-06
-1.25938e-05
7.77151e-06
-1.33899e-05
5.14102e-06
-1.3797e-05
2.21263e-06
-1.37937e-05
-8.85814e-07
-1.33549e-05
-4.02032e-06
-1.24563e-05
-7.03207e-06
-1.10859e-05
-9.71978e-06
-9.26528e-06
-1.18273e-05
-7.07903e-06
-1.30441e-05
-4.70691e-06
-1.30278e-05
-2.44846e-06
-1.14601e-05
-7.20248e-07
-8.14021e-06
-3.13218e-06
-7.19076e-07
3.72456e-06
-2.36695e-06
9.2361e-06
-4.46444e-06
1.26907e-05
-6.64842e-06
1.42922e-05
-8.68694e-06
1.43864e-05
-1.04539e-05
1.33235e-05
-1.18944e-05
1.14055e-05
-1.29937e-05
8.87079e-06
-1.37523e-05
5.89969e-06
-1.41692e-05
2.6295e-06
-1.42305e-05
-8.24517e-07
-1.39053e-05
-4.34552e-06
-1.31481e-05
-7.78925e-06
-1.1911e-05
-1.09569e-05
-1.01685e-05
-1.35698e-05
-7.95737e-06
-1.52552e-05
-5.42881e-06
-1.55564e-05
-2.9004e-06
-1.39885e-05
-8.78273e-07
-1.01623e-05
-4.01045e-06
-8.42481e-07
4.56704e-06
-2.68701e-06
1.10806e-05
-4.9198e-06
1.49234e-05
-7.12092e-06
1.64934e-05
-9.06337e-06
1.63288e-05
-1.06588e-05
1.49189e-05
-1.19011e-05
1.26478e-05
-1.28224e-05
9.79203e-06
-1.34615e-05
6.53883e-06
-1.38442e-05
3.01225e-06
-1.39703e-05
-6.98426e-07
-1.38067e-05
-4.50917e-06
-1.3287e-05
-8.30897e-06
-1.23209e-05
-1.19229e-05
-1.08194e-05
-1.50713e-05
-8.74291e-06
-1.73318e-05
-6.17646e-06
-1.81229e-05
-3.42348e-06
-1.67415e-05
-1.07954e-06
-1.25063e-05
-5.09e-06
-1.01315e-06
5.58019e-06
-3.07485e-06
1.31423e-05
-5.38072e-06
1.72293e-05
-7.46066e-06
1.85733e-05
-9.12472e-06
1.79929e-05
-1.03554e-05
1.61496e-05
-1.12203e-05
1.35127e-05
-1.1814e-05
1.03857e-05
-1.22233e-05
6.94814e-06
-1.25072e-05
3.2962e-06
-1.26849e-05
-5.20792e-07
-1.2727e-05
-4.46702e-06
-1.25516e-05
-8.48444e-06
-1.20258e-05
-1.24486e-05
-1.09853e-05
-1.61118e-05
-9.28285e-06
-1.90342e-05
-6.88464e-06
-2.05211e-05
-4.01882e-06
-1.96073e-05
-1.34278e-06
-1.51823e-05
-6.43277e-06
-1.26792e-06
6.84811e-06
-3.56126e-06
1.54357e-05
-5.81443e-06
1.94825e-05
-7.54586e-06
2.03047e-05
-8.6643e-06
1.91113e-05
-9.27057e-06
1.67559e-05
-9.53278e-06
1.37749e-05
-9.61941e-06
1.04723e-05
-9.668e-06
6.99674e-06
-9.77169e-06
3.3999e-06
-9.97194e-06
-3.20541e-07
-1.02511e-05
-4.18785e-06
-1.0523e-05
-8.2126e-06
-1.06239e-05
-1.23477e-05
-1.03157e-05
-1.64201e-05
-9.31999e-06
-2.00299e-05
-7.42081e-06
-2.24202e-05
-4.66924e-06
-2.23589e-05
-1.6971e-06
-1.81545e-05
-8.12987e-06
-1.66557e-06
8.51368e-06
-4.16206e-06
1.79322e-05
-6.10616e-06
2.14266e-05
-7.1212e-06
2.13198e-05
-7.32115e-06
1.93113e-05
-6.98238e-06
1.64171e-05
-6.39173e-06
1.31842e-05
-5.78793e-06
9.86854e-06
-5.34765e-06
6.55645e-06
-5.18788e-06
3.24013e-06
-5.3692e-06
-1.39221e-07
-5.89247e-06
-3.66458e-06
-6.68599e-06
-7.41907e-06
-7.58336e-06
-1.14503e-05
-8.2996e-06
-1.57038e-05
-8.42954e-06
-1.99e-05
-7.52026e-06
-2.33295e-05
-5.30127e-06
-2.45779e-05
-2.18003e-06
-2.12757e-05
-1.03099e-05
-2.27328e-06
1.0787e-05
-4.79143e-06
2.04503e-05
-5.91692e-06
2.25521e-05
-5.64807e-06
2.10509e-05
-4.45678e-06
1.812e-05
-2.83633e-06
1.47967e-05
-1.17712e-06
1.1525e-05
2.46851e-07
8.44457e-06
1.25482e-06
5.54849e-06
1.73203e-06
2.76291e-06
1.61198e-06
-1.91655e-08
8.72504e-07
-2.92511e-06
-4.52067e-07
-6.0945e-06
-2.23789e-06
-9.66447e-06
-4.21775e-06
-1.3724e-05
-5.92012e-06
-1.81976e-05
-6.65546e-06
-2.25942e-05
-5.67652e-06
-2.55568e-05
-2.80373e-06
-2.41485e-05
-1.31136e-05
-3.07296e-06
1.38599e-05
-4.99175e-06
2.23691e-05
-4.35502e-06
2.19153e-05
-2.02797e-06
1.87239e-05
1.02945e-06
1.50626e-05
4.15259e-06
1.16735e-05
6.93744e-06
8.74019e-06
9.15752e-06
6.22449e-06
1.06897e-05
4.01635e-06
1.14623e-05
1.99027e-06
1.14254e-05
1.77221e-08
1.05406e-05
-2.0403e-06
8.78577e-06
-4.33967e-06
6.18889e-06
-7.06758e-06
2.89881e-06
-1.04339e-05
-6.92153e-07
-1.46067e-05
-3.79222e-06
-1.94941e-05
-5.12871e-06
-2.42203e-05
-3.42599e-06
-2.58512e-05
-1.65396e-05
-3.62636e-06
1.74863e-05
-3.20472e-06
2.19475e-05
7.06266e-07
1.80044e-05
5.84012e-06
1.359e-05
1.09123e-05
9.99035e-06
1.53545e-05
7.23133e-06
1.89515e-05
5.1432e-06
2.16493e-05
3.52673e-06
2.34527e-05
2.21293e-06
2.43725e-05
1.07045e-06
2.43983e-05
-8.09176e-09
2.34878e-05
-1.12975e-06
2.15615e-05
-2.41333e-06
1.85181e-05
-4.02419e-06
1.42848e-05
-6.20068e-06
8.94974e-06
-9.27154e-06
3.04153e-06
-1.35859e-05
-1.98254e-06
-1.91963e-05
-3.3991e-06
-2.44347e-05
-1.99387e-05
-1.26809e-06
1.87544e-05
5.34355e-06
1.53358e-05
1.39025e-05
9.44543e-06
2.15327e-05
5.9598e-06
2.76544e-05
3.86864e-06
3.23399e-05
2.54585e-06
3.57999e-05
1.68321e-06
3.82353e-05
1.09131e-06
3.97958e-05
6.52452e-07
4.05719e-05
2.94347e-07
4.0596e-05
-3.22166e-08
3.98356e-05
-3.69335e-07
3.81879e-05
-7.65661e-07
3.54595e-05
-1.29571e-06
3.13504e-05
-2.09159e-06
2.54779e-05
-3.39911e-06
1.75625e-05
-5.67048e-06
8.0734e-06
-9.70716e-06
1.53229e-08
-1.63766e-05
-1.99234e-05
1.87544e-05
3.40902e-05
4.35356e-05
4.94954e-05
5.33641e-05
5.59099e-05
5.75931e-05
5.86844e-05
5.93369e-05
5.96312e-05
5.9599e-05
5.92297e-05
5.8464e-05
5.71683e-05
5.50767e-05
5.16776e-05
4.60071e-05
3.63e-05
1.99234e-05
)
;

boundaryField
{
    movingWall
    {
        type            calculated;
        value           uniform 0;
    }
    fixedWalls
    {
        type            calculated;
        value           uniform 0;
    }
    frontAndBack
    {
        type            empty;
        value           nonuniform List<scalar> 0();
    }
}


// ************************************************************************* //
