/*--------------------------------*- C++ -*----------------------------------*\
  =========                 |
  \\      /  F ield         | OpenFOAM: The Open Source CFD Toolbox
   \\    /   O peration     | Website:  https://openfoam.org
    \\  /    A nd           | Version:  8
     \\/     M anipulation  |
\*---------------------------------------------------------------------------*/
FoamFile
{
    version     2.0;
    format      ascii;
    class       volVectorField;
    location    "0.3";
    object      U;
}
// * * * * * * * * * * * * * * * * * * * * * * * * * * * * * * * * * * * * * //

dimensions      [0 1 -1 0 0 0 0];

internalField   nonuniform List<vector> 
400
(
(0.000351384 -0.000347853 0)
(0.000185295 0.000160466 0)
(-0.00166678 0.00079138 0)
(-0.00488751 0.00123459 0)
(-0.00892587 0.00145615 0)
(-0.0132338 0.00147887 0)
(-0.0173249 0.00133732 0)
(-0.020796 0.00106688 0)
(-0.0233327 0.000700421 0)
(-0.0247102 0.00026953 0)
(-0.024796 -0.00019268 0)
(-0.0235587 -0.000649067 0)
(-0.0210795 -0.00105715 0)
(-0.0175633 -0.00136957 0)
(-0.0133442 -0.0015366 0)
(-0.00888064 -0.00151156 0)
(-0.00472891 -0.00126022 0)
(-0.00148881 -0.000775119 0)
(0.000293604 -0.000119037 0)
(0.00037967 0.000371372 0)
(-0.000116563 -0.000223863 0)
(-0.00228297 0.00232091 0)
(-0.00800848 0.00506692 0)
(-0.0164341 0.00702978 0)
(-0.0264456 0.00800764 0)
(-0.0369194 0.00803261 0)
(-0.0467871 0.00722457 0)
(-0.0551223 0.00573781 0)
(-0.061187 0.00373775 0)
(-0.0644515 0.00139749 0)
(-0.0646124 -0.00109704 0)
(-0.0616117 -0.00354137 0)
(-0.055658 -0.00571118 0)
(-0.0472423 -0.00736882 0)
(-0.0371375 -0.00828031 0)
(-0.0263693 -0.00824574 0)
(-0.016134 -0.00714669 0)
(-0.00765529 -0.00501159 0)
(-0.00205032 -0.00215236 0)
(-4.81286e-05 0.000338005 0)
(-0.000752459 0.00156121 0)
(-0.00523423 0.00807073 0)
(-0.0148754 0.0143177 0)
(-0.0280208 0.0187266 0)
(-0.0430588 0.0208513 0)
(-0.0584889 0.0207046 0)
(-0.0728714 0.0185237 0)
(-0.0849428 0.014657 0)
(-0.0936905 0.00950643 0)
(-0.0983872 0.00350927 0)
(-0.0986177 -0.00285989 0)
(-0.0943058 -0.00908377 0)
(-0.08574 -0.0146054 0)
(-0.0735906 -0.0188485 0)
(-0.0589065 -0.0212626 0)
(-0.0430734 -0.0213981 0)
(-0.0276994 -0.019016 0)
(-0.014432 -0.0142268 0)
(-0.00491426 -0.00770635 0)
(-0.000650859 -0.00128078 0)
(-0.001316 0.00493186 0)
(-0.00801384 0.0171737 0)
(-0.0214727 0.0278876 0)
(-0.0390963 0.0351936 0)
(-0.0587261 0.0385067 0)
(-0.0785306 0.0378751 0)
(-0.0967943 0.0336995 0)
(-0.112025 0.0265742 0)
(-0.123033 0.0171973 0)
(-0.128963 0.00633726 0)
(-0.129324 -0.00517034 0)
(-0.124014 -0.0164182 0)
(-0.113353 -0.0264357 0)
(-0.0981054 -0.0342246 0)
(-0.0794874 -0.0388357 0)
(-0.0591329 -0.0394948 0)
(-0.0389752 -0.0357791 0)
(-0.0210626 -0.0278261 0)
(-0.0076474 -0.0165972 0)
(-0.00118521 -0.00443111 0)
(-0.00180954 0.00972034 0)
(-0.0105929 0.0294174 0)
(-0.027747 0.045484 0)
(-0.0496921 0.0559936 0)
(-0.0736792 0.0603972 0)
(-0.097549 0.0588929 0)
(-0.119355 0.0521225 0)
(-0.137441 0.0409815 0)
(-0.150507 0.0265065 0)
(-0.157617 0.00983233 0)
(-0.158222 -0.00781193 0)
(-0.152179 -0.0250946 0)
(-0.139793 -0.0405891 0)
(-0.121851 -0.0528201 0)
(-0.0996561 -0.0603671 0)
(-0.0750215 -0.0620392 0)
(-0.0501782 -0.0571186 0)
(-0.0276079 -0.045641 0)
(-0.0102673 -0.0287022 0)
(-0.00166174 -0.00897461 0)
(-0.0022684 0.0158213 0)
(-0.0130638 0.0446973 0)
(-0.0338333 0.0670277 0)
(-0.0599969 0.0810308 0)
(-0.0881862 0.0863825 0)
(-0.115914 0.0835809 0)
(-0.141034 0.0736151 0)
(-0.161781 0.0577488 0)
(-0.176795 0.037395 0)
(-0.1851 0.0140709 0)
(-0.186103 -0.0105955 0)
(-0.179604 -0.0348429 0)
(-0.165842 -0.0567707 0)
(-0.145556 -0.074383 0)
(-0.120056 -0.0857072 0)
(-0.0912757 -0.0890125 0)
(-0.0617232 -0.0831242 0)
(-0.0343562 -0.0677919 0)
(-0.0129372 -0.0440709 0)
(-0.00213122 -0.0148642 0)
(-0.00272634 0.0231986 0)
(-0.0155324 0.0629703 0)
(-0.0398977 0.0924653 0)
(-0.0702017 0.110212 0)
(-0.102433 0.116316 0)
(-0.133786 0.111756 0)
(-0.161963 0.097999 0)
(-0.185149 0.0767539 0)
(-0.201985 0.0498414 0)
(-0.211504 0.0191584 0)
(-0.213085 -0.0132912 0)
(-0.206457 -0.0453426 0)
(-0.19174 -0.0746313 0)
(-0.169544 -0.0986128 0)
(-0.141088 -0.114678 0)
(-0.108339 -0.120403 0)
(-0.0740392 -0.11394 0)
(-0.041647 -0.0945047 0)
(-0.0158484 -0.0628957 0)
(-0.00264736 -0.0221651 0)
(-0.00321315 0.0318779 0)
(-0.0180976 0.0842621 0)
(-0.0460887 0.121763 0)
(-0.0804355 0.143403 0)
(-0.116454 0.149965 0)
(-0.151059 0.143125 0)
(-0.181871 0.124982 0)
(-0.207115 0.0977783 0)
(-0.225524 0.0637637 0)
(-0.236205 0.0251883 0)
(-0.238544 -0.0156249 0)
(-0.232189 -0.0561725 0)
(-0.217089 -0.0936748 0)
(-0.193622 -0.12504 0)
(-0.162787 -0.146946 0)
(-0.126444 -0.156099 0)
(-0.0874673 -0.149702 0)
(-0.0498028 -0.126099 0)
(-0.0191937 -0.085525 0)
(-0.00326378 -0.0310549 0)
(-0.00375925 0.0419411 0)
(-0.0208572 0.108663 0)
(-0.0525325 0.154887 0)
(-0.0907422 0.180381 0)
(-0.130098 0.186926 0)
(-0.167302 0.177175 0)
(-0.200017 0.154046 0)
(-0.226646 0.120404 0)
(-0.246139 0.0789357 0)
(-0.257773 0.0321891 0)
(-0.261003 -0.0172917 0)
(-0.255402 -0.0667802 0)
(-0.240698 -0.113183 0)
(-0.21692 -0.152912 0)
(-0.184669 -0.181888 0)
(-0.145485 -0.195761 0)
(-0.10218 -0.190443 0)
(-0.0590956 -0.16294 0)
(-0.0231658 -0.112452 0)
(-0.00403833 -0.0418215 0)
(-0.00440689 0.0535309 0)
(-0.0239355 0.136321 0)
(-0.0593566 0.191752 0)
(-0.10108 0.220731 0)
(-0.142986 0.226493 0)
(-0.181697 0.213028 0)
(-0.215108 0.184297 0)
(-0.242 0.143877 0)
(-0.261714 0.0948783 0)
(-0.273835 0.0400508 0)
(-0.277976 -0.0179867 0)
(-0.27367 -0.0764597 0)
(-0.260385 -0.132135 0)
(-0.237679 -0.181057 0)
(-0.205532 -0.218408 0)
(-0.164863 -0.238623 0)
(-0.118091 -0.235921 0)
(-0.0697235 -0.205331 0)
(-0.0279722 -0.144284 0)
(-0.00504392 -0.0548685 0)
(-0.00523067 0.0668817 0)
(-0.0275316 0.167445 0)
(-0.0667312 0.232159 0)
(-0.111319 0.263717 0)
(-0.154457 0.267481 0)
(-0.192929 0.249253 0)
(-0.22516 0.214291 0)
(-0.25058 0.166959 0)
(-0.269145 0.110735 0)
(-0.28092 0.0484318 0)
(-0.285796 -0.0174593 0)
(-0.283333 -0.084357 0)
(-0.272734 -0.149147 0)
(-0.252979 -0.207741 0)
(-0.223186 -0.25472 0)
(-0.183259 -0.283227 0)
(-0.134718 -0.285364 0)
(-0.0817779 -0.253348 0)
(-0.0338619 -0.181691 0)
(-0.00638806 -0.0707397 0)
(-0.00637405 0.0823939 0)
(-0.0319938 0.202332 0)
(-0.0749067 0.275693 0)
(-0.121187 0.308082 0)
(-0.163423 0.307993 0)
(-0.198994 0.283644 0)
(-0.227288 0.241848 0)
(-0.248734 0.187776 0)
(-0.264161 0.125154 0)
(-0.274298 0.0566602 0)
(-0.279448 -0.0155919 0)
(-0.279297 -0.089514 0)
(-0.272835 -0.162456 0)
(-0.258417 -0.230561 0)
(-0.234091 -0.288119 0)
(-0.198296 -0.327085 0)
(-0.15095 -0.337102 0)
(-0.0951625 -0.306558 0)
(-0.0411628 -0.225331 0)
(-0.00824715 -0.0901765 0)
(-0.00811422 0.100783 0)
(-0.0379209 0.241386 0)
(-0.0841967 0.321517 0)
(-0.130072 0.351727 0)
(-0.168037 0.345099 0)
(-0.196808 0.312969 0)
(-0.217344 0.263878 0)
(-0.23147 0.203706 0)
(-0.241126 0.136205 0)
(-0.247847 0.0636554 0)
(-0.252464 -0.0124903 0)
(-0.254907 -0.0909632 0)
(-0.254073 -0.169978 0)
(-0.247772 -0.246405 0)
(-0.232897 -0.314784 0)
(-0.206026 -0.36629 0)
(-0.16462 -0.38805 0)
(-0.109399 -0.363572 0)
(-0.0503162 -0.275691 0)
(-0.010925 -0.114232 0)
(-0.0109692 0.12334 0)
(-0.0462632 0.285059 0)
(-0.0947641 0.367952 0)
(-0.136465 0.391181 0)
(-0.164944 0.374407 0)
(-0.181469 0.332716 0)
(-0.189313 0.276297 0)
(-0.192046 0.211395 0)
(-0.192823 0.141418 0)
(-0.194 0.0679278 0)
(-0.196955 -0.00855944 0)
(-0.201967 -0.0878821 0)
(-0.208043 -0.169505 0)
(-0.212709 -0.251592 0)
(-0.211891 -0.329711 0)
(-0.200171 -0.395137 0)
(-0.171734 -0.433008 0)
(-0.12315 -0.42128 0)
(-0.0618428 -0.332721 0)
(-0.0149365 -0.144455 0)
(-0.0158207 0.152321 0)
(-0.058248 0.333491 0)
(-0.105813 0.411591 0)
(-0.13657 0.420779 0)
(-0.14777 0.389601 0)
(-0.144948 0.337008 0)
(-0.134373 0.274199 0)
(-0.121425 0.207047 0)
(-0.110268 0.138063 0)
(-0.103824 0.0677465 0)
(-0.103867 -0.00451249 0)
(-0.111044 -0.0798067 0)
(-0.12473 -0.15909 0)
(-0.142656 -0.242317 0)
(-0.160408 -0.327023 0)
(-0.171017 -0.405987 0)
(-0.165077 -0.463893 0)
(-0.133078 -0.473636 0)
(-0.0759684 -0.394992 0)
(-0.0210411 -0.183071 0)
(-0.0238062 0.191527 0)
(-0.0744259 0.385331 0)
(-0.113128 0.445527 0)
(-0.121186 0.431504 0)
(-0.104285 0.382152 0)
(-0.074003 0.31898 0)
(-0.0396301 0.252568 0)
(-0.00772342 0.187207 0)
(0.0173025 0.123819 0)
(0.0325966 0.0615816 0)
(0.0364 -0.00123979 0)
(0.0278121 -0.066868 0)
(0.00685687 -0.137662 0)
(-0.0250811 -0.215568 0)
(-0.0643869 -0.300893 0)
(-0.103949 -0.389727 0)
(-0.131749 -0.469138 0)
(-0.131179 -0.509859 0)
(-0.0910671 -0.457952 0)
(-0.0298498 -0.233246 0)
(-0.0349951 0.247602 0)
(-0.0908081 0.434533 0)
(-0.102595 0.455591 0)
(-0.0693018 0.409169 0)
(-0.0117438 0.341395 0)
(0.0525457 0.271895 0)
(0.113071 0.207735 0)
(0.16393 0.150129 0)
(0.201913 0.0978701 0)
(0.225253 0.0488373 0)
(0.232831 0.000506401 0)
(0.223779 -0.0499654 0)
(0.197416 -0.105784 0)
(0.15358 -0.170466 0)
(0.0936041 -0.247263 0)
(0.0222426 -0.337117 0)
(-0.049189 -0.433442 0)
(-0.0992593 -0.511693 0)
(-0.0991322 -0.510392 0)
(-0.0398102 -0.299784 0)
(-0.0417569 0.327461 0)
(-0.0865254 0.460993 0)
(-0.0352362 0.414861 0)
(0.0632775 0.334258 0)
(0.169335 0.257259 0)
(0.26609 0.192585 0)
(0.347074 0.140409 0)
(0.410162 0.0980721 0)
(0.455161 0.0624776 0)
(0.482402 0.0308157 0)
(0.491981 0.000523891 0)
(0.483409 -0.0309832 0)
(0.455453 -0.0667195 0)
(0.406179 -0.110534 0)
(0.333508 -0.167441 0)
(0.236877 -0.243118 0)
(0.12064 -0.340665 0)
(0.00147594 -0.451125 0)
(-0.0743949 -0.525078 0)
(-0.0394061 -0.383091 0)
(0.00861067 0.389742 0)
(0.0221807 0.407989 0)
(0.185548 0.293139 0)
(0.358878 0.201218 0)
(0.498349 0.137842 0)
(0.605635 0.0943919 0)
(0.686266 0.0642766 0)
(0.744573 0.0426271 0)
(0.784061 0.0260524 0)
(0.807174 0.0122575 0)
(0.815166 -0.000445209 0)
(0.808067 -0.0135649 0)
(0.784571 -0.0288664 0)
(0.741761 -0.0489075 0)
(0.674772 -0.0778791 0)
(0.576721 -0.122723 0)
(0.438324 -0.193953 0)
(0.252642 -0.303637 0)
(0.0640294 -0.440484 0)
(0.0288922 -0.425171 0)
(0.416998 0.203547 0)
(0.549498 0.178148 0)
(0.772807 0.107199 0)
(0.93672 0.0623153 0)
(1.03498 0.0368896 0)
(1.09688 0.0222231 0)
(1.13785 0.013554 0)
(1.1649 0.00818301 0)
(1.18192 0.00456874 0)
(1.19117 0.00184255 0)
(1.19374 -0.000523679 0)
(1.18984 -0.00294294 0)
(1.1788 -0.00587518 0)
(1.15881 -0.0100677 0)
(1.12611 -0.0169683 0)
(1.07352 -0.0295284 0)
(0.984725 -0.0536883 0)
(0.824558 -0.100492 0)
(0.587696 -0.17881 0)
(0.43504 -0.210117 0)
)
;

boundaryField
{
    movingWall
    {
        type            fixedValue;
        value           uniform (1.4 0 0);
    }
    fixedWalls
    {
        type            noSlip;
    }
    frontAndBack
    {
        type            empty;
    }
}


// ************************************************************************* //
