/*--------------------------------*- C++ -*----------------------------------*\
  =========                 |
  \\      /  F ield         | OpenFOAM: The Open Source CFD Toolbox
   \\    /   O peration     | Website:  https://openfoam.org
    \\  /    A nd           | Version:  8
     \\/     M anipulation  |
\*---------------------------------------------------------------------------*/
FoamFile
{
    version     2.0;
    format      ascii;
    class       volVectorField;
    location    "0.4";
    object      U;
}
// * * * * * * * * * * * * * * * * * * * * * * * * * * * * * * * * * * * * * //

dimensions      [0 1 -1 0 0 0 0];

internalField   nonuniform List<vector> 
400
(
(0.00105029 -0.00105161 0)
(0.000377845 0.000573851 0)
(-0.00554548 0.00248789 0)
(-0.0155493 0.00378153 0)
(-0.0279169 0.00442104 0)
(-0.0410809 0.00451408 0)
(-0.053701 0.0041638 0)
(-0.0646433 0.00344466 0)
(-0.0729432 0.00240886 0)
(-0.0777965 0.001109 0)
(-0.0786027 -0.000376745 0)
(-0.0750557 -0.00192655 0)
(-0.0672577 -0.00336915 0)
(-0.0558211 -0.00449512 0)
(-0.0419172 -0.00508534 0)
(-0.027232 -0.00495498 0)
(-0.0137961 -0.00400788 0)
(-0.0036761 -0.00229455 0)
(0.00148364 -0.000141 0)
(0.00133035 0.00128848 0)
(-0.000514565 -0.000478189 0)
(-0.00767644 0.00760803 0)
(-0.0259037 0.0159456 0)
(-0.0522042 0.0217164 0)
(-0.0831263 0.024566 0)
(-0.115429 0.0247348 0)
(-0.146092 0.0225749 0)
(-0.172434 0.0184198 0)
(-0.192161 0.0125809 0)
(-0.20342 0.00541455 0)
(-0.204913 -0.00259425 0)
(-0.196078 -0.010774 0)
(-0.177298 -0.0182604 0)
(-0.150062 -0.0240592 0)
(-0.117021 -0.0271833 0)
(-0.0818447 -0.026855 0)
(-0.048815 -0.0227516 0)
(-0.0221436 -0.0152537 0)
(-0.00526558 -0.00582656 0)
(0.000181145 0.00164597 0)
(-0.00261546 0.00552047 0)
(-0.0172539 0.0261338 0)
(-0.0478971 0.0450894 0)
(-0.0889816 0.0580807 0)
(-0.13556 0.0642911 0)
(-0.183323 0.0640425 0)
(-0.22818 0.0580137 0)
(-0.26644 0.0469668 0)
(-0.294939 0.0317151 0)
(-0.311136 0.0132339 0)
(-0.313281 -0.00719224 0)
(-0.300638 -0.0278701 0)
(-0.273739 -0.0467058 0)
(-0.234584 -0.0613586 0)
(-0.186703 -0.0695548 0)
(-0.135 -0.0695479 0)
(-0.085227 -0.0606688 0)
(-0.04313 -0.0438597 0)
(-0.0139172 -0.0222523 0)
(-0.0015742 -0.0026358 0)
(-0.00449241 0.0167038 0)
(-0.0262445 0.0553589 0)
(-0.0688496 0.0877905 0)
(-0.123775 0.109288 0)
(-0.18449 0.118974 0)
(-0.245811 0.117427 0)
(-0.302904 0.105756 0)
(-0.351416 0.0852579 0)
(-0.387613 0.0573762 0)
(-0.408479 0.0238664 0)
(-0.411892 -0.0129916 0)
(-0.396873 -0.0502498 0)
(-0.363882 -0.0843099 0)
(-0.315069 -0.111168 0)
(-0.254429 -0.126918 0)
(-0.187708 -0.128504 0)
(-0.121898 -0.114631 0)
(-0.064324 -0.0866254 0)
(-0.0223986 -0.0491671 0)
(-0.00314994 -0.0115395 0)
(-0.0061189 0.0324914 0)
(-0.0343967 0.0944297 0)
(-0.0882298 0.142865 0)
(-0.156109 0.173704 0)
(-0.229897 0.186626 0)
(-0.303627 0.182797 0)
(-0.371916 0.16394 0)
(-0.429975 0.131976 0)
(-0.473699 0.0890385 0)
(-0.49971 0.0377044 0)
(-0.505509 -0.0187051 0)
(-0.489735 -0.0759152 0)
(-0.452501 -0.128692 0)
(-0.395753 -0.171139 0)
(-0.323582 -0.197367 0)
(-0.242322 -0.202542 0)
(-0.160169 -0.184217 0)
(-0.0863061 -0.143619 0)
(-0.0309014 -0.0866151 0)
(-0.0045929 -0.0247719 0)
(-0.00755587 0.0523991 0)
(-0.0417849 0.142634 0)
(-0.106008 0.209575 0)
(-0.185906 0.250568 0)
(-0.2718 0.266483 0)
(-0.357037 0.259493 0)
(-0.435837 0.232162 0)
(-0.503161 0.187137 0)
(-0.554682 0.127244 0)
(-0.58674 0.0558332 0)
(-0.59643 -0.022808 0)
(-0.581842 -0.10313 0)
(-0.542445 -0.178227 0)
(-0.47959 -0.240117 0)
(-0.397054 -0.2805 0)
(-0.301461 -0.292105 0)
(-0.202174 -0.27052 0)
(-0.110549 -0.216095 0)
(-0.0401896 -0.135409 0)
(-0.00611264 -0.0424211 0)
(-0.0088503 0.0760297 0)
(-0.0484971 0.19922 0)
(-0.122211 0.287033 0)
(-0.213059 0.33895 0)
(-0.309946 0.357664 0)
(-0.405655 0.346811 0)
(-0.494186 0.310056 0)
(-0.570437 0.250865 0)
(-0.630031 0.17272 0)
(-0.669129 0.079604 0)
(-0.68442 -0.023423 0)
(-0.673307 -0.129723 0)
(-0.634324 -0.230811 0)
(-0.567786 -0.316492 0)
(-0.476633 -0.375606 0)
(-0.367305 -0.397603 0)
(-0.250099 -0.374946 0)
(-0.138772 -0.305934 0)
(-0.0511879 -0.197122 0)
(-0.00795076 -0.0650794 0)
(-0.0100316 0.103039 0)
(-0.05459 0.263407 0)
(-0.136815 0.374184 0)
(-0.237312 0.437637 0)
(-0.343699 0.458935 0)
(-0.448368 0.443666 0)
(-0.545319 0.396889 0)
(-0.62963 0.322981 0)
(-0.697106 0.226 0)
(-0.743912 0.110346 0)
(-0.766421 -0.0184609 0)
(-0.761304 -0.153038 0)
(-0.725924 -0.28359 0)
(-0.659094 -0.397745 0)
(-0.562253 -0.481103 0)
(-0.440891 -0.518871 0)
(-0.305648 -0.498862 0)
(-0.172629 -0.415547 0)
(-0.0648719 -0.274148 0)
(-0.0103693 -0.0938813 0)
(-0.011129 0.133114 0)
(-0.0601312 0.334396 0)
(-0.149799 0.469791 0)
(-0.258305 0.545034 0)
(-0.372093 0.568496 0)
(-0.483385 0.548283 0)
(-0.586474 0.491173 0)
(-0.676945 0.40256 0)
(-0.751112 0.286978 0)
(-0.805449 0.148966 0)
(-0.836251 -0.00591583 0)
(-0.83957 -0.170057 0)
(-0.811499 -0.332852 0)
(-0.748947 -0.480075 0)
(-0.651066 -0.593938 0)
(-0.5213 -0.654487 0)
(-0.36948 -0.643003 0)
(-0.213452 -0.547537 0)
(-0.0822376 -0.369634 0)
(-0.0136689 -0.130522 0)
(-0.0122111 0.166002 0)
(-0.0653175 0.411399 0)
(-0.16132 0.572387 0)
(-0.275766 0.65899 0)
(-0.394013 0.68369 0)
(-0.508402 0.657788 0)
(-0.613915 0.590178 0)
(-0.70708 0.487392 0)
(-0.785163 0.354342 0)
(-0.845394 0.195401 0)
(-0.884412 0.0156637 0)
(-0.897991 -0.177703 0)
(-0.8811 -0.374076 0)
(-0.828525 -0.55809 0)
(-0.736368 -0.708898 0)
(-0.604627 -0.800793 0)
(-0.440474 -0.806482 0)
(-0.261948 -0.704019 0)
(-0.104301 -0.487243 0)
(-0.0182303 -0.177289 0)
(-0.0134546 0.201634 0)
(-0.0706755 0.493783 0)
(-0.171996 0.680282 0)
(-0.289802 0.776631 0)
(-0.408437 0.80068 0)
(-0.520809 0.767791 0)
(-0.623135 0.689429 0)
(-0.713442 0.573419 0)
(-0.790511 0.424958 0)
(-0.8529 0.247958 0)
(-0.898201 0.0465234 0)
(-0.922512 -0.173412 0)
(-0.920166 -0.402261 0)
(-0.883978 -0.62475 0)
(-0.80649 -0.818016 0)
(-0.682756 -0.950771 0)
(-0.514726 -0.985403 0)
(-0.317704 -0.885503 0)
(-0.132086 -0.630729 0)
(-0.0245811 -0.23714 0)
(-0.0152633 0.240407 0)
(-0.0773639 0.581356 0)
(-0.183264 0.791592 0)
(-0.301167 0.894143 0)
(-0.414602 0.914086 0)
(-0.517784 0.871938 0)
(-0.608955 0.782231 0)
(-0.68834 0.654217 0)
(-0.756866 0.493298 0)
(-0.815067 0.30266 0)
(-0.86221 0.0849484 0)
(-0.89555 -0.155927 0)
(-0.909664 -0.412645 0)
(-0.896093 -0.671737 0)
(-0.8439 -0.910307 0)
(-0.742017 -1.09295 0)
(-0.584175 -1.17111 0)
(-0.378362 -1.08918 0)
(-0.166534 -0.803151 0)
(-0.033496 -0.313839 0)
(-0.0184771 0.283732 0)
(-0.0876087 0.674802 0)
(-0.197711 0.904203 0)
(-0.311293 1.00639 0)
(-0.411721 1.01648 0)
(-0.495866 0.961433 0)
(-0.565133 0.859268 0)
(-0.622777 0.720663 0)
(-0.672511 0.551082 0)
(-0.717421 0.352774 0)
(-0.759138 0.12659 0)
(-0.796988 -0.126215 0)
(-0.826983 -0.401767 0)
(-0.840736 -0.690415 0)
(-0.824858 -0.972147 0)
(-0.761966 -1.21069 0)
(-0.634871 -1.34822 0)
(-0.438239 -1.30646 0)
(-0.208195 -1.00546 0)
(-0.0461244 -0.412171 0)
(-0.0247339 0.335014 0)
(-0.105262 0.776149 0)
(-0.21907 1.01532 0)
(-0.321422 1.10605 0)
(-0.397483 1.09754 0)
(-0.449173 1.02447 0)
(-0.482661 0.90834 0)
(-0.505131 0.760913 0)
(-0.52355 0.587373 0)
(-0.543872 0.38883 0)
(-0.570473 0.164198 0)
(-0.605462 -0.0882003 0)
(-0.647532 -0.368739 0)
(-0.690236 -0.673439 0)
(-0.719962 -0.988665 0)
(-0.714579 -1.28245 0)
(-0.644906 -1.49296 0)
(-0.486064 -1.51963 0)
(-0.256309 -1.23384 0)
(-0.0640462 -0.538031 0)
(-0.0369938 0.401226 0)
(-0.136181 0.888774 0)
(-0.25082 1.11994 0)
(-0.329305 1.18176 0)
(-0.363605 1.1427 0)
(-0.364678 1.04559 0)
(-0.345392 0.914445 0)
(-0.317521 0.761015 0)
(-0.291283 0.589493 0)
(-0.275217 0.399555 0)
(-0.27621 0.188248 0)
(-0.299265 -0.0488133 0)
(-0.346571 -0.316281 0)
(-0.415572 -0.616851 0)
(-0.495723 -0.946436 0)
(-0.564135 -1.28389 0)
(-0.582007 -1.57286 0)
(-0.501166 -1.69824 0)
(-0.306176 -1.47519 0)
(-0.0887692 -0.697906 0)
(-0.0597712 0.495496 0)
(-0.186788 1.01557 0)
(-0.290179 1.20665 0)
(-0.31962 1.21453 0)
(-0.28507 1.13118 0)
(-0.211957 1.0054 0)
(-0.121168 0.860737 0)
(-0.0286549 0.706739 0)
(0.0531977 0.545312 0)
(0.114539 0.374274 0)
(0.147156 0.189062 0)
(0.143992 -0.0166346 0)
(0.0995224 -0.250719 0)
(0.0111931 -0.521946 0)
(-0.117061 -0.83716 0)
(-0.267925 -1.19203 0)
(-0.400657 -1.54882 0)
(-0.447024 -1.79624 0)
(-0.342526 -1.70086 0)
(-0.119042 -0.89821 0)
(-0.096747 0.642353 0)
(-0.254883 1.15094 0)
(-0.30815 1.24561 0)
(-0.239673 1.16933 0)
(-0.097469 1.0325 0)
(0.0754399 0.880673 0)
(0.252439 0.73091 0)
(0.41658 0.587074 0)
(0.556352 0.447213 0)
(0.663215 0.306942 0)
(0.729846 0.160591 0)
(0.748987 0.00119614 0)
(0.713216 -0.180207 0)
(0.615207 -0.395801 0)
(0.450064 -0.661258 0)
(0.222461 -0.991247 0)
(-0.0386094 -1.37986 0)
(-0.261343 -1.75006 0)
(-0.326189 -1.85703 0)
(-0.142161 -1.14448 0)
(-0.134543 0.877253 0)
(-0.292598 1.25279 0)
(-0.192741 1.16284 0)
(0.053783 0.984093 0)
(0.342272 0.806672 0)
(0.625543 0.650185 0)
(0.883206 0.516689 0)
(1.1051 0.401617 0)
(1.28581 0.298667 0)
(1.42174 0.201756 0)
(1.50912 0.105159 0)
(1.54293 0.0028773 0)
(1.51609 -0.112461 0)
(1.41862 -0.252036 0)
(1.23776 -0.433771 0)
(0.96133 -0.685173 0)
(0.589376 -1.03684 0)
(0.160905 -1.48112 0)
(-0.168359 -1.83871 0)
(-0.108242 -1.40766 0)
(-0.0298323 1.12128 0)
(-0.041687 1.16633 0)
(0.392832 0.856114 0)
(0.879838 0.621127 0)
(1.29553 0.457466 0)
(1.63853 0.339311 0)
(1.9186 0.252271 0)
(2.14223 0.1858 0)
(2.31454 0.131882 0)
(2.43901 0.0848033 0)
(2.51678 0.0403657 0)
(2.54643 -0.00502792 0)
(2.52338 -0.0554443 0)
(2.4386 -0.11709 0)
(2.2766 -0.201634 0)
(2.01233 -0.333116 0)
(1.60763 -0.558643 0)
(1.01704 -0.943552 0)
(0.357766 -1.45557 0)
(0.169655 -1.45258 0)
(1.25795 0.617781 0)
(1.61419 0.546825 0)
(2.258 0.344933 0)
(2.76066 0.215309 0)
(3.08434 0.13843 0)
(3.30367 0.0907156 0)
(3.46114 0.0602526 0)
(3.57522 0.0400493 0)
(3.65597 0.025663 0)
(3.70939 0.0143751 0)
(3.73847 0.00451743 0)
(3.7439 -0.00504625 0)
(3.72424 -0.0154473 0)
(3.67534 -0.0282141 0)
(3.58823 -0.0464672 0)
(3.44371 -0.077802 0)
(3.1968 -0.141698 0)
(2.7296 -0.2819 0)
(1.96989 -0.545946 0)
(1.4322 -0.674821 0)
)
;

boundaryField
{
    movingWall
    {
        type            fixedValue;
        value           uniform (4.4 0 0);
    }
    fixedWalls
    {
        type            noSlip;
    }
    frontAndBack
    {
        type            empty;
    }
}


// ************************************************************************* //
