/*--------------------------------*- C++ -*----------------------------------*\
  =========                 |
  \\      /  F ield         | OpenFOAM: The Open Source CFD Toolbox
   \\    /   O peration     | Website:  https://openfoam.org
    \\  /    A nd           | Version:  8
     \\/     M anipulation  |
\*---------------------------------------------------------------------------*/
FoamFile
{
    version     2.0;
    format      ascii;
    class       volScalarField;
    location    "0.1";
    object      p;
}
// * * * * * * * * * * * * * * * * * * * * * * * * * * * * * * * * * * * * * //

dimensions      [0 2 -2 0 0 0 0];

internalField   nonuniform List<scalar> 
400
(
-1.3188e-07
-0.0240971
-0.0525291
-0.0736784
-0.0814551
-0.0732957
-0.0488722
-0.00931636
0.0431141
0.105065
0.172046
0.238529
0.298311
0.345223
0.374158
0.38228
0.370228
0.343039
0.310516
0.286683
0.0239954
-0.000879574
-0.023024
-0.0373088
-0.041281
-0.0332054
-0.0126756
0.0196069
0.0620354
0.112075
0.166226
0.220118
0.268818
0.30743
0.331937
0.340159
0.332662
0.313142
0.287419
0.263198
0.0542778
0.0199364
-0.00376135
-0.0165729
-0.019719
-0.012523
0.00517252
0.0328174
0.069248
0.11254
0.159872
0.207531
0.251147
0.286219
0.308878
0.316785
0.310021
0.291192
0.262904
0.228949
0.0796158
0.0326003
0.00351137
-0.0109195
-0.0151039
-0.0093308
0.00624479
0.0311219
0.0644736
0.104851
0.149893
0.196208
0.239504
0.275062
0.298489
0.306689
0.298939
0.276939
0.240948
0.19279
0.0918982
0.0320719
-0.00331218
-0.0203662
-0.0262746
-0.0221111
-0.00825147
0.0149041
0.0468881
0.0867147
0.132423
0.180806
0.227417
0.266965
0.294084
0.30444
0.296152
0.269967
0.2242
0.159729
0.0847586
0.0127613
-0.0289399
-0.0489086
-0.056763
-0.0541906
-0.0416562
-0.0193502
0.0127055
0.0540524
0.103164
0.156995
0.210824
0.258525
0.29332
0.309082
0.302243
0.272292
0.2156
0.132688
0.052772
-0.0305577
-0.0782194
-0.101015
-0.110782
-0.109701
-0.0981958
-0.07611
-0.0428781
0.00172144
0.0567502
0.119445
0.184825
0.245755
0.293616
0.319789
0.318219
0.286438
0.218294
0.11413
-0.00905165
-0.102828
-0.155854
-0.181104
-0.192563
-0.192856
-0.182272
-0.160161
-0.125174
-0.0761559
-0.0131562
0.0616487
0.143235
0.223453
0.291455
0.335305
0.345289
0.315714
0.23653
0.10756
-0.105502
-0.2089
-0.266492
-0.293502
-0.306172
-0.307644
-0.298036
-0.27607
-0.239375
-0.185517
-0.113198
-0.0234874
0.0790362
0.185472
0.282542
0.354102
0.385226
0.364952
0.27681
0.119004
-0.24127
-0.353645
-0.414657
-0.442107
-0.454921
-0.457009
-0.448374
-0.427005
-0.389252
-0.330978
-0.24895
-0.142384
-0.0145994
0.125434
0.262195
0.374615
0.4407
0.441261
0.34924
0.15879
-0.421167
-0.542205
-0.604697
-0.629924
-0.640523
-0.641684
-0.633459
-0.613032
-0.57521
-0.513699
-0.422654
-0.298516
-0.142197
0.0384771
0.226607
0.396052
0.515971
0.555075
0.469352
0.244071
-0.650879
-0.780634
-0.840859
-0.858514
-0.862039
-0.858758
-0.849008
-0.829085
-0.791964
-0.728724
-0.630234
-0.489171
-0.302661
-0.0756364
0.175415
0.420287
0.61829
0.721703
0.660659
0.402706
-0.939012
-1.07733
-1.12756
-1.1273
-1.11462
-1.10012
-1.08454
-1.06304
-1.02637
-0.962479
-0.858337
-0.70197
-0.485339
-0.208389
0.115585
0.455047
0.76036
0.963714
0.958424
0.679735
-1.3021
-1.44581
-1.46972
-1.43258
-1.38807
-1.351
-1.32207
-1.2946
-1.25637
-1.19161
-1.08284
-0.912791
-0.667175
-0.338912
0.0653705
0.517612
0.963417
1.31409
1.41534
1.14879
-1.77603
-1.90956
-1.87246
-1.76542
-1.66483
-1.58869
-1.53573
-1.49569
-1.45211
-1.38455
-1.27061
-1.08738
-0.813712
-0.43399
0.0553475
0.636329
1.25859
1.81815
2.10806
1.93024
-2.43954
-2.5089
-2.33891
-2.10834
-1.91789
-1.78214
-1.69298
-1.63326
-1.58012
-1.50696
-1.38607
-1.18873
-0.886724
-0.455094
0.122905
0.846897
1.68404
2.53067
3.13869
3.21002
-3.46254
-3.30837
-2.86763
-2.43504
-2.11266
-1.89575
-1.76048
-1.67697
-1.61221
-1.53241
-1.40368
-1.19156
-0.860632
-0.375927
0.29542
1.17863
2.27466
3.50684
4.63388
5.26902
-5.26852
-4.39395
-3.42254
-2.69164
-2.1979
-1.88721
-1.70709
-1.60582
-1.53609
-1.45556
-1.32449
-1.10326
-0.749977
-0.218492
0.544154
1.59918
3.00254
4.75379
6.76919
8.68628
-9.05911
-5.7938
-3.72077
-2.629
-1.99842
-1.64085
-1.46197
-1.3826
-1.34034
-1.28668
-1.17939
-0.976797
-0.63436
-0.0975008
0.706176
1.88253
3.57992
6.00351
9.6604
14.78
-16.2573
-7.13649
-3.16432
-1.85185
-1.29069
-1.03664
-0.96645
-0.987268
-1.03194
-1.05419
-1.01605
-0.880431
-0.605693
-0.14046
0.589655
1.71398
3.49014
6.50839
12.523
23.7009
)
;

boundaryField
{
    movingWall
    {
        type            zeroGradient;
    }
    fixedWalls
    {
        type            zeroGradient;
    }
    frontAndBack
    {
        type            empty;
    }
}


// ************************************************************************* //
