/*--------------------------------*- C++ -*----------------------------------*\
  =========                 |
  \\      /  F ield         | OpenFOAM: The Open Source CFD Toolbox
   \\    /   O peration     | Website:  https://openfoam.org
    \\  /    A nd           | Version:  8
     \\/     M anipulation  |
\*---------------------------------------------------------------------------*/
FoamFile
{
    version     2.0;
    format      ascii;
    class       volVectorField;
    location    "0.1";
    object      U;
}
// * * * * * * * * * * * * * * * * * * * * * * * * * * * * * * * * * * * * * //

dimensions      [0 1 -1 0 0 0 0];

internalField   nonuniform List<vector> 
400
(
(0.000984491 -0.000980935 0)
(0.000350457 0.000553209 0)
(-0.00522133 0.00235576 0)
(-0.0146273 0.00356835 0)
(-0.0262517 0.00416391 0)
(-0.0386169 0.00424477 0)
(-0.0504612 0.00390796 0)
(-0.0607179 0.00322506 0)
(-0.0684856 0.00224759 0)
(-0.0730187 0.00102709 0)
(-0.0737659 -0.000362284 0)
(-0.0704503 -0.00180765 0)
(-0.0631715 -0.00315187 0)
(-0.0524971 -0.00420317 0)
(-0.0395083 -0.00476015 0)
(-0.0257631 -0.00465056 0)
(-0.0131469 -0.00378044 0)
(-0.00359443 -0.00218798 0)
(0.00132744 -0.000165607 0)
(0.00123689 0.00119836 0)
(-0.000467096 -0.000449891 0)
(-0.00715623 0.00713939 0)
(-0.0242235 0.0149813 0)
(-0.0488824 0.0204013 0)
(-0.0778906 0.023071 0)
(-0.108194 0.0232156 0)
(-0.136951 0.0211686 0)
(-0.161642 0.0172508 0)
(-0.180124 0.0117645 0)
(-0.190674 0.005052 0)
(-0.192093 -0.00243065 0)
(-0.183871 -0.0100614 0)
(-0.166365 -0.0170452 0)
(-0.140957 -0.0224686 0)
(-0.110096 -0.0254204 0)
(-0.0771813 -0.0251732 0)
(-0.0461947 -0.0214073 0)
(-0.0210777 -0.0144429 0)
(-0.00509266 -0.00560666 0)
(0.000133539 0.00148018 0)
(-0.00241926 0.00512667 0)
(-0.0160717 0.024448 0)
(-0.0447268 0.0422684 0)
(-0.0832085 0.0544838 0)
(-0.126877 0.0603208 0)
(-0.171672 0.0600765 0)
(-0.213743 0.0543949 0)
(-0.24962 0.0440088 0)
(-0.276344 0.0297022 0)
(-0.291549 0.0124046 0)
(-0.293611 -0.00667955 0)
(-0.281857 -0.0259806 0)
(-0.256784 -0.0435681 0)
(-0.220244 -0.0572854 0)
(-0.175511 -0.0650289 0)
(-0.127131 -0.0651632 0)
(-0.0804562 -0.0570242 0)
(-0.0408588 -0.0414189 0)
(-0.0132671 -0.0211879 0)
(-0.00153129 -0.00263693 0)
(-0.00417151 0.0155357 0)
(-0.0244729 0.0517444 0)
(-0.0643317 0.0822318 0)
(-0.115799 0.102469 0)
(-0.17275 0.111599 0)
(-0.230297 0.11015 0)
(-0.28388 0.099178 0)
(-0.329405 0.079926 0)
(-0.363371 0.053783 0)
(-0.382964 0.0224177 0)
(-0.386213 -0.0120326 0)
(-0.372219 -0.0468316 0)
(-0.341414 -0.0786556 0)
(-0.295803 -0.103808 0)
(-0.239096 -0.118672 0)
(-0.176635 -0.120388 0)
(-0.114924 -0.107687 0)
(-0.0608046 -0.0816954 0)
(-0.0212645 -0.0466451 0)
(-0.00302188 -0.011119 0)
(-0.00569813 0.0302533 0)
(-0.0321415 0.0882791 0)
(-0.0825948 0.133829 0)
(-0.146307 0.162894 0)
(-0.215631 0.175104 0)
(-0.284925 0.171531 0)
(-0.3491 0.153807 0)
(-0.403639 0.123782 0)
(-0.444686 0.0835033 0)
(-0.469084 0.035423 0)
(-0.474511 -0.017342 0)
(-0.459716 -0.0708162 0)
(-0.424826 -0.120155 0)
(-0.371671 -0.159908 0)
(-0.304073 -0.184616 0)
(-0.227931 -0.189766 0)
(-0.150877 -0.173005 0)
(-0.0814746 -0.135328 0)
(-0.0292758 -0.0820084 0)
(-0.0043872 -0.0236857 0)
(-0.00706121 0.0488611 0)
(-0.0391704 0.133467 0)
(-0.0995429 0.196474 0)
(-0.174746 0.235153 0)
(-0.25565 0.250216 0)
(-0.335938 0.243671 0)
(-0.410126 0.217951 0)
(-0.473446 0.175604 0)
(-0.521822 0.119352 0)
(-0.551832 0.0523868 0)
(-0.560776 -0.021256 0)
(-0.546905 -0.0964012 0)
(-0.509769 -0.166643 0)
(-0.450674 -0.224589 0)
(-0.373182 -0.26255 0)
(-0.283488 -0.273755 0)
(-0.190317 -0.254018 0)
(-0.104246 -0.203489 0)
(-0.0380158 -0.128033 0)
(-0.00582377 -0.0404167 0)
(-0.00831089 0.0710334 0)
(-0.0456668 0.186708 0)
(-0.115249 0.269462 0)
(-0.201085 0.318503 0)
(-0.292651 0.33622 0)
(-0.383064 0.325995 0)
(-0.466603 0.291316 0)
(-0.53842 0.235525 0)
(-0.594382 0.161988 0)
(-0.630896 0.0745176 0)
(-0.644889 -0.0221029 0)
(-0.633988 -0.121662 0)
(-0.596902 -0.216266 0)
(-0.53401 -0.29646 0)
(-0.448141 -0.351903 0)
(-0.34536 -0.372795 0)
(-0.235285 -0.352065 0)
(-0.130718 -0.287938 0)
(-0.048343 -0.186182 0)
(-0.00755572 -0.0618623 0)
(-0.00947962 0.0965071 0)
(-0.051702 0.247395 0)
(-0.129723 0.351954 0)
(-0.225123 0.411947 0)
(-0.326081 0.432075 0)
(-0.425299 0.417573 0)
(-0.517023 0.373266 0)
(-0.596558 0.303392 0)
(-0.659931 0.211893 0)
(-0.703549 0.103011 0)
(-0.724053 -0.0180055 0)
(-0.718404 -0.144216 0)
(-0.684245 -0.266477 0)
(-0.620603 -0.373292 0)
(-0.528962 -0.45131 0)
(-0.414564 -0.486819 0)
(-0.287388 -0.468465 0)
(-0.162431 -0.390931 0)
(-0.0611616 -0.258681 0)
(-0.00982533 -0.089076 0)
(-0.0105983 0.125058 0)
(-0.0573483 0.314914 0)
(-0.142954 0.442939 0)
(-0.246521 0.514125 0)
(-0.355015 0.536203 0)
(-0.460925 0.516814 0)
(-0.558745 0.462453 0)
(-0.644245 0.378358 0)
(-0.713924 0.268965 0)
(-0.764481 0.138691 0)
(-0.792489 -0.00713625 0)
(-0.79434 -0.161316 0)
(-0.766514 -0.31391 0)
(-0.706296 -0.45166 0)
(-0.613096 -0.558057 0)
(-0.490325 -0.614618 0)
(-0.347286 -0.603981 0)
(-0.200641 -0.514923 0)
(-0.0773978 -0.348458 0)
(-0.0129108 -0.123631 0)
(-0.0117329 0.15652 0)
(-0.0627889 0.388658 0)
(-0.155071 0.54118 0)
(-0.264974 0.623134 0)
(-0.378313 0.646191 0)
(-0.487644 0.621078 0)
(-0.588096 0.556348 0)
(-0.676321 0.458372 0)
(-0.749724 0.331991 0)
(-0.805716 0.181508 0)
(-0.841196 0.0118656 0)
(-0.852294 -0.170105 0)
(-0.834439 -0.354391 0)
(-0.782947 -0.526625 0)
(-0.69442 -0.667412 0)
(-0.569135 -0.752925 0)
(-0.414031 -0.757904 0)
(-0.246045 -0.661944 0)
(-0.0980032 -0.458935 0)
(-0.0171653 -0.167652 0)
(-0.0130494 0.190898 0)
(-0.0685054 0.468147 0)
(-0.166602 0.645189 0)
(-0.280466 0.736338 0)
(-0.394828 0.758464 0)
(-0.502745 0.726244 0)
(-0.600519 0.650749 0)
(-0.686237 0.539635 0)
(-0.75875 0.398061 0)
(-0.816731 0.229933 0)
(-0.857974 0.0393042 0)
(-0.878895 -0.168107 0)
(-0.874298 -0.3832 0)
(-0.837625 -0.591622 0)
(-0.762149 -0.772027 0)
(-0.643584 -0.895348 0)
(-0.484127 -0.926767 0)
(-0.298339 -0.832581 0)
(-0.123949 -0.593643 0)
(-0.02308 -0.223893 0)
(-0.0149273 0.228626 0)
(-0.0755648 0.553281 0)
(-0.178807 0.753236 0)
(-0.293517 0.850136 0)
(-0.40353 0.867904 0)
(-0.503149 0.826265 0)
(-0.590626 0.739304 0)
(-0.666173 0.616093 0)
(-0.730709 0.462021 0)
(-0.784795 0.280336 0)
(-0.827796 0.0737301 0)
(-0.857184 -0.153953 0)
(-0.867924 -0.395691 0)
(-0.852182 -0.638744 0)
(-0.799897 -0.861617 0)
(-0.701043 -1.03128 0)
(-0.550243 -1.10269 0)
(-0.355463 -1.0244 0)
(-0.156154 -0.755521 0)
(-0.0313794 -0.295868 0)
(-0.0181602 0.271088 0)
(-0.0860326 0.644729 0)
(-0.193987 0.863266 0)
(-0.305174 0.959545 0)
(-0.40321 0.967324 0)
(-0.484967 0.912671 0)
(-0.55178 0.813097 0)
(-0.606811 0.679089 0)
(-0.653674 0.516113 0)
(-0.695377 0.326522 0)
(-0.73351 0.111299 0)
(-0.76745 -0.128225 0)
(-0.79342 -0.388256 0)
(-0.80351 -0.659564 0)
(-0.785195 -0.923217 0)
(-0.722399 -1.14516 0)
(-0.599527 -1.2715 0)
(-0.412317 -1.22966 0)
(-0.195228 -0.945628 0)
(-0.0431498 -0.38807 0)
(-0.0243011 0.321531 0)
(-0.103499 0.744333 0)
(-0.215444 0.972417 0)
(-0.316161 1.05732 0)
(-0.391005 1.04662 0)
(-0.441782 0.973992 0)
(-0.474481 0.860376 0)
(-0.496095 0.717327 0)
(-0.513396 0.550036 0)
(-0.532136 0.359725 0)
(-0.556497 0.145486 0)
(-0.588433 -0.0941762 0)
(-0.626591 -0.35951 0)
(-0.664714 -0.646601 0)
(-0.689821 -0.942368 0)
(-0.681103 -1.21651 0)
(-0.611533 -1.41097 0)
(-0.458614 -1.43209 0)
(-0.24064 -1.16071 0)
(-0.059911 -0.506095 0)
(-0.0361587 0.386563 0)
(-0.133419 0.855058 0)
(-0.246108 1.07549 0)
(-0.323668 1.13214 0)
(-0.358147 1.09147 0)
(-0.360179 0.995162 0)
(-0.342289 0.866647 0)
(-0.315926 0.717471 0)
(-0.290998 0.551821 0)
(-0.275715 0.369463 0)
(-0.276612 0.167627 0)
(-0.298338 -0.0578515 0)
(-0.342764 -0.311354 0)
(-0.407152 -0.595328 0)
(-0.481143 -0.905609 0)
(-0.542827 -1.22177 0)
(-0.555711 -1.49034 0)
(-0.475174 -1.60338 0)
(-0.288304 -1.38897 0)
(-0.083183 -0.65623 0)
(-0.0579938 0.47858 0)
(-0.181665 0.979156 0)
(-0.282703 1.16086 0)
(-0.312188 1.16516 0)
(-0.27978 1.08146 0)
(-0.210181 0.957292 0)
(-0.123682 0.815682 0)
(-0.0357242 0.665961 0)
(0.0417457 0.51003 0)
(0.099324 0.345799 0)
(0.129285 0.168846 0)
(0.125076 -0.0269447 0)
(0.0816864 -0.249154 0)
(-0.00292634 -0.506113 0)
(-0.124467 -0.804045 0)
(-0.265917 -1.13819 0)
(-0.388345 -1.472 0)
(-0.427549 -1.70009 0)
(-0.324298 -1.60402 0)
(-0.112022 -0.844899 0)
(-0.0931514 0.620732 0)
(-0.245599 1.11038 0)
(-0.296649 1.199 0)
(-0.230522 1.12212 0)
(-0.0937996 0.987006 0)
(0.0718884 0.838078 0)
(0.240827 0.691978 0)
(0.396741 0.552468 0)
(0.528683 0.417622 0)
(0.628623 0.283174 0)
(0.689757 0.143567 0)
(0.705414 -0.00801561 0)
(0.668721 -0.180331 0)
(0.573022 -0.385089 0)
(0.414205 -0.637084 0)
(0.197469 -0.949616 0)
(-0.0488223 -1.31578 0)
(-0.256022 -1.66133 0)
(-0.311928 -1.75546 0)
(-0.134849 -1.0781 0)
(-0.128293 0.846143 0)
(-0.278534 1.20727 0)
(-0.180348 1.1184 0)
(0.0579408 0.943461 0)
(0.335341 0.770132 0)
(0.606485 0.617693 0)
(0.851891 0.488157 0)
(1.06203 0.377045 0)
(1.23201 0.278195 0)
(1.35865 0.185667 0)
(1.43864 0.0938583 0)
(1.4674 -0.00312004 0)
(1.43833 -0.112575 0)
(1.34211 -0.245334 0)
(1.16681 -0.4186 0)
(0.90133 -0.658244 0)
(0.546659 -0.992061 0)
(0.141326 -1.41074 0)
(-0.166393 -1.7438 0)
(-0.104834 -1.3302 0)
(-0.0251029 1.07648 0)
(-0.0334717 1.12059 0)
(0.385784 0.821715 0)
(0.854108 0.594166 0)
(1.25234 0.43555 0)
(1.5794 0.32131 0)
(1.84503 0.237466 0)
(2.05584 0.173735 0)
(2.21712 0.12232 0)
(2.33252 0.0776784 0)
(2.40338 0.0357223 0)
(2.4285 -0.00707007 0)
(2.40357 -0.0547123 0)
(2.32003 -0.113297 0)
(2.16294 -0.194184 0)
(1.90839 -0.32043 0)
(1.52021 -0.53633 0)
(0.95646 -0.90219 0)
(0.330981 -1.38614 0)
(0.156518 -1.37955 0)
(1.20392 0.591059 0)
(1.54749 0.523026 0)
(2.16581 0.329115 0)
(2.64686 0.204598 0)
(2.95522 0.130857 0)
(3.1631 0.0852486 0)
(3.31149 0.056259 0)
(3.41828 0.0371281 0)
(3.49333 0.0235798 0)
(3.54249 0.0130078 0)
(3.56872 0.00381175 0)
(3.57272 -0.00510785 0)
(3.55311 -0.0148459 0)
(3.50591 -0.026919 0)
(3.42232 -0.0444042 0)
(3.28374 -0.0747186 0)
(3.04659 -0.136563 0)
(2.59816 -0.271253 0)
(1.8731 -0.522634 0)
(1.36296 -0.64359 0)
)
;

boundaryField
{
    movingWall
    {
        type            fixedValue;
        value           uniform (4.2 0 0);
    }
    fixedWalls
    {
        type            noSlip;
    }
    frontAndBack
    {
        type            empty;
    }
}


// ************************************************************************* //
