/*--------------------------------*- C++ -*----------------------------------*\
  =========                 |
  \\      /  F ield         | OpenFOAM: The Open Source CFD Toolbox
   \\    /   O peration     | Website:  https://openfoam.org
    \\  /    A nd           | Version:  8
     \\/     M anipulation  |
\*---------------------------------------------------------------------------*/
FoamFile
{
    version     2.0;
    format      ascii;
    class       volScalarField;
    location    "0.4";
    object      p;
}
// * * * * * * * * * * * * * * * * * * * * * * * * * * * * * * * * * * * * * //

dimensions      [0 2 -2 0 0 0 0];

internalField   nonuniform List<scalar> 
400
(
7.29873e-06
-0.00815144
-0.0180921
-0.0256558
-0.0284461
-0.0254083
-0.016459
-0.00219209
0.016325
0.0376795
0.0602066
0.0820834
0.101451
0.116577
0.126072
0.129147
0.125917
0.117706
0.107324
0.0991928
0.00810368
-0.000303983
-0.00807985
-0.0132553
-0.0147089
-0.0117095
-0.00415246
0.00754617
0.0225894
0.0398873
0.0581305
0.0758736
0.0916443
0.104085
0.112125
0.11518
0.113368
0.107635
0.0994771
0.0911547
0.0186261
0.00699744
-0.00138493
-0.00611461
-0.00727851
-0.00450856
0.00219758
0.0124517
0.0255826
0.0406836
0.0566533
0.0722576
0.0862197
0.0973401
0.104641
0.107531
0.105999
0.100625
0.0917504
0.0801849
0.028002
0.0119952
0.001627
-0.00373618
-0.00518975
-0.00269003
0.0036196
0.0132998
0.0257142
0.040041
0.0552798
0.0702872
0.0838439
0.0947575
0.101988
0.104803
0.10299
0.0968117
0.0856926
0.0695759
0.0338158
0.0132573
0.00053706
-0.00576377
-0.00760655
-0.00522633
0.00108882
0.0108255
0.0233447
0.0378637
0.0534291
0.0689238
0.0831119
0.0947227
0.102565
0.105681
0.103615
0.0963273
0.0824682
0.0614028
0.0342722
0.00918191
-0.00595409
-0.013199
-0.0152922
-0.0127157
-0.0058955
0.00457226
0.018027
0.0336982
0.0506452
0.0677352
0.0836617
0.097009
0.106355
0.110441
0.108498
0.100173
0.083386
0.0570798
0.0278257
-0.00178542
-0.0192578
-0.0272498
-0.0292609
-0.0260156
-0.0180784
-0.00613242
0.00913388
0.0269532
0.0463853
0.0662607
0.0851687
0.101496
0.113515
0.11957
0.118485
0.109515
0.0897787
0.0578318
0.0129117
-0.0212651
-0.0408801
-0.0492233
-0.0506182
-0.0460641
-0.0362792
-0.0220358
-0.00404371
0.0169457
0.0400054
0.0639375
0.0872203
0.10801
0.124202
0.133632
0.134575
0.125734
0.103213
0.0650816
-0.0122508
-0.0511094
-0.0725441
-0.0806051
-0.0806037
-0.0738939
-0.0613814
-0.0439312
-0.0222534
0.00295277
0.0308182
0.0601591
0.089372
0.116379
0.138644
0.153362
0.158065
0.15064
0.12577
0.0807924
-0.0498314
-0.093558
-0.116275
-0.123062
-0.120526
-0.11052
-0.0941932
-0.0725065
-0.0461319
-0.0156515
0.0182051
0.054356
0.0911942
0.126454
0.157143
0.179692
0.190638
0.186656
0.160349
0.10783
-0.102627
-0.151449
-0.174492
-0.178405
-0.171626
-0.156736
-0.135208
-0.108091
-0.0759554
-0.0391648
0.00181652
0.0461516
0.0923758
0.138158
0.180098
0.213774
0.23445
0.237044
0.211052
0.150451
-0.174507
-0.228567
-0.250138
-0.248507
-0.234854
-0.212812
-0.18426
-0.150299
-0.11129
-0.0672275
-0.0181323
0.0356099
0.0929072
0.151594
0.208045
0.257007
0.29223
0.30619
0.28375
0.215079
-0.27134
-0.330237
-0.346819
-0.335117
-0.310499
-0.278045
-0.240063
-0.197583
-0.150569
-0.0984325
-0.0405109
0.0235339
0.0933082
0.16719
0.241704
0.311029
0.367331
0.399921
0.38691
0.311681
-0.403029
-0.464348
-0.468882
-0.439431
-0.397579
-0.350134
-0.299641
-0.24675
-0.190694
-0.129991
-0.062994
0.01169
0.0947779
0.185728
0.28188
0.377507
0.46357
0.525754
0.532865
0.456443
-0.587875
-0.642943
-0.621065
-0.561054
-0.492748
-0.424275
-0.357688
-0.292561
-0.226826
-0.157663
-0.0820876
0.00270887
0.0990124
0.208037
0.32893
0.457365
0.584399
0.692627
0.739513
0.676904
-0.860625
-0.883994
-0.807278
-0.696296
-0.588887
-0.49228
-0.406212
-0.327801
-0.252743
-0.176302
-0.0937774
-0.000611664
0.107469
0.234166
0.381747
0.549446
0.731271
0.909497
1.0314
1.01972
-1.28735
-1.21207
-1.0284
-0.837009
-0.674821
-0.543012
-0.435557
-0.34467
-0.262417
-0.181475
-0.0951168
0.00319241
0.11997
0.262092
0.436518
0.649185
0.901784
1.18244
1.43916
1.5634
-2.02133
-1.65682
-1.269
-0.961344
-0.73051
-0.560613
-0.434546
-0.336022
-0.251837
-0.171618
-0.0866405
0.0113878
0.131168
0.283095
0.480381
0.739607
1.07693
1.49991
2.00129
2.47791
-3.47745
-2.23043
-1.43038
-0.98077
-0.694324
-0.50569
-0.379761
-0.289399
-0.216098
-0.147408
-0.0737828
0.0133504
0.123715
0.269897
0.470867
0.756148
1.1661
1.76591
2.74052
4.19041
-6.01166
-2.79006
-1.31737
-0.765042
-0.493957
-0.341787
-0.254522
-0.198878
-0.155402
-0.112929
-0.0637857
-0.00121031
0.082438
0.198045
0.364603
0.618338
1.02791
1.77056
3.46739
6.91546
)
;

boundaryField
{
    movingWall
    {
        type            zeroGradient;
    }
    fixedWalls
    {
        type            zeroGradient;
    }
    frontAndBack
    {
        type            empty;
    }
}


// ************************************************************************* //
