/*--------------------------------*- C++ -*----------------------------------*\
  =========                 |
  \\      /  F ield         | OpenFOAM: The Open Source CFD Toolbox
   \\    /   O peration     | Website:  https://openfoam.org
    \\  /    A nd           | Version:  8
     \\/     M anipulation  |
\*---------------------------------------------------------------------------*/
FoamFile
{
    version     2.0;
    format      ascii;
    class       surfaceScalarField;
    location    "0.4";
    object      phi;
}
// * * * * * * * * * * * * * * * * * * * * * * * * * * * * * * * * * * * * * //

dimensions      [0 3 -1 0 0 0 0];

internalField   nonuniform List<scalar> 
760
(
1.95915e-08
-1.96528e-08
-3.19255e-08
5.15169e-08
-1.60884e-07
1.28958e-07
-3.44052e-07
1.83168e-07
-5.53946e-07
2.09894e-07
-7.64791e-07
2.10845e-07
-9.54455e-07
1.89664e-07
-1.1051e-06
1.50642e-07
-1.20328e-06
9.81801e-08
-1.24006e-06
3.67807e-08
-1.21131e-06
-2.87461e-08
-1.11823e-06
-9.30816e-08
-9.67901e-07
-1.50329e-07
-7.73744e-07
-1.94157e-07
-5.55528e-07
-2.18217e-07
-3.38611e-07
-2.16918e-07
-1.51952e-07
-1.86659e-07
-2.44715e-08
-1.2748e-07
2.24471e-08
-4.69181e-08
2.24473e-08
-4.86874e-08
2.90347e-08
-2.54244e-07
2.57073e-07
-6.09379e-07
4.84093e-07
-1.07097e-06
6.44755e-07
-1.58413e-06
7.23058e-07
-2.09353e-06
7.20251e-07
-2.54925e-06
6.45382e-07
-2.90974e-06
5.11134e-07
-3.14334e-06
3.31776e-07
-3.22919e-06
1.22634e-07
-3.15823e-06
-9.97122e-08
-2.93416e-06
-3.17148e-07
-2.57444e-06
-5.10053e-07
-2.11061e-06
-6.5798e-07
-1.58763e-06
-7.41197e-07
-1.0612e-06
-7.43352e-07
-5.92447e-07
-6.55412e-07
-2.39135e-07
-4.80792e-07
-4.19845e-08
-2.44069e-07
-1.95367e-08
-1.30294e-07
1.59329e-07
-5.0216e-07
6.2894e-07
-1.07265e-06
1.05459e-06
-1.7766e-06
1.3487e-06
-2.53896e-06
1.48541e-06
-3.28496e-06
1.46625e-06
-3.94682e-06
1.30724e-06
-4.46771e-06
1.03203e-06
-4.80416e-06
6.6822e-07
-4.92755e-06
2.46029e-07
-4.82557e-06
-2.01696e-07
-4.50347e-06
-6.39251e-07
-3.98518e-06
-1.02834e-06
-3.31367e-06
-1.32949e-06
-2.54975e-06
-1.50511e-06
-1.76858e-06
-1.52453e-06
-1.05284e-06
-1.37114e-06
-4.82431e-07
-1.05121e-06
-1.20681e-07
-6.0582e-07
-1.40218e-07
-2.04772e-07
3.641e-07
-7.38229e-07
1.1624e-06
-1.51609e-06
1.83245e-06
-2.44574e-06
2.27835e-06
-3.43198e-06
2.47166e-06
-4.38424e-06
2.41851e-06
-5.22199e-06
2.14498e-06
-5.8783e-06
1.68834e-06
-6.30207e-06
1.092e-06
-6.4596e-06
4.03554e-07
-6.33597e-06
-3.25323e-07
-5.9366e-06
-1.03862e-06
-5.28857e-06
-1.67637e-06
-4.44136e-06
-2.1767e-06
-3.46614e-06
-2.48034e-06
-2.4525e-06
-2.53816e-06
-1.50197e-06
-2.32168e-06
-7.17899e-07
-1.83527e-06
-1.93185e-07
-1.13053e-06
-3.33402e-07
-2.72574e-07
6.36674e-07
-9.60802e-07
1.85062e-06
-1.93922e-06
2.81086e-06
-3.08493e-06
3.42406e-06
-4.28154e-06
3.66827e-06
-5.42388e-06
3.56085e-06
-6.42147e-06
3.14258e-06
-7.20056e-06
2.46743e-06
-7.70526e-06
1.59669e-06
-7.89839e-06
5.96688e-07
-7.7626e-06
-4.61111e-07
-7.30189e-06
-1.49933e-06
-6.5435e-06
-2.43476e-06
-5.53962e-06
-3.18058e-06
-4.368e-06
-3.65196e-06
-3.13029e-06
-3.77587e-06
-1.94691e-06
-3.50506e-06
-9.47942e-07
-2.83424e-06
-2.61083e-07
-1.81739e-06
-5.94485e-07
-3.3696e-07
9.73634e-07
-1.17574e-06
2.68941e-06
-2.35022e-06
3.98534e-06
-3.70561e-06
4.77946e-06
-5.10354e-06
5.0662e-06
-6.4251e-06
4.88241e-06
-7.57198e-06
4.28945e-06
-8.46623e-06
3.36169e-06
-9.04951e-06
2.17997e-06
-9.28253e-06
8.29703e-07
-9.14537e-06
-5.98273e-07
-8.63896e-06
-2.00574e-06
-7.7877e-06
-3.28603e-06
-6.64271e-06
-4.32557e-06
-5.28484e-06
-5.00983e-06
-3.82577e-06
-5.23494e-06
-2.40539e-06
-4.92544e-06
-1.18406e-06
-4.05557e-06
-3.29535e-07
-2.67192e-06
-9.2402e-07
-4.01172e-07
1.37481e-06
-1.38999e-06
3.67822e-06
-2.75812e-06
5.35346e-06
-4.31724e-06
6.33859e-06
-5.9067e-06
6.65565e-06
-7.39523e-06
6.37095e-06
-8.67938e-06
5.5736e-06
-9.6801e-06
4.36241e-06
-1.03393e-05
2.83916e-06
-1.06172e-05
1.10758e-06
-1.04913e-05
-7.24093e-07
-9.95799e-06
-2.53909e-06
-9.03528e-06
-4.20874e-06
-7.76879e-06
-5.59207e-06
-6.23784e-06
-6.54078e-06
-4.56086e-06
-6.91193e-06
-2.8968e-06
-6.58949e-06
-1.43971e-06
-5.51265e-06
-4.04113e-07
-3.70751e-06
-1.32813e-06
-4.68098e-07
1.8429e-06
-1.60986e-06
4.81999e-06
-3.16999e-06
6.91359e-06
-4.92401e-06
8.09261e-06
-6.68924e-06
8.42088e-06
-8.3248e-06
8.00651e-06
-9.72615e-06
6.97495e-06
-1.08176e-05
5.45386e-06
-1.15452e-05
3.56672e-06
-1.18711e-05
1.43351e-06
-1.17712e-05
-8.2401e-07
-1.12353e-05
-3.07501e-06
-1.02714e-05
-5.17256e-06
-8.91392e-06
-6.94958e-06
-7.23373e-06
-8.22097e-06
-5.35e-06
-8.79565e-06
-3.43796e-06
-8.50154e-06
-1.72798e-06
-7.22263e-06
-4.90301e-07
-4.9452e-06
-1.81843e-06
-5.40553e-07
2.38346e-06
-1.84111e-06
6.12055e-06
-3.59025e-06
8.66272e-06
-5.52325e-06
1.00256e-05
-7.4366e-06
1.03342e-05
-9.18457e-06
9.75447e-06
-1.0668e-05
8.45835e-06
-1.1821e-05
6.60692e-06
-1.25995e-05
4.34516e-06
-1.29715e-05
1.80559e-06
-1.29129e-05
-8.82643e-07
-1.2406e-05
-3.5819e-06
-1.14447e-05
-6.13391e-06
-1.00443e-05
-8.34993e-06
-8.25788e-06
-1.00074e-05
-6.19506e-06
-1.08585e-05
-4.04027e-06
-1.06563e-05
-2.06074e-06
-9.20216e-06
-5.93615e-07
-6.41232e-06
-2.41205e-06
-6.22178e-07
3.00563e-06
-2.09025e-06
7.58862e-06
-4.02126e-06
1.05937e-05
-6.10458e-06
1.21089e-05
-8.11892e-06
1.23486e-05
-9.92169e-06
1.15573e-05
-1.14289e-05
9.96551e-06
-1.25939e-05
7.77194e-06
-1.339e-05
5.14128e-06
-1.37971e-05
2.21269e-06
-1.37938e-05
-8.85951e-07
-1.3355e-05
-4.02064e-06
-1.24564e-05
-7.03255e-06
-1.1086e-05
-9.72038e-06
-9.26536e-06
-1.1828e-05
-7.0791e-06
-1.30447e-05
-4.70695e-06
-1.30285e-05
-2.44849e-06
-1.14606e-05
-7.20255e-07
-8.14055e-06
-3.1323e-06
-7.19069e-07
3.7247e-06
-2.36693e-06
9.23648e-06
-4.4644e-06
1.26912e-05
-6.64836e-06
1.42929e-05
-8.68687e-06
1.43871e-05
-1.04538e-05
1.33242e-05
-1.18943e-05
1.1406e-05
-1.29936e-05
8.87122e-06
-1.37523e-05
5.89995e-06
-1.41691e-05
2.62957e-06
-1.42304e-05
-8.24644e-07
-1.39052e-05
-4.34583e-06
-1.31481e-05
-7.78972e-06
-1.1911e-05
-1.09575e-05
-1.01685e-05
-1.35705e-05
-7.95736e-06
-1.52559e-05
-5.42881e-06
-1.5557e-05
-2.9004e-06
-1.3989e-05
-8.78275e-07
-1.01627e-05
-4.01058e-06
-8.42463e-07
4.56717e-06
-2.68696e-06
1.1081e-05
-4.9197e-06
1.49239e-05
-7.12078e-06
1.6494e-05
-9.06317e-06
1.63295e-05
-1.06585e-05
1.49195e-05
-1.19008e-05
1.26483e-05
-1.28221e-05
9.79244e-06
-1.34612e-05
6.53907e-06
-1.38439e-05
3.01232e-06
-1.397e-05
-6.98537e-07
-1.38064e-05
-4.50945e-06
-1.32867e-05
-8.30939e-06
-1.23207e-05
-1.19235e-05
-1.08193e-05
-1.50719e-05
-8.74282e-06
-1.73324e-05
-6.17641e-06
-1.81234e-05
-3.42346e-06
-1.6742e-05
-1.07954e-06
-1.25066e-05
-5.09012e-06
-1.01313e-06
5.5803e-06
-3.07477e-06
1.31426e-05
-5.38058e-06
1.72298e-05
-7.46044e-06
1.85738e-05
-9.12442e-06
1.79935e-05
-1.0355e-05
1.61502e-05
-1.12199e-05
1.35132e-05
-1.18135e-05
1.03861e-05
-1.22228e-05
6.94837e-06
-1.25068e-05
3.29627e-06
-1.26844e-05
-5.20883e-07
-1.27266e-05
-4.46726e-06
-1.25512e-05
-8.48481e-06
-1.20255e-05
-1.24491e-05
-1.09851e-05
-1.61124e-05
-9.2827e-06
-1.90348e-05
-6.88456e-06
-2.05216e-05
-4.01878e-06
-1.96078e-05
-1.34277e-06
-1.51826e-05
-6.43288e-06
-1.26789e-06
6.84818e-06
-3.56117e-06
1.54359e-05
-5.81424e-06
1.94828e-05
-7.54558e-06
2.03052e-05
-8.66394e-06
1.91118e-05
-9.27012e-06
1.67564e-05
-9.53225e-06
1.37753e-05
-9.61883e-06
1.04727e-05
-9.6674e-06
6.99694e-06
-9.77109e-06
3.39996e-06
-9.97136e-06
-3.20611e-07
-1.02506e-05
-4.18804e-06
-1.05225e-05
-8.2129e-06
-1.06235e-05
-1.23481e-05
-1.03154e-05
-1.64205e-05
-9.31979e-06
-2.00304e-05
-7.42068e-06
-2.24207e-05
-4.66919e-06
-2.23593e-05
-1.69708e-06
-1.81547e-05
-8.12997e-06
-1.66554e-06
8.51372e-06
-4.16196e-06
1.79323e-05
-6.10597e-06
2.14268e-05
-7.1209e-06
2.13201e-05
-7.32076e-06
1.93117e-05
-6.98189e-06
1.64175e-05
-6.39116e-06
1.31846e-05
-5.7873e-06
9.8688e-06
-5.34698e-06
6.55662e-06
-5.1872e-06
3.24019e-06
-5.36854e-06
-1.39271e-07
-5.89186e-06
-3.66473e-06
-6.68545e-06
-7.41931e-06
-7.58291e-06
-1.14506e-05
-8.29925e-06
-1.57042e-05
-8.42929e-06
-1.99003e-05
-7.52011e-06
-2.33299e-05
-5.30119e-06
-2.45782e-05
-2.18001e-06
-2.12759e-05
-1.031e-05
-2.27326e-06
1.0787e-05
-4.79134e-06
2.04504e-05
-5.91674e-06
2.25522e-05
-5.6478e-06
2.10512e-05
-4.4564e-06
1.81203e-05
-2.83585e-06
1.47969e-05
-1.17655e-06
1.15253e-05
2.47484e-07
8.44476e-06
1.25549e-06
5.54861e-06
1.73272e-06
2.76296e-06
1.61265e-06
-1.91981e-08
8.7313e-07
-2.92521e-06
-4.5151e-07
-6.09467e-06
-2.23743e-06
-9.66468e-06
-4.21738e-06
-1.37242e-05
-5.91985e-06
-1.81979e-05
-6.65529e-06
-2.25944e-05
-5.67644e-06
-2.5557e-05
-2.80371e-06
-2.41486e-05
-1.31137e-05
-3.07294e-06
1.38599e-05
-4.99168e-06
2.23691e-05
-4.35488e-06
2.19154e-05
-2.02774e-06
1.8724e-05
1.02977e-06
1.50627e-05
4.15301e-06
1.16737e-05
6.93794e-06
8.74035e-06
9.15809e-06
6.22461e-06
1.06903e-05
4.01643e-06
1.14629e-05
1.9903e-06
1.1426e-05
1.77024e-08
1.05412e-05
-2.04036e-06
8.78629e-06
-4.33977e-06
6.18933e-06
-7.06771e-06
2.89915e-06
-1.04341e-05
-6.91903e-07
-1.46068e-05
-3.79206e-06
-1.94943e-05
-5.12863e-06
-2.42205e-05
-3.42597e-06
-2.58513e-05
-1.65396e-05
-3.62635e-06
1.74863e-05
-3.20468e-06
2.19475e-05
7.06356e-07
1.80044e-05
5.84028e-06
1.35901e-05
1.09126e-05
9.99044e-06
1.53549e-05
7.23142e-06
1.89519e-05
5.14328e-06
2.16498e-05
3.52679e-06
2.34532e-05
2.21297e-06
2.4373e-05
1.07047e-06
2.43989e-05
-8.10304e-09
2.34883e-05
-1.12978e-06
2.15619e-05
-2.41338e-06
1.85184e-05
-4.02426e-06
1.42851e-05
-6.20075e-06
8.94994e-06
-9.27161e-06
3.04166e-06
-1.3586e-05
-1.98248e-06
-1.91963e-05
-3.39908e-06
-2.44347e-05
-1.99387e-05
-1.26809e-06
1.87544e-05
5.34356e-06
1.53358e-05
1.39025e-05
9.44544e-06
2.15328e-05
5.95982e-06
2.76546e-05
3.86866e-06
3.23401e-05
2.54588e-06
3.58002e-05
1.68324e-06
3.82356e-05
1.09133e-06
3.97961e-05
6.52463e-07
4.05722e-05
2.94349e-07
4.05964e-05
-3.22215e-08
3.98359e-05
-3.69347e-07
3.81882e-05
-7.65677e-07
3.54597e-05
-1.29573e-06
3.13506e-05
-2.09161e-06
2.54781e-05
-3.39913e-06
1.75626e-05
-5.6705e-06
8.07344e-06
-9.70717e-06
1.53336e-08
-1.63766e-05
-1.99234e-05
1.87544e-05
3.40902e-05
4.35356e-05
4.94954e-05
5.33641e-05
5.591e-05
5.75932e-05
5.86846e-05
5.9337e-05
5.96314e-05
5.95991e-05
5.92298e-05
5.84641e-05
5.71684e-05
5.50768e-05
5.16776e-05
4.60072e-05
3.63e-05
1.99234e-05
)
;

boundaryField
{
    movingWall
    {
        type            calculated;
        value           uniform 0;
    }
    fixedWalls
    {
        type            calculated;
        value           uniform 0;
    }
    frontAndBack
    {
        type            empty;
        value           nonuniform List<scalar> 0();
    }
}


// ************************************************************************* //
