/*--------------------------------*- C++ -*----------------------------------*\
  =========                 |
  \\      /  F ield         | OpenFOAM: The Open Source CFD Toolbox
   \\    /   O peration     | Website:  https://openfoam.org
    \\  /    A nd           | Version:  8
     \\/     M anipulation  |
\*---------------------------------------------------------------------------*/
FoamFile
{
    version     2.0;
    format      ascii;
    class       volVectorField;
    location    "0.4";
    object      U;
}
// * * * * * * * * * * * * * * * * * * * * * * * * * * * * * * * * * * * * * //

dimensions      [0 1 -1 0 0 0 0];

internalField   nonuniform List<vector> 
400
(
(0.000351388 -0.000347941 0)
(0.000185276 0.000160447 0)
(-0.00166696 0.000791447 0)
(-0.004888 0.00123471 0)
(-0.00892678 0.0014563 0)
(-0.0132352 0.00147902 0)
(-0.0173267 0.00133746 0)
(-0.0207981 0.00106699 0)
(-0.0233351 0.000700492 0)
(-0.0247127 0.000269554 0)
(-0.0247985 -0.000192706 0)
(-0.0235611 -0.000649143 0)
(-0.0210816 -0.00105727 0)
(-0.0175649 -0.00136972 0)
(-0.0133454 -0.00153676 0)
(-0.00888141 -0.0015117 0)
(-0.00472928 -0.00126033 0)
(-0.00148889 -0.000775171 0)
(0.000293662 -0.000119025 0)
(0.000379714 0.000371418 0)
(-0.000116596 -0.00022397 0)
(-0.00228325 0.0023211 0)
(-0.00800935 0.00506743 0)
(-0.0164359 0.00703052 0)
(-0.0264484 0.00800849 0)
(-0.0369233 0.00803347 0)
(-0.0467921 0.00722534 0)
(-0.0551282 0.0057384 0)
(-0.0611934 0.00373811 0)
(-0.0644583 0.00139759 0)
(-0.0646191 -0.00109721 0)
(-0.061618 -0.0035418 0)
(-0.0556636 -0.00571183 0)
(-0.0472469 -0.00736963 0)
(-0.037141 -0.00828118 0)
(-0.0263717 -0.00824657 0)
(-0.0161354 -0.00714736 0)
(-0.00765593 -0.00501202 0)
(-0.00205048 -0.0021525 0)
(-4.81254e-05 0.000338077 0)
(-0.000752553 0.00156133 0)
(-0.00523482 0.00807154 0)
(-0.014877 0.0143192 0)
(-0.0280237 0.0187286 0)
(-0.0430634 0.0208535 0)
(-0.0584951 0.0207069 0)
(-0.072879 0.0185257 0)
(-0.0849517 0.0146585 0)
(-0.0937002 0.00950734 0)
(-0.0983973 0.00350951 0)
(-0.0986277 -0.00286036 0)
(-0.0943152 -0.00908489 0)
(-0.0857484 -0.014607 0)
(-0.0735977 -0.0188506 0)
(-0.058912 -0.0212648 0)
(-0.0430774 -0.0214002 0)
(-0.0277018 -0.0190178 0)
(-0.0144332 -0.014228 0)
(-0.00491468 -0.00770698 0)
(-0.000650916 -0.00128083 0)
(-0.00131615 0.00493237 0)
(-0.00801468 0.0171755 0)
(-0.0214749 0.0278905 0)
(-0.0391003 0.0351973 0)
(-0.0587319 0.0385107 0)
(-0.0785384 0.037879 0)
(-0.0968038 0.0337029 0)
(-0.112036 0.0265768 0)
(-0.123045 0.0171989 0)
(-0.128976 0.00633764 0)
(-0.129337 -0.00517119 0)
(-0.124026 -0.0164203 0)
(-0.113364 -0.0264387 0)
(-0.0981142 -0.0342282 0)
(-0.0794944 -0.0388396 0)
(-0.0591379 -0.0394987 0)
(-0.0389784 -0.0357825 0)
(-0.0210643 -0.0278286 0)
(-0.00764803 -0.0165986 0)
(-0.00118531 -0.00443144 0)
(-0.00180972 0.00972135 0)
(-0.0105939 0.0294204 0)
(-0.0277495 0.0454886 0)
(-0.0496967 0.0559993 0)
(-0.0736858 0.0604033 0)
(-0.0975577 0.0588988 0)
(-0.119365 0.0521277 0)
(-0.137454 0.0409854 0)
(-0.15052 0.0265089 0)
(-0.157631 0.00983287 0)
(-0.158235 -0.00781323 0)
(-0.152192 -0.0250976 0)
(-0.139805 -0.0405936 0)
(-0.121861 -0.0528255 0)
(-0.0996639 -0.060373 0)
(-0.0750273 -0.062045 0)
(-0.0501819 -0.0571238 0)
(-0.0276099 -0.045645 0)
(-0.0102681 -0.0287046 0)
(-0.00166187 -0.00897532 0)
(-0.0022686 0.0158229 0)
(-0.0130649 0.0447016 0)
(-0.0338359 0.0670342 0)
(-0.0600015 0.0810386 0)
(-0.0881929 0.0863907 0)
(-0.115922 0.0835888 0)
(-0.141045 0.0736219 0)
(-0.161793 0.057754 0)
(-0.176808 0.0373981 0)
(-0.185114 0.0140716 0)
(-0.186116 -0.0105973 0)
(-0.179617 -0.0348469 0)
(-0.165853 -0.0567767 0)
(-0.145566 -0.0743902 0)
(-0.120064 -0.0857152 0)
(-0.0912815 -0.0890203 0)
(-0.0617271 -0.0831312 0)
(-0.0343583 -0.0677974 0)
(-0.012938 -0.0440744 0)
(-0.00213136 -0.0148653 0)
(-0.00272652 0.0232007 0)
(-0.0155334 0.0629759 0)
(-0.0399001 0.0924734 0)
(-0.0702059 0.110221 0)
(-0.102439 0.116326 0)
(-0.133794 0.111766 0)
(-0.161973 0.0980074 0)
(-0.185159 0.0767603 0)
(-0.201997 0.0498452 0)
(-0.211516 0.0191593 0)
(-0.213097 -0.0132934 0)
(-0.206468 -0.0453475 0)
(-0.191751 -0.0746386 0)
(-0.169553 -0.0986218 0)
(-0.141095 -0.114688 0)
(-0.108345 -0.120413 0)
(-0.0740429 -0.113949 0)
(-0.041649 -0.0945117 0)
(-0.0158491 -0.0629002 0)
(-0.00264749 -0.0221666 0)
(-0.0032133 0.0318805 0)
(-0.0180984 0.0842688 0)
(-0.0460907 0.121773 0)
(-0.0804388 0.143415 0)
(-0.116459 0.149977 0)
(-0.151065 0.143136 0)
(-0.181878 0.124992 0)
(-0.207123 0.0977856 0)
(-0.225534 0.063768 0)
(-0.236215 0.0251892 0)
(-0.238554 -0.0156274 0)
(-0.232198 -0.0561782 0)
(-0.217097 -0.0936832 0)
(-0.193629 -0.12505 0)
(-0.162793 -0.146957 0)
(-0.126449 -0.15611 0)
(-0.0874703 -0.149712 0)
(-0.0498046 -0.126107 0)
(-0.0191943 -0.0855304 0)
(-0.0032639 -0.0310568 0)
(-0.00375934 0.0419441 0)
(-0.0208577 0.108671 0)
(-0.0525337 0.154897 0)
(-0.0907443 0.180394 0)
(-0.130101 0.18694 0)
(-0.167306 0.177188 0)
(-0.200022 0.154057 0)
(-0.226652 0.120412 0)
(-0.246145 0.0789405 0)
(-0.257779 0.0321902 0)
(-0.261009 -0.0172944 0)
(-0.255408 -0.0667864 0)
(-0.240703 -0.113192 0)
(-0.216925 -0.152924 0)
(-0.184673 -0.181901 0)
(-0.145488 -0.195774 0)
(-0.102182 -0.190454 0)
(-0.0590968 -0.162949 0)
(-0.0231663 -0.112459 0)
(-0.00403842 -0.0418238 0)
(-0.00440691 0.053534 0)
(-0.0239356 0.136329 0)
(-0.0593569 0.191763 0)
(-0.101081 0.220744 0)
(-0.142987 0.226507 0)
(-0.181698 0.213041 0)
(-0.21511 0.184308 0)
(-0.242002 0.143886 0)
(-0.261716 0.0948833 0)
(-0.273837 0.040052 0)
(-0.277978 -0.0179895 0)
(-0.273672 -0.0764662 0)
(-0.260388 -0.132145 0)
(-0.237681 -0.181069 0)
(-0.205534 -0.218421 0)
(-0.164865 -0.238637 0)
(-0.118092 -0.235933 0)
(-0.0697242 -0.205341 0)
(-0.0279725 -0.144291 0)
(-0.00504398 -0.054871 0)
(-0.00523061 0.0668848 0)
(-0.0275313 0.167453 0)
(-0.0667306 0.23217 0)
(-0.111318 0.26373 0)
(-0.154455 0.267495 0)
(-0.192927 0.249266 0)
(-0.225159 0.214302 0)
(-0.250578 0.166968 0)
(-0.269143 0.110741 0)
(-0.280918 0.0484331 0)
(-0.285794 -0.017462 0)
(-0.283331 -0.0843634 0)
(-0.272733 -0.149157 0)
(-0.252978 -0.207753 0)
(-0.223186 -0.254733 0)
(-0.183259 -0.28324 0)
(-0.134718 -0.285376 0)
(-0.0817779 -0.253358 0)
(-0.033862 -0.181698 0)
(-0.00638808 -0.0707423 0)
(-0.00637391 0.0823967 0)
(-0.0319931 0.202339 0)
(-0.0749052 0.275703 0)
(-0.121184 0.308095 0)
(-0.16342 0.308006 0)
(-0.19899 0.283657 0)
(-0.227283 0.241859 0)
(-0.248728 0.187784 0)
(-0.264155 0.125159 0)
(-0.274292 0.0566616 0)
(-0.279442 -0.0155944 0)
(-0.279292 -0.0895199 0)
(-0.27283 -0.162464 0)
(-0.258413 -0.230572 0)
(-0.234088 -0.288132 0)
(-0.198294 -0.327097 0)
(-0.150949 -0.337114 0)
(-0.0951619 -0.306568 0)
(-0.0411626 -0.225338 0)
(-0.00824712 -0.090179 0)
(-0.00811403 0.100785 0)
(-0.03792 0.241393 0)
(-0.0841944 0.321526 0)
(-0.130069 0.351739 0)
(-0.168031 0.345111 0)
(-0.196801 0.312981 0)
(-0.217336 0.263889 0)
(-0.231461 0.203714 0)
(-0.241116 0.13621 0)
(-0.247838 0.0636568 0)
(-0.252454 -0.0124924 0)
(-0.254898 -0.0909684 0)
(-0.254065 -0.169986 0)
(-0.247766 -0.246415 0)
(-0.232892 -0.314795 0)
(-0.206023 -0.366302 0)
(-0.164617 -0.388061 0)
(-0.109398 -0.363581 0)
(-0.0503158 -0.275697 0)
(-0.0109249 -0.114235 0)
(-0.010969 0.123342 0)
(-0.0462621 0.285065 0)
(-0.0947614 0.36796 0)
(-0.13646 0.39119 0)
(-0.164937 0.374418 0)
(-0.181461 0.332726 0)
(-0.189303 0.276306 0)
(-0.192035 0.211402 0)
(-0.192811 0.141422 0)
(-0.193988 0.0679292 0)
(-0.196943 -0.00856105 0)
(-0.201956 -0.0878864 0)
(-0.208033 -0.169512 0)
(-0.2127 -0.251601 0)
(-0.211884 -0.329721 0)
(-0.200166 -0.395147 0)
(-0.171731 -0.433017 0)
(-0.123149 -0.421288 0)
(-0.0618422 -0.332726 0)
(-0.0149364 -0.144457 0)
(-0.0158204 0.152322 0)
(-0.0582469 0.333494 0)
(-0.10581 0.411597 0)
(-0.136565 0.420786 0)
(-0.147763 0.38961 0)
(-0.144939 0.337017 0)
(-0.134363 0.274206 0)
(-0.121413 0.207053 0)
(-0.110255 0.138066 0)
(-0.103811 0.0677478 0)
(-0.103853 -0.00451367 0)
(-0.111031 -0.0798102 0)
(-0.124719 -0.159095 0)
(-0.142646 -0.242324 0)
(-0.1604 -0.32703 0)
(-0.171011 -0.405995 0)
(-0.165073 -0.463901 0)
(-0.133076 -0.473643 0)
(-0.0759676 -0.394996 0)
(-0.021041 -0.183073 0)
(-0.023806 0.191527 0)
(-0.074425 0.385334 0)
(-0.113126 0.445531 0)
(-0.121182 0.431509 0)
(-0.104278 0.382158 0)
(-0.0739943 0.318987 0)
(-0.0396196 0.252573 0)
(-0.00771132 0.187212 0)
(0.0173157 0.123822 0)
(0.0326104 0.0615827 0)
(0.0364138 -0.00124058 0)
(0.0278252 -0.0668705 0)
(0.00686881 -0.137666 0)
(-0.0250707 -0.215573 0)
(-0.0643785 -0.300899 0)
(-0.103942 -0.389733 0)
(-0.131745 -0.469143 0)
(-0.131176 -0.509864 0)
(-0.0910662 -0.457955 0)
(-0.0298496 -0.233247 0)
(-0.034995 0.247603 0)
(-0.0908074 0.434534 0)
(-0.102593 0.455593 0)
(-0.0692982 0.409173 0)
(-0.0117382 0.3414 0)
(0.0525532 0.2719 0)
(0.113081 0.207739 0)
(0.163941 0.150132 0)
(0.201925 0.0978722 0)
(0.225266 0.048838 0)
(0.232843 0.0005059 0)
(0.223791 -0.0499671 0)
(0.197427 -0.105786 0)
(0.15359 -0.170469 0)
(0.093612 -0.247267 0)
(0.0222486 -0.337121 0)
(-0.049185 -0.433445 0)
(-0.099257 -0.511696 0)
(-0.0991313 -0.510394 0)
(-0.03981 -0.299785 0)
(-0.0417568 0.327461 0)
(-0.086525 0.460994 0)
(-0.035235 0.414862 0)
(0.06328 0.33426 0)
(0.169339 0.257261 0)
(0.266096 0.192587 0)
(0.347081 0.140412 0)
(0.410171 0.0980739 0)
(0.455171 0.0624787 0)
(0.482412 0.0308161 0)
(0.491991 0.000523593 0)
(0.483419 -0.0309841 0)
(0.455462 -0.066721 0)
(0.406187 -0.110536 0)
(0.333514 -0.167443 0)
(0.236882 -0.24312 0)
(0.120643 -0.340667 0)
(0.00147781 -0.451127 0)
(-0.0743942 -0.525079 0)
(-0.039406 -0.383092 0)
(0.00861062 0.389742 0)
(0.0221808 0.407989 0)
(0.185548 0.29314 0)
(0.358879 0.201219 0)
(0.498351 0.137843 0)
(0.605638 0.0943929 0)
(0.686271 0.0642776 0)
(0.744579 0.0426278 0)
(0.784068 0.0260528 0)
(0.807181 0.0122576 0)
(0.815173 -0.000445365 0)
(0.808074 -0.0135653 0)
(0.784577 -0.028867 0)
(0.741767 -0.0489082 0)
(0.674776 -0.0778799 0)
(0.576724 -0.122724 0)
(0.438326 -0.193954 0)
(0.252643 -0.303637 0)
(0.0640298 -0.440484 0)
(0.0288922 -0.425171 0)
(0.416998 0.203547 0)
(0.549498 0.178148 0)
(0.772807 0.107199 0)
(0.93672 0.0623154 0)
(1.03498 0.0368898 0)
(1.09688 0.0222233 0)
(1.13786 0.0135542 0)
(1.1649 0.00818314 0)
(1.18192 0.00456881 0)
(1.19117 0.00184256 0)
(1.19374 -0.000523729 0)
(1.18984 -0.00294304 0)
(1.17881 -0.00587531 0)
(1.15881 -0.0100679 0)
(1.12612 -0.0169684 0)
(1.07352 -0.0295285 0)
(0.984726 -0.0536884 0)
(0.824558 -0.100492 0)
(0.587696 -0.17881 0)
(0.43504 -0.210117 0)
)
;

boundaryField
{
    movingWall
    {
        type            fixedValue;
        value           uniform (1.4 0 0);
    }
    fixedWalls
    {
        type            noSlip;
    }
    frontAndBack
    {
        type            empty;
    }
}


// ************************************************************************* //
