/*--------------------------------*- C++ -*----------------------------------*\
  =========                 |
  \\      /  F ield         | OpenFOAM: The Open Source CFD Toolbox
   \\    /   O peration     | Website:  https://openfoam.org
    \\  /    A nd           | Version:  8
     \\/     M anipulation  |
\*---------------------------------------------------------------------------*/
FoamFile
{
    version     2.0;
    format      ascii;
    class       volScalarField;
    location    "0.4";
    object      p;
}
// * * * * * * * * * * * * * * * * * * * * * * * * * * * * * * * * * * * * * //

dimensions      [0 2 -2 0 0 0 0];

internalField   nonuniform List<scalar> 
400
(
2.26659e-06
-0.0140006
-0.0308529
-0.0435785
-0.0482804
-0.0432744
-0.0284087
-0.00457408
0.0265907
0.0628437
0.101431
0.13921
0.172856
0.19919
0.215628
0.220712
0.214688
0.200046
0.181897
0.168001
0.0138963
-0.000556888
-0.0137265
-0.022398
-0.0248384
-0.0198928
-0.00736915
0.0121285
0.0373951
0.0667148
0.09793
0.128551
0.155942
0.1776
0.191518
0.196598
0.193079
0.182756
0.168464
0.154275
0.0317355
0.0117683
-0.00238524
-0.01025
-0.0121937
-0.00768221
0.00331334
0.0202533
0.0421662
0.0676657
0.0949635
0.121937
0.146282
0.165752
0.178473
0.18331
0.180262
0.170489
0.154887
0.13512
0.0472324
0.0198354
0.00240007
-0.00647743
-0.00894426
-0.00502501
0.00508714
0.0208119
0.0412902
0.0653299
0.091348
0.117385
0.141215
0.160553
0.173354
0.178175
0.174629
0.163337
0.143693
0.115992
0.0560419
0.0210234
-0.000266847
-0.0106932
-0.0139347
-0.0104847
-0.000734344
0.0146841
0.0349897
0.0591299
0.0856529
0.112661
0.137871
0.158795
0.173024
0.178623
0.174701
0.161355
0.136714
0.100227
0.0548652
0.0124123
-0.0127909
-0.0248303
-0.0287441
-0.0254192
-0.0154045
0.000633118
0.0219891
0.047734
0.0765122
0.10643
0.135057
0.159568
0.177017
0.184782
0.181299
0.166067
0.136004
0.0900009
0.0408753
-0.00878829
-0.0377271
-0.0511468
-0.0553713
-0.0516429
-0.0406351
-0.0230186
0.000604277
0.0294473
0.062262
0.0971483
0.131484
0.162003
0.185048
0.197073
0.195591
0.179291
0.14369
0.0871876
0.0113253
-0.0453736
-0.0777001
-0.0920003
-0.0959253
-0.0910879
-0.0782709
-0.0581111
-0.0310546
0.00231997
0.0409378
0.0829468
0.125547
0.164976
0.1967
0.215967
0.218996
0.203266
0.162396
0.0941023
-0.036709
-0.10036
-0.135555
-0.149928
-0.152643
-0.145767
-0.130205
-0.106522
-0.0749261
-0.0356772
0.010454
0.0617948
0.115467
0.16723
0.211549
0.242142
0.253438
0.241049
0.195786
0.114182
-0.10653
-0.177175
-0.214435
-0.227585
-0.227701
-0.21749
-0.198032
-0.169776
-0.132588
-0.0862498
-0.0310273
0.0318092
0.0995165
0.167515
0.229236
0.276568
0.301522
0.296887
0.249179
0.15274
-0.202109
-0.279927
-0.317869
-0.327607
-0.322895
-0.307406
-0.282482
-0.248418
-0.204597
-0.150112
-0.0844545
-0.00816941
0.0764898
0.164923
0.249688
0.320661
0.366772
0.376685
0.330346
0.217999
-0.328714
-0.413912
-0.449916
-0.452394
-0.439158
-0.415344
-0.382665
-0.341182
-0.289605
-0.226074
-0.148969
-0.057697
0.0464885
0.159522
0.273561
0.376598
0.453958
0.48861
0.450625
0.322691
-0.494319
-0.586541
-0.615363
-0.603741
-0.575867
-0.538961
-0.495133
-0.444017
-0.383362
-0.310017
-0.220867
-0.11368
0.0119183
0.153221
0.302898
0.447765
0.569509
0.643843
0.626568
0.486817
-0.712835
-0.809025
-0.819867
-0.782135
-0.729812
-0.672659
-0.612873
-0.549188
-0.477898
-0.394117
-0.292799
-0.169568
-0.0217009
0.150506
0.341675
0.539052
0.721731
0.857319
0.882393
0.742822
-1.01124
-1.09911
-1.06948
-0.985138
-0.893514
-0.806221
-0.724374
-0.644745
-0.561332
-0.466889
-0.353965
-0.215561
-0.0459113
0.158257
0.395454
0.656172
0.919938
1.14763
1.2531
1.14495
-1.4433
-1.48452
-1.36886
-1.20476
-1.05313
-0.923625
-0.813378
-0.715092
-0.619063
-0.514831
-0.392044
-0.240688
-0.0513975
0.183767
0.469471
0.803594
1.17208
1.53479
1.78593
1.78202
-2.11608
-2.00518
-1.71829
-1.42609
-1.18847
-1.00433
-0.861328
-0.744306
-0.637668
-0.52673
-0.397787
-0.237586
-0.0328184
0.230101
0.564446
0.98091
1.48097
2.03516
2.53924
2.7975
-3.28447
-2.7102
-2.09246
-1.61314
-1.266
-1.02125
-0.848707
-0.719587
-0.609726
-0.499458
-0.37179
-0.210528
0.0013737
0.283683
0.660834
1.16297
1.81873
2.63552
3.58893
4.4956
-5.65193
-3.61714
-2.32364
-1.61668
-1.18156
-0.907166
-0.735427
-0.620139
-0.528297
-0.436752
-0.327174
-0.182406
0.0160685
0.292094
0.68036
1.2344
2.02845
3.17512
4.98321
7.61602
-9.90339
-4.499
-2.07791
-1.21433
-0.81111
-0.598729
-0.492675
-0.437073
-0.396782
-0.35041
-0.28241
-0.178831
-0.0238074
0.203726
0.538433
1.0456
1.85307
3.27546
6.35772
12.4293
)
;

boundaryField
{
    movingWall
    {
        type            zeroGradient;
    }
    fixedWalls
    {
        type            zeroGradient;
    }
    frontAndBack
    {
        type            empty;
    }
}


// ************************************************************************* //
