/*--------------------------------*- C++ -*----------------------------------*\
  =========                 |
  \\      /  F ield         | OpenFOAM: The Open Source CFD Toolbox
   \\    /   O peration     | Website:  https://openfoam.org
    \\  /    A nd           | Version:  8
     \\/     M anipulation  |
\*---------------------------------------------------------------------------*/
FoamFile
{
    version     2.0;
    format      ascii;
    class       surfaceScalarField;
    location    "0.4";
    object      phi;
}
// * * * * * * * * * * * * * * * * * * * * * * * * * * * * * * * * * * * * * //

dimensions      [0 3 -1 0 0 0 0];

internalField   nonuniform List<scalar> 
760
(
3.2403e-08
-3.24222e-08
-5.77542e-08
9.01572e-08
-2.78931e-07
2.21177e-07
-5.90582e-07
3.11651e-07
-9.46527e-07
3.55945e-07
-1.30434e-06
3.57818e-07
-1.62777e-06
3.23429e-07
-1.88712e-06
2.59346e-07
-2.05912e-06
1.71997e-07
-2.1272e-06
6.80784e-08
-2.08246e-06
-4.47407e-08
-1.9252e-06
-1.57259e-07
-1.66658e-06
-2.58614e-07
-1.32985e-06
-3.36736e-07
-9.50373e-07
-3.79478e-07
-5.73908e-07
-3.76467e-07
-2.52223e-07
-3.21687e-07
-3.56632e-08
-2.16559e-07
4.07515e-08
-7.64128e-08
4.0753e-08
-8.64372e-08
5.40144e-08
-4.42318e-07
4.46038e-07
-1.05118e-06
8.3004e-07
-1.83819e-06
1.09865e-06
-2.71106e-06
1.22881e-06
-3.5781e-06
1.22486e-06
-4.3567e-06
1.10202e-06
-4.97715e-06
8.79801e-07
-5.38467e-06
5.79517e-07
-5.54119e-06
2.24595e-07
-5.42781e-06
-1.58124e-07
-5.04775e-06
-5.37316e-07
-4.42915e-06
-8.77212e-07
-3.62653e-06
-1.13936e-06
-2.7196e-06
-1.2864e-06
-1.80798e-06
-1.28809e-06
-1.00035e-06
-1.12932e-06
-3.97352e-07
-8.19556e-07
-6.66021e-08
-4.07165e-07
-2.58477e-08
-2.27994e-07
2.82007e-07
-8.70168e-07
1.08821e-06
-1.84777e-06
1.80764e-06
-3.04846e-06
2.29934e-06
-4.34636e-06
2.52672e-06
-5.61758e-06
2.49608e-06
-6.74964e-06
2.23409e-06
-7.64694e-06
1.77709e-06
-8.2341e-06
1.16668e-06
-8.45902e-06
4.49513e-07
-8.29619e-06
-3.2095e-07
-7.75046e-06
-1.08305e-06
-6.86034e-06
-1.76734e-06
-5.69964e-06
-2.30005e-06
-4.37579e-06
-2.61026e-06
-3.02285e-06
-2.64102e-06
-1.78805e-06
-2.36412e-06
-8.1134e-07
-1.79627e-06
-1.99477e-07
-1.01903e-06
-2.25324e-07
-3.57062e-07
6.39068e-07
-1.27623e-06
2.00738e-06
-2.60698e-06
3.13838e-06
-4.19089e-06
3.88326e-06
-5.8692e-06
4.20503e-06
-7.49234e-06
4.11922e-06
-8.92692e-06
3.66867e-06
-1.00602e-05
2.91038e-06
-1.08033e-05
1.9098e-06
-1.10943e-05
7.4054e-07
-1.0902e-05
-5.13312e-07
-1.02298e-05
-1.75524e-06
-9.12028e-06
-2.87685e-06
-7.65763e-06
-3.76271e-06
-5.96701e-06
-4.30089e-06
-4.20846e-06
-4.39957e-06
-2.56368e-06
-4.0089e-06
-1.21542e-06
-3.14453e-06
-3.22652e-07
-1.9118e-06
-5.47977e-07
-4.73673e-07
1.11274e-06
-1.65526e-06
3.18897e-06
-3.32361e-06
4.80673e-06
-5.27054e-06
5.83018e-06
-7.30351e-06
6.238e-06
-9.25012e-06
6.06583e-06
-1.09611e-05
5.37969e-06
-1.23123e-05
4.26153e-06
-1.32057e-05
2.80317e-06
-1.35718e-05
1.10672e-06
-1.33731e-05
-7.12024e-07
-1.26082e-05
-2.5202e-06
-1.13173e-05
-4.16769e-06
-9.5876e-06
-5.49245e-06
-7.55493e-06
-6.33355e-06
-5.40137e-06
-6.55312e-06
-3.3442e-06
-6.06607e-06
-1.61618e-06
-4.87255e-06
-4.39444e-07
-3.08854e-06
-9.87422e-07
-5.82305e-07
1.69504e-06
-2.01411e-06
4.62077e-06
-4.00632e-06
6.79895e-06
-6.29992e-06
8.12378e-06
-8.66856e-06
8.60664e-06
-1.09192e-05
8.31647e-06
-1.28907e-05
7.35114e-06
-1.44515e-05
5.82234e-06
-1.54983e-05
3.84999e-06
-1.59557e-05
1.56417e-06
-1.57787e-05
-8.89112e-07
-1.49568e-05
-3.3421e-06
-1.35218e-05
-5.60267e-06
-1.15558e-05
-7.45844e-06
-9.19856e-06
-8.69078e-06
-6.65043e-06
-9.10125e-06
-4.16622e-06
-8.55029e-06
-2.037e-06
-7.00177e-06
-5.59891e-07
-4.56565e-06
-1.54731e-06
-6.87219e-07
2.38226e-06
-2.36107e-06
6.29462e-06
-4.6648e-06
9.10268e-06
-7.28798e-06
1.0747e-05
-9.97137e-06
1.129e-05
-1.25043e-05
1.08494e-05
-1.47183e-05
9.56511e-06
-1.64796e-05
7.58366e-06
-1.76835e-05
5.05391e-06
-1.82509e-05
2.13154e-06
-1.81283e-05
-1.01167e-06
-1.72927e-05
-4.17771e-06
-1.576e-05
-7.13535e-06
-1.35981e-05
-9.62037e-06
-1.09411e-05
-1.13478e-05
-8.00089e-06
-1.20414e-05
-5.06976e-06
-1.14814e-05
-2.50528e-06
-9.56624e-06
-6.95067e-07
-6.37586e-06
-2.24238e-06
-7.91972e-07
3.17423e-06
-2.70332e-06
8.20597e-06
-5.30563e-06
1.1705e-05
-8.23538e-06
1.36767e-05
-1.12023e-05
1.4257e-05
-1.3983e-05
1.36301e-05
-1.64082e-05
1.19903e-05
-1.8349e-05
9.52438e-06
-1.97051e-05
6.41003e-06
-2.03975e-05
2.82397e-06
-2.03655e-05
-1.04369e-06
-1.95698e-05
-4.97338e-06
-1.80031e-05
-8.70207e-06
-1.57072e-05
-1.19162e-05
-1.27967e-05
-1.42583e-05
-9.48294e-06
-1.53552e-05
-6.08975e-06
-1.48746e-05
-3.04798e-06
-1.2608e-05
-8.56122e-07
-8.56772e-06
-3.0985e-06
-8.99991e-07
4.07422e-06
-3.04742e-06
1.03534e-05
-5.932e-06
1.45896e-05
-9.13334e-06
1.6878e-05
-1.23332e-05
1.74568e-05
-1.5303e-05
1.65999e-05
-1.78824e-05
1.45698e-05
-1.99575e-05
1.15995e-05
-2.14417e-05
7.89421e-06
-2.22628e-05
3.64502e-06
-2.23558e-05
-9.50604e-07
-2.16644e-05
-5.66485e-06
-2.01503e-05
-1.02162e-05
-1.78155e-05
-1.42509e-05
-1.47356e-05
-1.73383e-05
-1.10999e-05
-1.89909e-05
-7.24941e-06
-1.87252e-05
-3.68946e-06
-1.6168e-05
-1.0544e-06
-1.12028e-05
-4.1529e-06
-1.01628e-06
5.0905e-06
-3.40228e-06
1.27394e-05
-6.54639e-06
1.77337e-05
-9.96471e-06
2.02964e-05
-1.33161e-05
2.08082e-05
-1.63789e-05
1.96627e-05
-1.90163e-05
1.72071e-05
-2.11432e-05
1.37264e-05
-2.26996e-05
9.45062e-06
-2.36305e-05
4.57596e-06
-2.38741e-05
-7.07026e-07
-2.33583e-05
-6.18067e-06
-2.2009e-05
-1.15654e-05
-1.97738e-05
-1.64862e-05
-1.66636e-05
-2.04485e-05
-1.28139e-05
-2.28406e-05
-8.55277e-06
-2.29862e-05
-4.45017e-06
-2.02705e-05
-1.30241e-06
-1.43505e-05
-5.45531e-06
-1.15043e-06
6.24093e-06
-3.78436e-06
1.53733e-05
-7.15467e-06
2.1104e-05
-1.0705e-05
2.38467e-05
-1.40815e-05
2.41848e-05
-1.70882e-05
2.26694e-05
-1.9632e-05
1.97509e-05
-2.16762e-05
1.57706e-05
-2.32038e-05
1.09782e-05
-2.41912e-05
5.56329e-06
-2.45904e-05
-3.07738e-07
-2.43211e-05
-6.45006e-06
-2.32724e-05
-1.26141e-05
-2.13247e-05
-1.84339e-05
-1.83964e-05
-2.33768e-05
-1.45245e-05
-2.67125e-05
-9.97349e-06
-2.75372e-05
-5.34481e-06
-2.48992e-05
-1.61553e-06
-1.80798e-05
-7.07083e-06
-1.32155e-06
7.56248e-06
-4.22451e-06
1.82763e-05
-7.76931e-06
2.46488e-05
-1.13194e-05
2.73968e-05
-1.45295e-05
2.73949e-05
-1.72591e-05
2.5399e-05
-1.94875e-05
2.19794e-05
-2.12496e-05
1.75327e-05
-2.25903e-05
1.2319e-05
-2.35338e-05
6.5068e-06
-2.40612e-05
2.19599e-07
-2.40957e-05
-6.41552e-06
-2.34974e-05
-1.32124e-05
-2.20744e-05
-1.98568e-05
-1.96269e-05
-2.58243e-05
-1.60394e-05
-3.03e-05
-1.1436e-05
-3.21406e-05
-6.37782e-06
-2.99574e-05
-2.01486e-06
-2.24428e-05
-9.0857e-06
-1.56639e-06
9.12888e-06
-4.77503e-06
2.14849e-05
-8.40562e-06
2.82794e-05
-1.17467e-05
3.07378e-05
-1.45059e-05
3.01541e-05
-1.66452e-05
2.75383e-05
-1.82533e-05
2.35874e-05
-1.94621e-05
1.87415e-05
-2.03966e-05
1.32534e-05
-2.11432e-05
7.25338e-06
-2.17273e-05
8.03704e-07
-2.20938e-05
-6.049e-06
-2.20909e-05
-1.32153e-05
-2.14648e-05
-2.04829e-05
-1.98846e-05
-2.74045e-05
-1.70301e-05
-3.31545e-05
-1.27824e-05
-3.63883e-05
-7.53211e-06
-3.52077e-05
-2.53121e-06
-2.74437e-05
-1.16169e-05
-1.9516e-06
1.10805e-05
-5.51064e-06
2.5044e-05
-9.05589e-06
3.18246e-05
-1.18504e-05
3.35324e-05
-1.37428e-05
3.20464e-05
-1.48681e-05
2.86636e-05
-1.54668e-05
2.41862e-05
-1.57891e-05
1.90638e-05
-1.60487e-05
1.3513e-05
-1.64005e-05
7.60517e-06
-1.69244e-05
1.32765e-06
-1.76061e-05
-5.36732e-06
-1.83106e-05
-1.25109e-05
-1.87538e-05
-2.00397e-05
-1.84914e-05
-2.76669e-05
-1.69695e-05
-3.46764e-05
-1.37134e-05
-3.96444e-05
-8.74043e-06
-4.01807e-05
-3.2084e-06
-3.29757e-05
-1.48253e-05
-2.58715e-06
1.36676e-05
-6.50081e-06
2.89576e-05
-9.60325e-06
3.49271e-05
-1.12968e-05
3.52259e-05
-1.17312e-05
3.24808e-05
-1.13062e-05
2.82386e-05
-1.04493e-05
2.33293e-05
-9.53077e-06
1.81452e-05
-8.84065e-06
1.28229e-05
-8.58935e-06
7.35387e-06
-8.90773e-06
1.64602e-06
-9.83526e-06
-4.43979e-06
-1.12895e-05
-1.10567e-05
-1.30141e-05
-1.8315e-05
-1.45169e-05
-2.61642e-05
-1.50409e-05
-3.41523e-05
-1.36785e-05
-4.10068e-05
-9.80974e-06
-4.40495e-05
-4.09278e-06
-3.86927e-05
-1.89181e-05
-3.61256e-06
1.72802e-05
-7.67708e-06
3.30221e-05
-9.58249e-06
3.68325e-05
-9.28269e-06
3.49261e-05
-7.47544e-06
3.06736e-05
-4.90513e-06
2.56683e-05
-2.17828e-06
2.06025e-05
2.58761e-07
1.57081e-05
2.08968e-06
1.0992e-05
3.09055e-06
6.353e-06
3.1057e-06
1.63088e-06
2.04394e-06
-3.37804e-06
-9.67092e-08
-8.916e-06
-3.16499e-06
-1.52468e-05
-6.74477e-06
-2.25844e-05
-1.00139e-05
-3.08832e-05
-1.1675e-05
-3.93457e-05
-1.02283e-05
-4.54962e-05
-5.16049e-06
-4.37605e-05
-2.40786e-05
-5.05762e-06
2.23378e-05
-8.3815e-06
3.6346e-05
-7.58877e-06
3.60398e-05
-3.99434e-06
3.13317e-05
9.12745e-07
2.57665e-05
6.08446e-06
2.04966e-05
1.08571e-05
1.58299e-05
1.48304e-05
1.17348e-05
1.77605e-05
8.06189e-06
1.94831e-05
4.63042e-06
1.98668e-05
1.24714e-06
1.87931e-05
-2.30431e-06
1.61635e-05
-6.28641e-06
1.19516e-05
-1.10348e-05
6.33096e-06
-1.69638e-05
-8.31753e-08
-2.4469e-05
-5.90189e-06
-3.3527e-05
-8.74159e-06
-4.26565e-05
-6.07846e-06
-4.64236e-05
-3.0157e-05
-6.29427e-06
2.86321e-05
-6.06097e-06
3.61127e-05
2.87951e-08
2.995e-05
8.3238e-06
2.30367e-05
1.6743e-05
1.73473e-05
2.43352e-05
1.29043e-05
3.06971e-05
9.46797e-06
3.56818e-05
6.75022e-06
3.92446e-05
4.49901e-06
4.136e-05
2.51502e-06
4.19755e-05
6.31715e-07
4.09865e-05
-1.31533e-06
3.82223e-05
-3.52225e-06
3.34566e-05
-6.26912e-06
2.64803e-05
-9.98751e-06
1.73307e-05
-1.53194e-05
6.82811e-06
-2.30244e-05
-2.47592e-06
-3.33524e-05
-5.61582e-06
-4.32837e-05
-3.57729e-05
-2.85858e-06
3.14907e-05
7.64902e-06
2.56051e-05
2.16957e-05
1.59033e-05
3.44578e-05
1.02746e-05
4.49432e-05
6.86197e-06
5.32021e-05
4.64535e-06
5.95078e-05
3.16234e-06
6.41354e-05
2.12262e-06
6.72958e-05
1.33863e-06
6.91178e-05
6.93012e-07
6.96424e-05
1.07103e-07
6.88159e-05
-4.88849e-07
6.64627e-05
-1.16901e-06
6.22482e-05
-2.05465e-06
5.56275e-05
-3.36679e-06
4.58533e-05
-5.54524e-06
3.22862e-05
-9.45737e-06
1.55791e-05
-1.66453e-05
8.89752e-07
-2.85943e-05
-3.48831e-05
3.14907e-05
5.70958e-05
7.29991e-05
8.32737e-05
9.01356e-05
9.4781e-05
9.79433e-05
0.000100066
0.000101405
0.000102098
0.000102205
0.000101716
0.000100547
9.84922e-05
9.51254e-05
8.95801e-05
8.01228e-05
6.34774e-05
3.48831e-05
)
;

boundaryField
{
    movingWall
    {
        type            calculated;
        value           uniform 0;
    }
    fixedWalls
    {
        type            calculated;
        value           uniform 0;
    }
    frontAndBack
    {
        type            empty;
        value           nonuniform List<scalar> 0();
    }
}


// ************************************************************************* //
