/*--------------------------------*- C++ -*----------------------------------*\
  =========                 |
  \\      /  F ield         | OpenFOAM: The Open Source CFD Toolbox
   \\    /   O peration     | Website:  https://openfoam.org
    \\  /    A nd           | Version:  8
     \\/     M anipulation  |
\*---------------------------------------------------------------------------*/
FoamFile
{
    version     2.0;
    format      ascii;
    class       volScalarField;
    location    "0.1";
    object      p;
}
// * * * * * * * * * * * * * * * * * * * * * * * * * * * * * * * * * * * * * //

dimensions      [0 2 -2 0 0 0 0];

internalField   nonuniform List<scalar> 
400
(
-1.39899e-07
-0.0252558
-0.0550114
-0.0771387
-0.0853174
-0.0768924
-0.0515085
-0.010303
0.0444238
0.109214
0.179392
0.249146
0.311921
0.361171
0.391467
0.399812
0.386909
0.35814
0.323898
0.298954
0.025153
-0.00092632
-0.0241003
-0.039043
-0.0432393
-0.0348957
-0.0135753
0.0200278
0.0642852
0.11659
0.173301
0.229827
0.280953
0.32148
0.347135
0.355607
0.347514
0.326812
0.299717
0.274383
0.0568457
0.0208468
-0.00393851
-0.0173258
-0.0206585
-0.0132522
0.0050721
0.0337834
0.0717231
0.116931
0.166481
0.216476
0.262294
0.29914
0.322887
0.331043
0.323712
0.303703
0.273886
0.238337
0.083258
0.0339937
0.00359056
-0.0114787
-0.0159169
-0.0100523
0.00597504
0.0316994
0.066332
0.108428
0.155559
0.204171
0.249716
0.287155
0.311783
0.320284
0.311903
0.288505
0.250529
0.200047
0.0958184
0.0331713
-0.00378662
-0.0216004
-0.0278945
-0.0238163
-0.00972373
0.0140447
0.0471031
0.0885187
0.136307
0.187118
0.236239
0.278006
0.306651
0.317511
0.30858
0.280718
0.232363
0.164657
0.0877782
0.0124589
-0.031068
-0.0519547
-0.0603848
-0.0581424
-0.0456586
-0.0230229
0.00988166
0.0527138
0.103979
0.160524
0.217349
0.267886
0.304832
0.321566
0.314242
0.282376
0.222388
0.135129
0.0533918
-0.0336652
-0.0833813
-0.107285
-0.117884
-0.117467
-0.106396
-0.0843604
-0.0505821
-0.00463733
0.0526501
0.118467
0.187562
0.25229
0.30334
0.33137
0.329806
0.296036
0.223829
0.113945
-0.0125907
-0.110387
-0.165667
-0.192251
-0.204877
-0.206285
-0.196665
-0.175145
-0.140072
-0.0899764
-0.0246703
0.0537239
0.13996
0.225328
0.298105
0.345313
0.356354
0.325077
0.241087
0.1047
-0.115144
-0.222735
-0.282748
-0.311355
-0.325619
-0.328797
-0.32087
-0.300267
-0.264201
-0.209773
-0.135281
-0.0415672
0.0666887
0.180033
0.28413
0.361402
0.3955
0.374466
0.280967
0.113697
-0.259049
-0.375677
-0.439238
-0.46857
-0.483481
-0.488006
-0.481983
-0.463029
-0.426955
-0.368984
-0.285245
-0.174475
-0.0398639
0.109176
0.25595
0.377515
0.449739
0.451565
0.354131
0.151864
-0.449095
-0.574355
-0.639465
-0.666824
-0.680036
-0.684456
-0.679959
-0.663289
-0.62858
-0.568692
-0.476867
-0.348717
-0.18467
0.00728038
0.209085
0.392344
0.523206
0.567244
0.477048
0.237487
-0.690844
-0.824747
-0.887534
-0.907412
-0.913943
-0.914713
-0.909893
-0.895283
-0.863051
-0.803215
-0.705405
-0.561056
-0.366322
-0.125839
0.143019
0.407588
0.623289
0.737587
0.674753
0.400429
-0.992737
-1.13515
-1.18762
-1.18928
-1.17964
-1.16975
-1.1602
-1.14562
-1.11581
-1.05744
-0.955889
-0.797491
-0.572661
-0.280408
0.0656397
0.431659
0.763476
0.986551
0.984921
0.689131
-1.37128
-1.51908
-1.54433
-1.50801
-1.4659
-1.43349
-1.41138
-1.39226
-1.36282
-1.30574
-1.20165
-1.03112
-0.777718
-0.432709
-0.00223727
0.484001
0.967001
1.34958
1.46401
1.18288
-1.86292
-2.00033
-1.96243
-1.85376
-1.75388
-1.68169
-1.63578
-1.60512
-1.5719
-1.5139
-1.40646
-1.2241
-0.943012
-0.54521
-0.0257217
0.596955
1.26864
1.87591
2.1943
2.01097
-2.54855
-2.62034
-2.44474
-2.20792
-2.0151
-1.88168
-1.79915
-1.74927
-1.70747
-1.64511
-1.53182
-1.33598
-1.02616
-0.574549
0.0379053
0.811673
1.71179
2.62569
3.28527
3.37185
-3.60433
-3.44618
-2.98964
-2.54312
-2.2137
-1.99657
-1.86686
-1.79305
-1.74002
-1.67141
-1.55041
-1.33946
-0.998921
-0.491051
0.220263
1.16255
2.33696
3.66035
4.87301
5.56328
-5.47155
-4.56829
-3.5606
-2.80427
-2.29724
-1.98307
-1.80708
-1.71509
-1.657
-1.58744
-1.46339
-1.24167
-0.876647
-0.317932
0.491449
1.61677
3.11733
4.99121
7.14741
9.1978
-9.40561
-6.01641
-3.86305
-2.73216
-2.08333
-1.72043
-1.54563
-1.47623
-1.44636
-1.40415
-1.30391
-1.10019
-0.744891
-0.178284
0.677102
1.93373
3.74918
6.33961
10.2324
15.6589
-16.9217
-7.4029
-3.26793
-1.91141
-1.33664
-1.08146
-1.01958
-1.05438
-1.11492
-1.15158
-1.12312
-0.988888
-0.70336
-0.210221
0.570532
1.77653
3.68167
6.90931
13.288
25.0659
)
;

boundaryField
{
    movingWall
    {
        type            zeroGradient;
    }
    fixedWalls
    {
        type            zeroGradient;
    }
    frontAndBack
    {
        type            empty;
    }
}


// ************************************************************************* //
