/*--------------------------------*- C++ -*----------------------------------*\
  =========                 |
  \\      /  F ield         | OpenFOAM: The Open Source CFD Toolbox
   \\    /   O peration     | Website:  https://openfoam.org
    \\  /    A nd           | Version:  8
     \\/     M anipulation  |
\*---------------------------------------------------------------------------*/
FoamFile
{
    version     2.0;
    format      ascii;
    class       volScalarField;
    location    "0.5";
    object      p;
}
// * * * * * * * * * * * * * * * * * * * * * * * * * * * * * * * * * * * * * //

dimensions      [0 2 -2 0 0 0 0];

internalField   nonuniform List<scalar> 
400
(
7.3557e-06
-0.00815162
-0.0180926
-0.0256567
-0.0284473
-0.0254096
-0.0164602
-0.00219307
0.0163244
0.0376793
0.0602068
0.0820841
0.101452
0.116578
0.126074
0.129149
0.125918
0.117706
0.107324
0.0991926
0.00810405
-0.00030388
-0.00808006
-0.0132559
-0.0147096
-0.0117103
-0.00415321
0.00754555
0.0225889
0.0398871
0.0581306
0.075874
0.091645
0.104086
0.112126
0.115181
0.113368
0.107635
0.099477
0.0911542
0.0186269
0.00699785
-0.00138483
-0.00611478
-0.00727887
-0.00450903
0.0021971
0.0124513
0.0255823
0.0406835
0.0566533
0.0722578
0.08622
0.0973405
0.104641
0.107531
0.105999
0.100625
0.09175
0.0801842
0.0280032
0.0119959
0.00162732
-0.00373613
-0.00518991
-0.00269033
0.00361926
0.0132995
0.0257139
0.0400407
0.0552797
0.0702872
0.083844
0.0947577
0.101988
0.104803
0.10299
0.0968113
0.085692
0.0695748
0.0338171
0.0132581
0.0005375
-0.00576359
-0.00760659
-0.00522656
0.0010885
0.0108251
0.0233443
0.0378634
0.0534288
0.0689236
0.0831117
0.0947226
0.102564
0.105681
0.103614
0.0963267
0.0824672
0.0614014
0.0342735
0.00918269
-0.00595366
-0.0131988
-0.0152923
-0.012716
-0.0058959
0.00457178
0.0180265
0.0336977
0.0506447
0.0677347
0.0836613
0.0970087
0.106355
0.110441
0.108498
0.100173
0.0833849
0.0570782
0.0278269
-0.00178485
-0.0192575
-0.0272497
-0.0292611
-0.0260159
-0.018079
-0.00613312
0.00913312
0.0269525
0.0463846
0.0662599
0.085168
0.101495
0.113515
0.119569
0.118484
0.109514
0.0897774
0.05783
0.0129124
-0.0212649
-0.0408802
-0.0492235
-0.0506186
-0.0460646
-0.0362799
-0.0220368
-0.00404481
0.0169445
0.0400043
0.0639364
0.0872192
0.108009
0.124201
0.133631
0.134574
0.125733
0.103212
0.0650799
-0.0122507
-0.0511097
-0.0725446
-0.0806057
-0.0806044
-0.0738947
-0.0613825
-0.0439325
-0.0222548
0.00295124
0.0308167
0.0601577
0.0893707
0.116378
0.138643
0.153361
0.158064
0.150639
0.125769
0.0807908
-0.049832
-0.0935587
-0.116275
-0.123063
-0.120527
-0.110521
-0.0941946
-0.072508
-0.0461337
-0.0156534
0.0182032
0.0543542
0.0911926
0.126453
0.157142
0.17969
0.190636
0.186655
0.160347
0.107828
-0.102628
-0.151451
-0.174493
-0.178406
-0.171628
-0.156738
-0.13521
-0.108093
-0.0759574
-0.039167
0.0018143
0.0461495
0.0923739
0.138156
0.180096
0.213772
0.234449
0.237043
0.211051
0.15045
-0.174509
-0.228569
-0.25014
-0.248508
-0.234855
-0.212814
-0.184262
-0.150301
-0.111292
-0.0672298
-0.0181347
0.0356075
0.092905
0.151593
0.208044
0.257006
0.292229
0.306189
0.283749
0.215078
-0.271343
-0.33024
-0.346821
-0.335118
-0.3105
-0.278047
-0.240065
-0.197585
-0.150571
-0.0984348
-0.0405134
0.0235315
0.0933059
0.167188
0.241703
0.311028
0.367329
0.39992
0.38691
0.311681
-0.403032
-0.46435
-0.468884
-0.439432
-0.39758
-0.350136
-0.299643
-0.246752
-0.190697
-0.129993
-0.0629964
0.0116877
0.0947758
0.185726
0.281878
0.377505
0.463569
0.525753
0.532865
0.456443
-0.587878
-0.642945
-0.621067
-0.561056
-0.492749
-0.424276
-0.35769
-0.292563
-0.226828
-0.157665
-0.0820898
0.00270674
0.0990104
0.208035
0.328929
0.457364
0.584398
0.692627
0.739513
0.676904
-0.860627
-0.883995
-0.807279
-0.696297
-0.588887
-0.492281
-0.406213
-0.327802
-0.252745
-0.176304
-0.0937794
-0.000613592
0.107467
0.234165
0.381746
0.549445
0.73127
0.909497
1.0314
1.01972
-1.28735
-1.21207
-1.0284
-0.837009
-0.674821
-0.543012
-0.435558
-0.344671
-0.262418
-0.181476
-0.0951185
0.00319071
0.119969
0.262091
0.436517
0.649185
0.901784
1.18244
1.43916
1.5634
-2.02133
-1.65682
-1.269
-0.961344
-0.73051
-0.560613
-0.434546
-0.336023
-0.251837
-0.171619
-0.086642
0.0113863
0.131167
0.283093
0.48038
0.739607
1.07693
1.49991
2.00129
2.47791
-3.47745
-2.23043
-1.43038
-0.980769
-0.694323
-0.50569
-0.379761
-0.289399
-0.216098
-0.147409
-0.073784
0.013349
0.123714
0.269896
0.470866
0.756148
1.1661
1.76591
2.74052
4.19041
-6.01166
-2.79006
-1.31736
-0.76504
-0.493955
-0.341785
-0.254521
-0.198877
-0.155402
-0.11293
-0.0637869
-0.00121183
0.0824364
0.198043
0.364602
0.618337
1.02791
1.77056
3.46739
6.91546
)
;

boundaryField
{
    movingWall
    {
        type            zeroGradient;
    }
    fixedWalls
    {
        type            zeroGradient;
    }
    frontAndBack
    {
        type            empty;
    }
}


// ************************************************************************* //
