/*--------------------------------*- C++ -*----------------------------------*\
  =========                 |
  \\      /  F ield         | OpenFOAM: The Open Source CFD Toolbox
   \\    /   O peration     | Website:  https://openfoam.org
    \\  /    A nd           | Version:  8
     \\/     M anipulation  |
\*---------------------------------------------------------------------------*/
FoamFile
{
    version     2.0;
    format      ascii;
    class       volVectorField;
    location    "0.5";
    object      U;
}
// * * * * * * * * * * * * * * * * * * * * * * * * * * * * * * * * * * * * * //

dimensions      [0 1 -1 0 0 0 0];

internalField   nonuniform List<vector> 
400
(
(0.0003514 -0.000347959 0)
(0.000185285 0.000160448 0)
(-0.00166701 0.000791474 0)
(-0.00488817 0.00123476 0)
(-0.0089271 0.00145635 0)
(-0.0132357 0.00147908 0)
(-0.0173273 0.00133751 0)
(-0.0207989 0.00106702 0)
(-0.023336 0.000700511 0)
(-0.0247136 0.000269559 0)
(-0.0247993 -0.000192716 0)
(-0.0235619 -0.000649167 0)
(-0.0210823 -0.00105731 0)
(-0.0175655 -0.00136977 0)
(-0.0133458 -0.00153682 0)
(-0.00888165 -0.00151176 0)
(-0.0047294 -0.00126037 0)
(-0.00148892 -0.000775186 0)
(0.000293675 -0.000119015 0)
(0.000379724 0.000371438 0)
(-0.000116601 -0.000223986 0)
(-0.00228333 0.00232117 0)
(-0.00800964 0.00506761 0)
(-0.0164365 0.00703078 0)
(-0.0264494 0.0080088 0)
(-0.0369247 0.00803378 0)
(-0.0467938 0.0072256 0)
(-0.0551302 0.0057386 0)
(-0.0611956 0.00373823 0)
(-0.0644606 0.00139762 0)
(-0.0646214 -0.00109727 0)
(-0.0616201 -0.00354194 0)
(-0.0556655 -0.00571204 0)
(-0.0472485 -0.0073699 0)
(-0.0371422 -0.00828148 0)
(-0.0263725 -0.00824685 0)
(-0.0161358 -0.00714759 0)
(-0.00765614 -0.00501215 0)
(-0.00205054 -0.00215254 0)
(-4.81292e-05 0.000338106 0)
(-0.000752584 0.00156138 0)
(-0.00523501 0.00807182 0)
(-0.0148775 0.0143197 0)
(-0.0280247 0.0187293 0)
(-0.0430649 0.0208543 0)
(-0.0584972 0.0207076 0)
(-0.0728816 0.0185263 0)
(-0.0849547 0.014659 0)
(-0.0937034 0.00950764 0)
(-0.0984006 0.00350957 0)
(-0.098631 -0.00286053 0)
(-0.0943184 -0.00908528 0)
(-0.0857513 -0.0146076 0)
(-0.0736 -0.0188513 0)
(-0.0589139 -0.0212656 0)
(-0.0430787 -0.021401 0)
(-0.0277026 -0.0190184 0)
(-0.0144336 -0.0142285 0)
(-0.00491482 -0.00770717 0)
(-0.000650936 -0.00128085 0)
(-0.0013162 0.00493255 0)
(-0.00801497 0.0171761 0)
(-0.0214756 0.0278915 0)
(-0.0391016 0.0351985 0)
(-0.0587339 0.0385121 0)
(-0.078541 0.0378804 0)
(-0.096807 0.0337041 0)
(-0.11204 0.0265777 0)
(-0.123049 0.0171994 0)
(-0.12898 0.00633775 0)
(-0.129341 -0.00517152 0)
(-0.12403 -0.016421 0)
(-0.113367 -0.0264397 0)
(-0.0981171 -0.0342295 0)
(-0.0794967 -0.038841 0)
(-0.0591396 -0.0395 0)
(-0.0389795 -0.0357836 0)
(-0.0210649 -0.0278294 0)
(-0.00764823 -0.016599 0)
(-0.00118534 -0.00443155 0)
(-0.00180979 0.0097217 0)
(-0.0105942 0.0294214 0)
(-0.0277504 0.0454902 0)
(-0.0496981 0.0560013 0)
(-0.073688 0.0604054 0)
(-0.0975605 0.0589008 0)
(-0.119369 0.0521294 0)
(-0.137458 0.0409867 0)
(-0.150524 0.0265096 0)
(-0.157635 0.00983302 0)
(-0.15824 -0.00781371 0)
(-0.152196 -0.0250987 0)
(-0.139808 -0.0405951 0)
(-0.121864 -0.0528274 0)
(-0.0996665 -0.060375 0)
(-0.0750291 -0.0620469 0)
(-0.0501832 -0.0571254 0)
(-0.0276106 -0.0456462 0)
(-0.0102683 -0.0287054 0)
(-0.00166191 -0.00897555 0)
(-0.00226867 0.0158234 0)
(-0.0130652 0.0447031 0)
(-0.0338368 0.0670363 0)
(-0.060003 0.0810412 0)
(-0.0881951 0.0863935 0)
(-0.115925 0.0835915 0)
(-0.141048 0.0736242 0)
(-0.161797 0.0577557 0)
(-0.176812 0.0373991 0)
(-0.185118 0.0140718 0)
(-0.186121 -0.0105979 0)
(-0.179621 -0.0348483 0)
(-0.165857 -0.0567787 0)
(-0.145569 -0.0743927 0)
(-0.120066 -0.0857178 0)
(-0.0912834 -0.0890229 0)
(-0.0617284 -0.0831335 0)
(-0.034359 -0.0677992 0)
(-0.0129383 -0.0440755 0)
(-0.0021314 -0.0148657 0)
(-0.00272658 0.0232014 0)
(-0.0155337 0.0629777 0)
(-0.0399009 0.0924762 0)
(-0.0702072 0.110225 0)
(-0.102441 0.11633 0)
(-0.133797 0.111769 0)
(-0.161976 0.0980103 0)
(-0.185163 0.0767624 0)
(-0.202 0.0498464 0)
(-0.21152 0.0191595 0)
(-0.213101 -0.0132942 0)
(-0.206472 -0.0453492 0)
(-0.191754 -0.0746411 0)
(-0.169555 -0.0986248 0)
(-0.141098 -0.114691 0)
(-0.108346 -0.120416 0)
(-0.074044 -0.113952 0)
(-0.0416496 -0.094514 0)
(-0.0158494 -0.0629016 0)
(-0.00264754 -0.0221671 0)
(-0.00321334 0.0318814 0)
(-0.0180986 0.084271 0)
(-0.0460913 0.121776 0)
(-0.0804399 0.143419 0)
(-0.116461 0.149981 0)
(-0.151067 0.14314 0)
(-0.181881 0.124995 0)
(-0.207126 0.0977881 0)
(-0.225537 0.0637694 0)
(-0.236218 0.0251895 0)
(-0.238557 -0.0156283 0)
(-0.232201 -0.0561802 0)
(-0.2171 -0.093686 0)
(-0.193631 -0.125054 0)
(-0.162795 -0.146961 0)
(-0.12645 -0.156114 0)
(-0.0874713 -0.149716 0)
(-0.0498051 -0.12611 0)
(-0.0191946 -0.0855322 0)
(-0.00326394 -0.0310575 0)
(-0.00375936 0.041945 0)
(-0.0208578 0.108673 0)
(-0.0525341 0.154901 0)
(-0.0907449 0.180398 0)
(-0.130102 0.186944 0)
(-0.167308 0.177192 0)
(-0.200024 0.15406 0)
(-0.226654 0.120415 0)
(-0.246147 0.078942 0)
(-0.257781 0.0321905 0)
(-0.261011 -0.0172954 0)
(-0.25541 -0.0667885 0)
(-0.240705 -0.113195 0)
(-0.216926 -0.152927 0)
(-0.184674 -0.181905 0)
(-0.145489 -0.195778 0)
(-0.102183 -0.190458 0)
(-0.0590972 -0.162952 0)
(-0.0231665 -0.112461 0)
(-0.00403845 -0.0418245 0)
(-0.00440691 0.053535 0)
(-0.0239356 0.136331 0)
(-0.059357 0.191767 0)
(-0.101081 0.220748 0)
(-0.142987 0.226512 0)
(-0.181698 0.213045 0)
(-0.21511 0.184312 0)
(-0.242003 0.143888 0)
(-0.261717 0.094885 0)
(-0.273838 0.0400523 0)
(-0.277979 -0.0179904 0)
(-0.273673 -0.0764684 0)
(-0.260388 -0.132148 0)
(-0.237682 -0.181073 0)
(-0.205534 -0.218425 0)
(-0.164865 -0.238641 0)
(-0.118092 -0.235937 0)
(-0.0697244 -0.205345 0)
(-0.0279726 -0.144293 0)
(-0.005044 -0.0548718 0)
(-0.00523059 0.0668858 0)
(-0.0275312 0.167455 0)
(-0.0667304 0.232174 0)
(-0.111318 0.263735 0)
(-0.154455 0.267499 0)
(-0.192927 0.24927 0)
(-0.225158 0.214306 0)
(-0.250577 0.166971 0)
(-0.269142 0.110742 0)
(-0.280918 0.0484335 0)
(-0.285794 -0.017463 0)
(-0.283331 -0.0843656 0)
(-0.272732 -0.14916 0)
(-0.252978 -0.207757 0)
(-0.223185 -0.254737 0)
(-0.183259 -0.283244 0)
(-0.134718 -0.28538 0)
(-0.0817779 -0.253361 0)
(-0.033862 -0.1817 0)
(-0.00638809 -0.0707431 0)
(-0.00637387 0.0823977 0)
(-0.0319929 0.202342 0)
(-0.0749047 0.275707 0)
(-0.121183 0.308099 0)
(-0.163419 0.308011 0)
(-0.198988 0.283661 0)
(-0.227282 0.241862 0)
(-0.248726 0.187787 0)
(-0.264153 0.125161 0)
(-0.27429 0.056662 0)
(-0.27944 -0.0155952 0)
(-0.27929 -0.089522 0)
(-0.272828 -0.162468 0)
(-0.258412 -0.230576 0)
(-0.234087 -0.288136 0)
(-0.198293 -0.327102 0)
(-0.150949 -0.337118 0)
(-0.0951618 -0.306571 0)
(-0.0411625 -0.22534 0)
(-0.00824712 -0.0901798 0)
(-0.00811397 0.100786 0)
(-0.0379197 0.241395 0)
(-0.0841937 0.321529 0)
(-0.130067 0.351743 0)
(-0.16803 0.345115 0)
(-0.196799 0.312985 0)
(-0.217333 0.263892 0)
(-0.231458 0.203716 0)
(-0.241113 0.136211 0)
(-0.247835 0.0636573 0)
(-0.252451 -0.0124931 0)
(-0.254895 -0.0909702 0)
(-0.254063 -0.169989 0)
(-0.247764 -0.246419 0)
(-0.23289 -0.314799 0)
(-0.206022 -0.366306 0)
(-0.164617 -0.388065 0)
(-0.109397 -0.363584 0)
(-0.0503156 -0.275699 0)
(-0.0109249 -0.114235 0)
(-0.0109689 0.123342 0)
(-0.0462617 0.285066 0)
(-0.0947605 0.367963 0)
(-0.136459 0.391193 0)
(-0.164935 0.374421 0)
(-0.181458 0.332729 0)
(-0.1893 0.276309 0)
(-0.192031 0.211405 0)
(-0.192807 0.141424 0)
(-0.193984 0.0679296 0)
(-0.196939 -0.0085616 0)
(-0.201952 -0.0878879 0)
(-0.20803 -0.169514 0)
(-0.212697 -0.251604 0)
(-0.211882 -0.329725 0)
(-0.200165 -0.395151 0)
(-0.17173 -0.43302 0)
(-0.123148 -0.42129 0)
(-0.061842 -0.332728 0)
(-0.0149363 -0.144457 0)
(-0.0158204 0.152322 0)
(-0.0582465 0.333495 0)
(-0.105809 0.411599 0)
(-0.136564 0.420789 0)
(-0.14776 0.389612 0)
(-0.144936 0.337019 0)
(-0.134359 0.274209 0)
(-0.121409 0.207055 0)
(-0.110251 0.138068 0)
(-0.103806 0.0677482 0)
(-0.103849 -0.00451407 0)
(-0.111027 -0.0798113 0)
(-0.124715 -0.159097 0)
(-0.142643 -0.242327 0)
(-0.160397 -0.327033 0)
(-0.171009 -0.405998 0)
(-0.165072 -0.463903 0)
(-0.133075 -0.473645 0)
(-0.0759674 -0.394998 0)
(-0.0210409 -0.183074 0)
(-0.023806 0.191527 0)
(-0.0744246 0.385335 0)
(-0.113125 0.445533 0)
(-0.12118 0.431511 0)
(-0.104276 0.382161 0)
(-0.0739914 0.318989 0)
(-0.0396161 0.252575 0)
(-0.0077073 0.187213 0)
(0.0173201 0.123823 0)
(0.032615 0.061583 0)
(0.0364183 -0.00124087 0)
(0.0278295 -0.0668714 0)
(0.00687274 -0.137667 0)
(-0.0250673 -0.215575 0)
(-0.0643758 -0.300901 0)
(-0.10394 -0.389735 0)
(-0.131743 -0.469145 0)
(-0.131176 -0.509866 0)
(-0.0910659 -0.457956 0)
(-0.0298496 -0.233248 0)
(-0.0349949 0.247603 0)
(-0.0908072 0.434535 0)
(-0.102592 0.455594 0)
(-0.069297 0.409174 0)
(-0.0117364 0.341401 0)
(0.0525557 0.271901 0)
(0.113084 0.207741 0)
(0.163945 0.150133 0)
(0.201929 0.0978728 0)
(0.22527 0.0488383 0)
(0.232847 0.000505717 0)
(0.223795 -0.0499677 0)
(0.197431 -0.105787 0)
(0.153593 -0.170471 0)
(0.0936146 -0.247268 0)
(0.0222506 -0.337122 0)
(-0.0491837 -0.433447 0)
(-0.0992563 -0.511697 0)
(-0.099131 -0.510395 0)
(-0.03981 -0.299785 0)
(-0.0417568 0.327461 0)
(-0.0865249 0.460994 0)
(-0.0352346 0.414863 0)
(0.0632808 0.334261 0)
(0.16934 0.257262 0)
(0.266098 0.192588 0)
(0.347084 0.140413 0)
(0.410174 0.0980745 0)
(0.455174 0.0624791 0)
(0.482416 0.0308163 0)
(0.491995 0.000523485 0)
(0.483423 -0.0309844 0)
(0.455465 -0.0667215 0)
(0.40619 -0.110536 0)
(0.333516 -0.167444 0)
(0.236883 -0.24312 0)
(0.120644 -0.340668 0)
(0.00147842 -0.451128 0)
(-0.074394 -0.52508 0)
(-0.039406 -0.383092 0)
(0.0086106 0.389742 0)
(0.0221808 0.407989 0)
(0.185549 0.29314 0)
(0.358879 0.201219 0)
(0.498352 0.137844 0)
(0.605639 0.0943933 0)
(0.686272 0.0642779 0)
(0.744581 0.042628 0)
(0.78407 0.0260529 0)
(0.807183 0.0122577 0)
(0.815176 -0.000445417 0)
(0.808076 -0.0135654 0)
(0.784579 -0.0288672 0)
(0.741768 -0.0489085 0)
(0.674778 -0.0778801 0)
(0.576725 -0.122724 0)
(0.438327 -0.193954 0)
(0.252643 -0.303637 0)
(0.06403 -0.440485 0)
(0.0288923 -0.425171 0)
(0.416998 0.203547 0)
(0.549498 0.178148 0)
(0.772807 0.107199 0)
(0.93672 0.0623155 0)
(1.03498 0.0368898 0)
(1.09688 0.0222233 0)
(1.13786 0.0135543 0)
(1.1649 0.00818318 0)
(1.18192 0.00456883 0)
(1.19117 0.00184256 0)
(1.19374 -0.000523744 0)
(1.18984 -0.00294307 0)
(1.17881 -0.00587535 0)
(1.15881 -0.0100679 0)
(1.12612 -0.0169685 0)
(1.07352 -0.0295286 0)
(0.984726 -0.0536884 0)
(0.824558 -0.100492 0)
(0.587696 -0.17881 0)
(0.435039 -0.210117 0)
)
;

boundaryField
{
    movingWall
    {
        type            fixedValue;
        value           uniform (1.4 0 0);
    }
    fixedWalls
    {
        type            noSlip;
    }
    frontAndBack
    {
        type            empty;
    }
}


// ************************************************************************* //
