/*--------------------------------*- C++ -*----------------------------------*\
  =========                 |
  \\      /  F ield         | OpenFOAM: The Open Source CFD Toolbox
   \\    /   O peration     | Website:  https://openfoam.org
    \\  /    A nd           | Version:  8
     \\/     M anipulation  |
\*---------------------------------------------------------------------------*/
FoamFile
{
    version     2.0;
    format      ascii;
    class       volScalarField;
    location    "0.1";
    object      p;
}
// * * * * * * * * * * * * * * * * * * * * * * * * * * * * * * * * * * * * * //

dimensions      [0 2 -2 0 0 0 0];

internalField   nonuniform List<scalar> 
400
(
3.90371e-08
-0.019937
-0.0437533
-0.0616693
-0.0684328
-0.0618915
-0.0418323
-0.00934374
0.0335158
0.0838314
0.137878
0.19123
0.239049
0.276594
0.299955
0.306933
0.297937
0.276743
0.250912
0.231562
0.0189238
-0.00164863
-0.0202475
-0.0324526
-0.0360405
-0.0295241
-0.0126229
0.013947
0.048689
0.0893848
0.133122
0.176398
0.215366
0.246277
0.266071
0.273071
0.267655
0.252575
0.232185
0.212474
0.0428737
0.0147502
-0.0050027
-0.0159271
-0.0187528
-0.0128363
0.00189562
0.0248382
0.0548435
0.0901741
0.128449
0.166686
0.201495
0.229461
0.24768
0.254381
0.249581
0.235147
0.212785
0.185228
0.0631622
0.0248541
0.000762227
-0.0114089
-0.014937
-0.00995681
0.00333157
0.0243262
0.0521059
0.0852678
0.121762
0.158847
0.193213
0.221326
0.239942
0.246764
0.241211
0.224408
0.196068
0.157182
0.0735752
0.024834
-0.00440526
-0.0186332
-0.0233393
-0.0193069
-0.00695381
0.0131361
0.0402552
0.0732951
0.110461
0.149126
0.185871
0.216776
0.237938
0.246207
0.240174
0.220212
0.184366
0.132668
0.0691771
0.0103651
-0.0241023
-0.0405835
-0.046521
-0.043222
-0.0312388
-0.0110779
0.0168036
0.0516085
0.0917897
0.134783
0.176944
0.213762
0.240369
0.252393
0.247266
0.224429
0.180288
0.114355
0.0457446
-0.0226585
-0.0621103
-0.0806838
-0.0876315
-0.0847023
-0.0725034
-0.0513823
-0.0214634
0.0168479
0.0623233
0.112502
0.163483
0.210015
0.245958
0.265267
0.263704
0.239346
0.186589
0.104527
-0.000718763
-0.0782366
-0.122211
-0.142421
-0.149921
-0.146886
-0.133921
-0.111119
-0.0781463
-0.034862
0.0179959
0.0782291
0.141771
0.202577
0.252953
0.284632
0.290973
0.267887
0.206838
0.106229
-0.0742466
-0.160479
-0.208316
-0.229375
-0.236677
-0.2329
-0.218629
-0.193605
-0.156874
-0.107522
-0.0455158
0.0275132
0.107593
0.18799
0.259271
0.310343
0.331164
0.314193
0.246291
0.124356
-0.179071
-0.27377
-0.324481
-0.345032
-0.350844
-0.345318
-0.329055
-0.301363
-0.260473
-0.204405
-0.131967
-0.0437629
0.0568061
0.162679
0.262711
0.34245
0.387244
0.384214
0.312877
0.166924
-0.319897
-0.423043
-0.474934
-0.492481
-0.494438
-0.485335
-0.465909
-0.434957
-0.389678
-0.326683
-0.243147
-0.138035
-0.013461
0.123892
0.261603
0.381636
0.463497
0.486462
0.418513
0.246831
-0.502613
-0.614378
-0.664188
-0.674024
-0.667748
-0.651698
-0.626895
-0.591525
-0.5415
-0.471635
-0.37695
-0.254065
-0.102878
0.0714133
0.256153
0.430176
0.566307
0.633068
0.580942
0.384579
-0.736079
-0.856205
-0.897273
-0.890604
-0.86831
-0.839415
-0.805276
-0.763236
-0.707546
-0.630792
-0.525313
-0.384669
-0.205509
0.00991494
0.250499
0.493532
0.705424
0.841268
0.826436
0.61288
-1.03636
-1.1616
-1.17995
-1.14087
-1.08955
-1.03835
-0.988574
-0.9361
-0.872903
-0.788786
-0.672901
-0.515127
-0.307895
-0.0488985
0.25481
0.582095
0.895344
1.13517
1.19383
0.984992
-1.43635
-1.55214
-1.51822
-1.41921
-1.31876
-1.23171
-1.15769
-1.08969
-1.01637
-0.923907
-0.797811
-0.623815
-0.389396
-0.0862074
0.285651
0.711435
1.15529
1.54647
1.7394
1.58881
-2.00497
-2.06324
-1.91629
-1.71252
-1.53479
-1.39504
-1.28722
-1.19865
-1.1131
-1.01157
-0.875695
-0.686722
-0.426728
-0.0801938
0.362634
0.899593
1.5065
2.11169
2.53839
2.56369
-2.88568
-2.74881
-2.37339
-1.99918
-1.70883
-1.49873
-1.34977
-1.23873
-1.14094
-1.03201
-0.888512
-0.687175
-0.404464
-0.016728
0.498575
1.1591
1.9656
2.86506
3.68379
4.12626
-4.42906
-3.67773
-2.85676
-2.23167
-1.79603
-1.5059
-1.31827
-1.1916
-1.0894
-0.980486
-0.836778
-0.630888
-0.334015
0.0863624
0.668913
1.45993
2.5025
3.80073
5.30101
6.72783
-7.61877
-4.87248
-3.13259
-2.20336
-1.6515
-1.32195
-1.13558
-1.0276
-0.949256
-0.864426
-0.743076
-0.556342
-0.273214
0.145063
0.752296
1.62955
2.89025
4.69709
7.47297
11.4272
-13.527
-6.02674
-2.72353
-1.59744
-1.09737
-0.853751
-0.758047
-0.733194
-0.726882
-0.705065
-0.641338
-0.510833
-0.285517
0.0700529
0.610331
1.434
2.73734
4.98331
9.61994
18.4641
)
;

boundaryField
{
    movingWall
    {
        type            zeroGradient;
    }
    fixedWalls
    {
        type            zeroGradient;
    }
    frontAndBack
    {
        type            empty;
    }
}


// ************************************************************************* //
