/*--------------------------------*- C++ -*----------------------------------*\
  =========                 |
  \\      /  F ield         | OpenFOAM: The Open Source CFD Toolbox
   \\    /   O peration     | Website:  https://openfoam.org
    \\  /    A nd           | Version:  8
     \\/     M anipulation  |
\*---------------------------------------------------------------------------*/
FoamFile
{
    version     2.0;
    format      ascii;
    class       surfaceScalarField;
    location    "0.1";
    object      phi;
}
// * * * * * * * * * * * * * * * * * * * * * * * * * * * * * * * * * * * * * //

dimensions      [0 3 -1 0 0 0 0];

internalField   nonuniform List<scalar> 
760
(
4.3517e-08
-4.35149e-08
-8.38222e-08
1.27338e-07
-3.91796e-07
3.07975e-07
-8.22719e-07
4.30923e-07
-1.31364e-06
4.90925e-07
-1.80783e-06
4.94194e-07
-2.25695e-06
4.4912e-07
-2.62072e-06
3.63765e-07
-2.86632e-06
2.45597e-07
-2.96888e-06
1.02564e-07
-2.91342e-06
-5.5455e-08
-2.69787e-06
-2.15554e-07
-2.33629e-06
-3.61575e-07
-1.86131e-06
-4.74983e-07
-1.3243e-06
-5.37013e-07
-7.92304e-07
-5.31995e-07
-3.4065e-07
-4.51654e-07
-4.08776e-08
-2.99772e-07
6.02022e-08
-1.01079e-07
6.02039e-08
-1.24411e-07
8.08934e-08
-6.23808e-07
6.26736e-07
-1.47077e-06
1.15493e-06
-2.56057e-06
1.52072e-06
-3.76727e-06
1.69763e-06
-4.96747e-06
1.69439e-06
-6.05e-06
1.53165e-06
-6.91968e-06
1.23345e-06
-7.49931e-06
8.25217e-07
-7.73241e-06
3.35667e-07
-7.58782e-06
-2.00042e-07
-7.06539e-06
-7.37987e-07
-6.20156e-06
-1.22541e-06
-5.07263e-06
-1.60392e-06
-3.79335e-06
-1.81629e-06
-2.50846e-06
-1.81689e-06
-1.3753e-06
-1.58482e-06
-5.36998e-07
-1.13807e-06
-8.53117e-08
-5.52767e-07
-2.51052e-08
-3.22909e-07
4.03802e-07
-1.22243e-06
1.52626e-06
-2.58244e-06
2.51494e-06
-4.24637e-06
3.18465e-06
-6.04289e-06
3.49415e-06
-7.80517e-06
3.45667e-06
-9.38149e-06
3.10797e-06
-1.06409e-05
2.49281e-06
-1.14769e-05
1.66127e-06
-1.18125e-05
6.71223e-07
-1.16056e-05
-4.06948e-07
-1.08566e-05
-1.4869e-06
-9.61534e-06
-2.46671e-06
-7.98437e-06
-3.23488e-06
-6.11769e-06
-3.68298e-06
-4.20979e-06
-3.72478e-06
-2.47422e-06
-3.32039e-06
-1.11127e-06
-2.50103e-06
-2.68088e-07
-1.39594e-06
-2.93192e-07
-5.04594e-07
9.08395e-07
-1.79065e-06
2.81232e-06
-3.64112e-06
4.3654e-06
-5.83628e-06
5.37981e-06
-8.16085e-06
5.81872e-06
-1.0414e-05
5.7098e-06
-1.24158e-05
5.10983e-06
-1.40118e-05
4.08874e-06
-1.50759e-05
2.72536e-06
-1.55158e-05
1.11112e-06
-1.52793e-05
-6.43359e-07
-1.43629e-05
-2.40332e-06
-1.28195e-05
-4.0101e-06
-1.07649e-05
-5.28951e-06
-8.3778e-06
-6.07008e-06
-5.89092e-06
-6.21165e-06
-3.56956e-06
-5.64175e-06
-1.67796e-06
-4.39262e-06
-4.38916e-07
-2.63499e-06
-7.32109e-07
-6.68477e-07
1.57687e-06
-2.3192e-06
4.46305e-06
-4.63628e-06
6.68248e-06
-7.33271e-06
8.07624e-06
-1.0149e-05
8.63502e-06
-1.28549e-05
8.41565e-06
-1.52497e-05
7.50467e-06
-1.71629e-05
6.00194e-06
-1.84549e-05
4.01738e-06
-1.90208e-05
1.67697e-06
-1.87963e-05
-8.67813e-07
-1.77673e-05
-3.4323e-06
-1.59801e-05
-5.79728e-06
-1.35516e-05
-7.71802e-06
-1.06749e-05
-8.94686e-06
-7.61543e-06
-9.27109e-06
-4.69367e-06
-8.56352e-06
-2.25078e-06
-6.83551e-06
-6.03539e-07
-4.28223e-06
-1.33565e-06
-8.19711e-07
2.39659e-06
-2.8144e-06
6.45774e-06
-5.57463e-06
9.44271e-06
-8.74616e-06
1.12478e-05
-1.20264e-05
1.19152e-05
-1.51592e-05
1.15485e-05
-1.79292e-05
1.02747e-05
-2.01558e-05
8.2285e-06
-2.16903e-05
5.55183e-06
-2.24164e-05
2.40312e-06
-2.22555e-05
-1.02877e-06
-2.11755e-05
-4.51225e-06
-1.92052e-05
-7.76756e-06
-1.64498e-05
-1.04734e-05
-1.31054e-05
-1.22913e-05
-9.46488e-06
-1.29116e-05
-5.90807e-06
-1.21203e-05
-2.86835e-06
-9.87523e-06
-7.77881e-07
-6.3727e-06
-2.11353e-06
-9.62718e-07
3.3593e-06
-3.28367e-06
8.77869e-06
-6.46297e-06
1.2622e-05
-1.00805e-05
1.48653e-05
-1.3793e-05
1.56277e-05
-1.73237e-05
1.50792e-05
-2.04485e-05
1.33995e-05
-2.29836e-05
1.07636e-05
-2.47765e-05
7.34476e-06
-2.57022e-05
3.32882e-06
-2.56654e-05
-1.06565e-06
-2.46095e-05
-5.56814e-06
-2.25337e-05
-9.84331e-06
-1.95161e-05
-1.3491e-05
-1.57398e-05
-1.60676e-05
-1.15144e-05
-1.7137e-05
-7.2793e-06
-1.63554e-05
-3.57576e-06
-1.35788e-05
-9.7976e-07
-8.9687e-06
-3.09329e-06
-1.1007e-06
4.46e-06
-3.73233e-06
1.14103e-05
-7.30312e-06
1.61928e-05
-1.13274e-05
1.88895e-05
-1.54251e-05
1.97255e-05
-1.93058e-05
1.89599e-05
-2.27457e-05
1.68394e-05
-2.5567e-05
1.35849e-05
-2.76212e-05
9.39899e-06
-2.87798e-05
4.48738e-06
-2.89317e-05
-9.13754e-07
-2.79909e-05
-6.50892e-06
-2.5915e-05
-1.19192e-05
-2.27357e-05
-1.66703e-05
-1.86002e-05
-2.02032e-05
-1.38134e-05
-2.19238e-05
-8.86535e-06
-2.13035e-05
-4.41772e-06
-1.80264e-05
-1.22746e-06
-1.2159e-05
-4.32075e-06
-1.2366e-06
5.6966e-06
-4.16488e-06
1.43386e-05
-8.09271e-06
2.01206e-05
-1.24666e-05
2.32633e-05
-1.68749e-05
2.41339e-05
-2.10235e-05
2.31085e-05
-2.47014e-05
2.05174e-05
-2.77502e-05
1.66336e-05
-3.00377e-05
1.16865e-05
-3.14416e-05
5.89131e-06
-3.18409e-05
-5.14489e-07
-3.1119e-05
-7.23084e-06
-2.91816e-05
-1.38566e-05
-2.59931e-05
-1.98588e-05
-2.16325e-05
-2.45637e-05
-1.63645e-05
-2.71918e-05
-1.07036e-05
-2.69644e-05
-5.43453e-06
-2.32954e-05
-1.53983e-06
-1.60537e-05
-5.86058e-06
-1.37567e-06
7.07227e-06
-4.59002e-06
1.75529e-05
-8.83068e-06
2.43613e-05
-1.34703e-05
2.79029e-05
-1.80729e-05
2.87365e-05
-2.23552e-05
2.73908e-05
-2.61373e-05
2.42995e-05
-2.9298e-05
1.97943e-05
-3.17394e-05
1.41279e-05
-3.33609e-05
7.51279e-06
-3.40436e-05
1.68254e-07
-3.36465e-05
-7.62795e-06
-3.20187e-05
-1.54844e-05
-2.90366e-05
-2.28409e-05
-2.46723e-05
-2.8928e-05
-1.90964e-05
-3.27678e-05
-1.27958e-05
-3.3265e-05
-6.65863e-06
-2.94326e-05
-1.93754e-06
-2.07747e-05
-7.79812e-06
-1.52997e-06
8.60224e-06
-5.02919e-06
2.10522e-05
-9.52607e-06
2.88582e-05
-1.43093e-05
3.26862e-05
-1.8931e-05
3.33581e-05
-2.31411e-05
3.16009e-05
-2.68154e-05
2.79738e-05
-2.98943e-05
2.28732e-05
-3.23364e-05
1.657e-05
-3.40848e-05
9.26118e-06
-3.50426e-05
1.12602e-06
-3.50593e-05
-7.61123e-06
-3.3933e-05
-1.66107e-05
-3.14389e-05
-2.53351e-05
-2.74018e-05
-3.29651e-05
-2.18268e-05
-3.83427e-05
-1.5086e-05
-4.00058e-05
-8.10888e-06
-3.64097e-05
-2.44507e-06
-2.64386e-05
-1.02432e-05
-1.72581e-06
1.0328e-05
-5.52835e-06
2.48547e-05
-1.0207e-05
3.35368e-05
-1.4956e-05
3.74352e-05
-1.93398e-05
3.77419e-05
-2.31772e-05
3.54383e-05
-2.64331e-05
3.12297e-05
-2.91389e-05
2.5579e-05
-3.13364e-05
1.87675e-05
-3.30373e-05
1.09621e-05
-3.41928e-05
2.28153e-06
-3.46689e-05
-7.1351e-06
-3.42326e-05
-1.70471e-05
-3.25612e-05
-2.70065e-05
-2.93015e-05
-3.62248e-05
-2.42133e-05
-4.34309e-05
-1.74255e-05
-4.67936e-05
-9.77911e-06
-4.40561e-05
-3.09386e-06
-3.31238e-05
-1.33371e-05
-2.01574e-06
1.23438e-05
-6.17134e-06
2.90103e-05
-1.09223e-05
3.82877e-05
-1.53708e-05
4.18838e-05
-1.91453e-05
4.15164e-05
-2.21888e-05
3.84818e-05
-2.46004e-05
3.36413e-05
-2.65351e-05
2.75138e-05
-2.81428e-05
2.03751e-05
-2.95276e-05
1.2347e-05
-3.07162e-05
3.47013e-06
-3.16248e-05
-6.22656e-06
-3.20264e-05
-1.66454e-05
-3.15301e-05
-2.75028e-05
-2.96024e-05
-3.81525e-05
-2.56893e-05
-4.7344e-05
-1.95171e-05
-5.29657e-05
-1.1614e-05
-5.19592e-05
-3.92583e-06
-4.0812e-05
-1.72629e-05
-2.49739e-06
1.48412e-05
-7.08745e-06
3.36004e-05
-1.17158e-05
4.2916e-05
-1.54457e-05
4.56137e-05
-1.80749e-05
4.41457e-05
-1.97569e-05
4.01637e-05
-2.07789e-05
3.46633e-05
-2.14486e-05
2.81834e-05
-2.2039e-05
2.09656e-05
-2.27591e-05
1.3067e-05
-2.37297e-05
4.4408e-06
-2.49509e-05
-5.00542e-06
-2.62533e-05
-1.5343e-05
-2.72405e-05
-2.65156e-05
-2.7247e-05
-3.8146e-05
-2.53867e-05
-4.92043e-05
-2.0827e-05
-5.75254e-05
-1.34571e-05
-5.93292e-05
-4.99289e-06
-4.92762e-05
-2.22558e-05
-3.33628e-06
1.81775e-05
-8.42437e-06
3.86885e-05
-1.25196e-05
4.70113e-05
-1.48416e-05
4.79356e-05
-1.55574e-05
4.48615e-05
-1.51495e-05
3.97559e-05
-1.41443e-05
3.36581e-05
-1.30111e-05
2.70502e-05
-1.21367e-05
2.00912e-05
-1.18205e-05
1.27508e-05
-1.2275e-05
4.89523e-06
-1.36027e-05
-3.67771e-06
-1.57455e-05
-1.32001e-05
-1.83947e-05
-2.38663e-05
-2.08717e-05
-3.56691e-05
-2.2042e-05
-4.80341e-05
-2.04398e-05
-5.91276e-05
-1.49305e-05
-6.48385e-05
-6.33023e-06
-5.78764e-05
-2.8586e-05
-4.75836e-06
2.29358e-05
-1.01834e-05
4.41135e-05
-1.28298e-05
4.96577e-05
-1.2595e-05
4.77009e-05
-1.03418e-05
4.26082e-05
-6.99983e-06
3.64139e-05
-3.34088e-06
2.99992e-05
4.61001e-08
2.36632e-05
2.72329e-06
1.7414e-05
4.34973e-06
1.11244e-05
4.66181e-06
4.58315e-06
3.46645e-06
-2.48234e-06
6.7751e-07
-1.04112e-05
-3.58717e-06
-1.96017e-05
-8.82413e-06
-3.04321e-05
-1.38891e-05
-4.2969e-05
-1.68171e-05
-5.61996e-05
-1.51605e-05
-6.64951e-05
-7.83125e-06
-6.52057e-05
-3.64173e-05
-6.88148e-06
2.98173e-05
-1.16051e-05
4.88372e-05
-1.08463e-05
4.88989e-05
-6.27425e-06
4.31288e-05
1.93334e-07
3.61407e-05
7.19884e-06
2.94084e-05
1.3858e-05
2.334e-05
1.96099e-05
1.79113e-05
2.40828e-05
1.29411e-05
2.70033e-05
8.20388e-06
2.81324e-05
3.45408e-06
2.72378e-05
-1.58779e-06
2.40999e-05
-7.27327e-06
1.85751e-05
-1.40769e-05
1.0778e-05
-2.2635e-05
1.45817e-06
-3.36492e-05
-7.42031e-06
-4.73211e-05
-1.22344e-05
-6.1681e-05
-8.89067e-06
-6.85494e-05
-4.53079e-05
-8.98057e-06
3.87979e-05
-9.26514e-06
4.91217e-05
-1.45017e-06
4.10839e-05
9.57854e-06
3.21001e-05
2.10384e-05
2.46808e-05
3.16363e-05
1.88105e-05
4.07828e-05
1.41935e-05
4.82188e-05
1.04754e-05
5.38228e-05
7.33709e-06
5.75034e-05
4.52328e-06
5.91377e-05
1.81977e-06
5.85337e-05
-9.8382e-07
5.54032e-05
-4.14273e-06
4.93593e-05
-8.033e-06
3.99944e-05
-1.32701e-05
2.71902e-05
-2.0845e-05
1.19369e-05
-3.20678e-05
-2.1377e-06
-4.76064e-05
-7.61095e-06
-6.30762e-05
-5.29189e-05
-4.9483e-06
4.37462e-05
8.8597e-06
3.53137e-05
2.78809e-05
2.20627e-05
4.54327e-05
1.45483e-05
6.01461e-05
9.96744e-06
7.20287e-05
6.92792e-06
8.13713e-05
4.85085e-06
8.84801e-05
3.36651e-06
9.35905e-05
2.22675e-06
9.684e-05
1.27371e-06
9.82583e-05
4.01485e-07
9.77558e-05
-4.81252e-07
9.50813e-05
-1.46826e-06
8.97641e-05
-2.71578e-06
8.10112e-05
-4.51728e-06
6.76657e-05
-7.49942e-06
4.8599e-05
-1.30012e-05
2.4467e-05
-2.34744e-05
2.50297e-06
-4.11121e-05
-5.04159e-05
4.37462e-05
7.90599e-05
0.000101123
0.000115671
0.000125638
0.000132566
0.000137417
0.000140784
0.00014301
0.000144284
0.000144686
0.000144204
0.000142736
0.00014002
0.000135503
0.000128004
0.000115002
9.1528e-05
5.04159e-05
)
;

boundaryField
{
    movingWall
    {
        type            calculated;
        value           uniform 0;
    }
    fixedWalls
    {
        type            calculated;
        value           uniform 0;
    }
    frontAndBack
    {
        type            empty;
        value           nonuniform List<scalar> 0();
    }
}


// ************************************************************************* //
