/*--------------------------------*- C++ -*----------------------------------*\
  =========                 |
  \\      /  F ield         | OpenFOAM: The Open Source CFD Toolbox
   \\    /   O peration     | Website:  https://openfoam.org
    \\  /    A nd           | Version:  8
     \\/     M anipulation  |
\*---------------------------------------------------------------------------*/
FoamFile
{
    version     2.0;
    format      ascii;
    class       volVectorField;
    location    "0.1";
    object      U;
}
// * * * * * * * * * * * * * * * * * * * * * * * * * * * * * * * * * * * * * //

dimensions      [0 1 -1 0 0 0 0];

internalField   nonuniform List<vector> 
400
(
(0.000793668 -0.000813028 0)
(0.000323255 0.000413154 0)
(-0.00415744 0.00189225 0)
(-0.011776 0.0028979 0)
(-0.0212404 0.00339524 0)
(-0.031316 0.00345888 0)
(-0.0409431 0.00316886 0)
(-0.0492323 0.00259096 0)
(-0.0554508 0.00177776 0)
(-0.0590157 0.000780621 0)
(-0.0595184 -0.000335413 0)
(-0.0567767 -0.00148031 0)
(-0.0509011 -0.00253497 0)
(-0.0423553 -0.00335683 0)
(-0.0319872 -0.0037958 0)
(-0.0210052 -0.0037201 0)
(-0.0108755 -0.00305081 0)
(-0.0031273 -0.00180267 0)
(0.000953835 -0.000184513 0)
(0.00097235 0.000944369 0)
(-0.000375407 -0.000397159 0)
(-0.00573267 0.00569978 0)
(-0.0194948 0.0121007 0)
(-0.0394743 0.016568 0)
(-0.0630412 0.0187757 0)
(-0.0876672 0.0188762 0)
(-0.110987 0.0171453 0)
(-0.13092 0.0138744 0)
(-0.145729 0.00935065 0)
(-0.154061 0.00388815 0)
(-0.155016 -0.00212526 0)
(-0.148256 -0.00819339 0)
(-0.134125 -0.0137065 0)
(-0.113746 -0.0179766 0)
(-0.089054 -0.0203181 0)
(-0.0627037 -0.0201724 0)
(-0.0378066 -0.0172685 0)
(-0.0174772 -0.011802 0)
(-0.00437605 -0.00474216 0)
(3.71937e-05 0.00107294 0)
(-0.0019294 0.00406204 0)
(-0.0128927 0.0196451 0)
(-0.0360331 0.0341727 0)
(-0.0672187 0.0442183 0)
(-0.102676 0.0490274 0)
(-0.139044 0.0487827 0)
(-0.173125 0.0440203 0)
(-0.202063 0.0354013 0)
(-0.223463 0.0236501 0)
(-0.235465 0.00959664 0)
(-0.236847 -0.00574575 0)
(-0.227163 -0.0211235 0)
(-0.206889 -0.0350465 0)
(-0.177543 -0.0458793 0)
(-0.141721 -0.0520315 0)
(-0.102987 -0.0522472 0)
(-0.0655214 -0.0459681 0)
(-0.033554 -0.0337176 0)
(-0.0110674 -0.0175779 0)
(-0.00134035 -0.00243257 0)
(-0.00332102 0.0124005 0)
(-0.0196336 0.0416448 0)
(-0.0518492 0.0665159 0)
(-0.0935907 0.0831514 0)
(-0.139852 0.0906603 0)
(-0.18657 0.0893857 0)
(-0.229952 0.0802134 0)
(-0.266624 0.0642658 0)
(-0.293759 0.0428146 0)
(-0.309147 0.0173378 0)
(-0.311312 -0.01037 0)
(-0.299656 -0.0381184 0)
(-0.274641 -0.0633316 0)
(-0.237938 -0.0831978 0)
(-0.192515 -0.0949804 0)
(-0.142561 -0.0964935 0)
(-0.0931462 -0.0866994 0)
(-0.0496181 -0.0663145 0)
(-0.0175625 -0.0384056 0)
(-0.0025688 -0.00951122 0)
(-0.00453589 0.0241818 0)
(-0.0258161 0.0711182 0)
(-0.0666717 0.108325 0)
(-0.118437 0.132228 0)
(-0.174823 0.142249 0)
(-0.231112 0.139152 0)
(-0.283046 0.124322 0)
(-0.326898 0.0994302 0)
(-0.359549 0.0663553 0)
(-0.378535 0.0272725 0)
(-0.382131 -0.0151923 0)
(-0.369508 -0.0578434 0)
(-0.34094 -0.096915 0)
(-0.298022 -0.128255 0)
(-0.243847 -0.147742 0)
(-0.183059 -0.151953 0)
(-0.121581 -0.13902 0)
(-0.0660435 -0.109507 0)
(-0.0239899 -0.067157 0)
(-0.00368608 -0.0199064 0)
(-0.0056356 0.0391041 0)
(-0.0315625 0.10766 0)
(-0.0806165 0.159211 0)
(-0.141904 0.191036 0)
(-0.207861 0.203349 0)
(-0.273159 0.197661 0)
(-0.333179 0.176051 0)
(-0.383962 0.140839 0)
(-0.42222 0.0945406 0)
(-0.445294 0.0400161 0)
(-0.451203 -0.0193064 0)
(-0.438788 -0.0792414 0)
(-0.40795 -0.134792 0)
(-0.359955 -0.180324 0)
(-0.297765 -0.210053 0)
(-0.226289 -0.218887 0)
(-0.152272 -0.203596 0)
(-0.0838267 -0.164056 0)
(-0.0308767 -0.104304 0)
(-0.00484137 -0.0336338 0)
(-0.0066715 0.056959 0)
(-0.0370055 0.150899 0)
(-0.0938371 0.218734 0)
(-0.164104 0.259093 0)
(-0.239005 0.273463 0)
(-0.312675 0.264476 0)
(-0.38025 0.235135 0)
(-0.437682 0.18851 0)
(-0.481637 0.127758 0)
(-0.509348 0.0563508 0)
(-0.518588 -0.0215902 0)
(-0.507783 -0.100995 0)
(-0.476268 -0.175678 0)
(-0.424697 -0.238428 0)
(-0.35557 -0.281491 0)
(-0.273758 -0.297564 0)
(-0.186697 -0.28131 0)
(-0.104124 -0.231136 0)
(-0.0388497 -0.150827 0)
(-0.00620116 -0.0510594 0)
(-0.00768134 0.0776147 0)
(-0.0422489 0.200505 0)
(-0.106434 0.286391 0)
(-0.185001 0.335742 0)
(-0.267957 0.351852 0)
(-0.34901 0.338888 0)
(-0.423217 0.301042 0)
(-0.486633 0.242242 0)
(-0.536055 0.16626 0)
(-0.568747 0.077052 0)
(-0.582306 -0.0207655 0)
(-0.574706 -0.121452 0)
(-0.544551 -0.217791 0)
(-0.491566 -0.300997 0)
(-0.417345 -0.361084 0)
(-0.326247 -0.387907 0)
(-0.226033 -0.373038 0)
(-0.128047 -0.312274 0)
(-0.0485616 -0.20825 0)
(-0.00794177 -0.0729168 0)
(-0.00870168 0.100997 0)
(-0.0473945 0.256182 0)
(-0.118475 0.361575 0)
(-0.20442 0.420056 0)
(-0.294075 0.437353 0)
(-0.380885 0.41967 0)
(-0.460069 0.372686 0)
(-0.528048 0.30131 0)
(-0.582016 0.209877 0)
(-0.619495 0.102648 0)
(-0.638069 -0.0155499 0)
(-0.635319 -0.138647 0)
(-0.60902 -0.25872 0)
(-0.557657 -0.36559 0)
(-0.481375 -0.446904 0)
(-0.383299 -0.489048 0)
(-0.27081 -0.479286 0)
(-0.156512 -0.409154 0)
(-0.0606753 -0.278604 0)
(-0.010262 -0.100314 0)
(-0.00979668 0.127102 0)
(-0.0526246 0.317671 0)
(-0.130113 0.443515 0)
(-0.222151 0.510671 0)
(-0.316447 0.528128 0)
(-0.406429 0.504744 0)
(-0.487821 0.448053 0)
(-0.557781 0.364069 0)
(-0.614263 0.257631 0)
(-0.655387 0.133078 0)
(-0.67901 -0.00491753 0)
(-0.682522 -0.150434 0)
(-0.662897 -0.295364 0)
(-0.617155 -0.42859 0)
(-0.543405 -0.535541 0)
(-0.442573 -0.598667 0)
(-0.320478 -0.599557 0)
(-0.190073 -0.523196 0)
(-0.0758774 -0.364287 0)
(-0.0134123 -0.134754 0)
(-0.0111101 0.156083 0)
(-0.0583468 0.384827 0)
(-0.141765 0.531219 0)
(-0.238107 0.60559 0)
(-0.333984 0.621349 0)
(-0.423209 0.590809 0)
(-0.50251 0.523784 0)
(-0.570282 0.427525 0)
(-0.625702 0.307298 0)
(-0.667932 0.167264 0)
(-0.695526 0.0115168 0)
(-0.706046 -0.154762 0)
(-0.69591 -0.324031 0)
(-0.660634 -0.485034 0)
(-0.595794 -0.621591 0)
(-0.498996 -0.712185 0)
(-0.372782 -0.731442 0)
(-0.228659 -0.654866 0)
(-0.0948958 -0.467812 0)
(-0.0177442 -0.178195 0)
(-0.0129568 0.18845 0)
(-0.0654144 0.457787 0)
(-0.154347 0.623422 0)
(-0.252441 0.701917 0)
(-0.345403 0.712821 0)
(-0.428127 0.672916 0)
(-0.499073 0.594749 0)
(-0.558505 0.486913 0)
(-0.607375 0.354979 0)
(-0.646391 0.202655 0)
(-0.675312 0.0330213 0)
(-0.692407 -0.150136 0)
(-0.694027 -0.340768 0)
(-0.674486 -0.52866 0)
(-0.626638 -0.697271 0)
(-0.543724 -0.821864 0)
(-0.422841 -0.869399 0)
(-0.271087 -0.8026 0)
(-0.118494 -0.591372 0)
(-0.02379 -0.233167 0)
(-0.0159846 0.225476 0)
(-0.0754436 0.537219 0)
(-0.169454 0.71841 0)
(-0.265431 0.795408 0)
(-0.348838 0.796445 0)
(-0.416889 0.743981 0)
(-0.470829 0.65366 0)
(-0.513546 0.535374 0)
(-0.548322 0.39479 0)
(-0.577867 0.234869 0)
(-0.60364 0.0572826 0)
(-0.625219 -0.136187 0)
(-0.639631 -0.341955 0)
(-0.640731 -0.55233 0)
(-0.619055 -0.752356 0)
(-0.562942 -0.916021 0)
(-0.461825 -1.00325 0)
(-0.314199 -0.961152 0)
(-0.147361 -0.736007 0)
(-0.0323813 -0.302977 0)
(-0.0214516 0.269919 0)
(-0.0912 0.624543 0)
(-0.189211 0.813475 0)
(-0.2766 0.879592 0)
(-0.340454 0.863418 0)
(-0.382461 0.79424 0)
(-0.408071 0.690799 0)
(-0.423585 0.563899 0)
(-0.434994 0.418892 0)
(-0.447243 0.257653 0)
(-0.463752 0.0801555 0)
(-0.48591 -0.114226 0)
(-0.512268 -0.325152 0)
(-0.537424 -0.548956 0)
(-0.550877 -0.77478 0)
(-0.536654 -0.978712 0)
(-0.475103 -1.11658 0)
(-0.35125 -1.1192 0)
(-0.181644 -0.899988 0)
(-0.0447615 -0.391931 0)
(-0.0316056 0.327172 0)
(-0.116766 0.721684 0)
(-0.214931 0.903429 0)
(-0.281879 0.944136 0)
(-0.310858 0.901085 0)
(-0.311462 0.81078 0)
(-0.294957 0.694147 0)
(-0.271525 0.561854 0)
(-0.249781 0.418177 0)
(-0.236593 0.263492 0)
(-0.23712 0.0959559 0)
(-0.254662 -0.0874911 0)
(-0.289968 -0.290022 0)
(-0.339847 -0.51303 0)
(-0.395021 -0.752287 0)
(-0.437607 -0.990589 0)
(-0.439654 -1.18576 0)
(-0.368851 -1.25625 0)
(-0.219306 -1.07576 0)
(-0.0623864 -0.505262 0)
(-0.0497445 0.407093 0)
(-0.156078 0.829222 0)
(-0.242012 0.976976 0)
(-0.266007 0.971938 0)
(-0.23705 0.891574 0)
(-0.176999 0.777604 0)
(-0.103787 0.650464 0)
(-0.0308627 0.518634 0)
(0.0316511 0.384088 0)
(0.0761328 0.245307 0)
(0.0966857 0.0987261 0)
(0.0886675 -0.060659 0)
(0.049021 -0.238948 0)
(-0.0225286 -0.442507 0)
(-0.120824 -0.675278 0)
(-0.230631 -0.931557 0)
(-0.320461 -1.18038 0)
(-0.341198 -1.33942 0)
(-0.251328 -1.2451 0)
(-0.0852562 -0.649001 0)
(-0.0779705 0.527833 0)
(-0.205086 0.939622 0)
(-0.244195 1.00728 0)
(-0.184499 0.933126 0)
(-0.0666974 0.809953 0)
(0.0732648 0.676647 0)
(0.213239 0.547813 0)
(0.339539 0.426749 0)
(0.443335 0.311816 0)
(0.518513 0.199373 0)
(0.560166 0.0846315 0)
(0.56366 -0.0382782 0)
(0.524376 -0.176787 0)
(0.438212 -0.340446 0)
(0.30369 -0.540473 0)
(0.127383 -0.785331 0)
(-0.0657661 -1.06572 0)
(-0.220239 -1.32002 0)
(-0.250753 -1.37096 0)
(-0.105754 -0.83022 0)
(-0.103481 0.713841 0)
(-0.222405 1.01527 0)
(-0.131698 0.934072 0)
(0.0732881 0.779123 0)
(0.307109 0.626624 0)
(0.531738 0.493778 0)
(0.731118 0.382215 0)
(0.897915 0.287851 0)
(1.02889 0.205251 0)
(1.12227 0.129246 0)
(1.17615 0.0549407 0)
(1.18755 -0.0228402 0)
(1.15176 -0.110535 0)
(1.06195 -0.217385 0)
(0.909532 -0.357352 0)
(0.687551 -0.549864 0)
(0.399799 -0.812953 0)
(0.0810238 -1.13338 0)
(-0.149722 -1.37619 0)
(-0.0887211 -1.03488 0)
(-0.00942812 0.891498 0)
(-0.00630169 0.930479 0)
(0.348508 0.679517 0)
(0.739727 0.485118 0)
(1.0679 0.349508 0)
(1.33301 0.252828 0)
(1.54409 0.182799 0)
(1.70771 0.130316 0)
(1.82924 0.088631 0)
(1.91251 0.0530118 0)
(1.95929 0.0199633 0)
(1.9691 -0.013584 0)
(1.93871 -0.0512205 0)
(1.86118 -0.0983646 0)
(1.72431 -0.16482 0)
(1.50905 -0.269344 0)
(1.18742 -0.445348 0)
(0.730157 -0.73528 0)
(0.235465 -1.11068 0)
(0.109855 -1.09385 0)
(0.984865 0.482788 0)
(1.27454 0.426457 0)
(1.78718 0.265502 0)
(2.18032 0.162316 0)
(2.42805 0.101741 0)
(2.59206 0.0648586 0)
(2.70674 0.0418208 0)
(2.78733 0.0268656 0)
(2.84231 0.0164403 0)
(2.87678 0.00842656 0)
(2.89334 0.00153008 0)
(2.89268 -0.00516046 0)
(2.87372 -0.012599 0)
(2.833 -0.0221742 0)
(2.76288 -0.0367041 0)
(2.64743 -0.0626994 0)
(2.44957 -0.115482 0)
(2.07824 -0.226862 0)
(1.49227 -0.42756 0)
(1.08993 -0.518778 0)
)
;

boundaryField
{
    movingWall
    {
        type            fixedValue;
        value           uniform (3.4 0 0);
    }
    fixedWalls
    {
        type            noSlip;
    }
    frontAndBack
    {
        type            empty;
    }
}


// ************************************************************************* //
