/*--------------------------------*- C++ -*----------------------------------*\
  =========                 |
  \\      /  F ield         | OpenFOAM: The Open Source CFD Toolbox
   \\    /   O peration     | Website:  https://openfoam.org
    \\  /    A nd           | Version:  8
     \\/     M anipulation  |
\*---------------------------------------------------------------------------*/
FoamFile
{
    version     2.0;
    format      ascii;
    class       surfaceScalarField;
    location    "0.1";
    object      phi;
}
// * * * * * * * * * * * * * * * * * * * * * * * * * * * * * * * * * * * * * //

dimensions      [0 3 -1 0 0 0 0];

internalField   nonuniform List<scalar> 
760
(
3.65457e-08
-3.65432e-08
-6.79398e-08
1.04484e-07
-3.22093e-07
2.54154e-07
-6.78821e-07
3.56726e-07
-1.08557e-06
4.06749e-07
-1.49455e-06
4.08979e-07
-1.86499e-06
3.70439e-07
-2.16327e-06
2.98286e-07
-2.36264e-06
1.99369e-07
-2.44352e-06
8.08744e-08
-2.39481e-06
-4.8702e-08
-2.21599e-06
-1.78819e-07
-1.91928e-06
-2.96716e-07
-1.53127e-06
-3.88006e-07
-1.09313e-06
-4.38141e-07
-6.58366e-07
-4.34767e-07
-2.87454e-07
-3.70912e-07
-3.88003e-08
-2.48654e-07
4.77315e-08
-8.65328e-08
4.77312e-08
-1.00143e-07
6.3596e-08
-5.09503e-07
5.13847e-07
-1.20765e-06
9.52302e-07
-2.10821e-06
1.25729e-06
-3.10618e-06
1.40472e-06
-4.09792e-06
1.40072e-06
-4.99013e-06
1.26265e-06
-5.70366e-06
1.01182e-06
-6.17548e-06
6.7119e-07
-6.36083e-06
2.66224e-07
-6.23637e-06
-1.73166e-07
-5.80408e-06
-6.11105e-07
-5.09508e-06
-1.00572e-06
-4.17172e-06
-1.31137e-06
-3.1264e-06
-1.48346e-06
-2.07523e-06
-1.48594e-06
-1.14492e-06
-1.30122e-06
-4.52242e-07
-9.4133e-07
-7.4501e-08
-4.64274e-07
-2.67682e-08
-2.62756e-07
3.26352e-07
-1.00038e-06
1.25147e-06
-2.12072e-06
2.07265e-06
-3.49474e-06
2.63131e-06
-4.97936e-06
2.88933e-06
-6.43444e-06
2.8558e-06
-7.73278e-06
2.56099e-06
-8.76559e-06
2.04463e-06
-9.44608e-06
1.35168e-06
-9.71295e-06
5.33094e-07
-9.53468e-06
-3.51434e-07
-8.91448e-06
-1.23131e-06
-7.89481e-06
-2.02539e-06
-6.55995e-06
-2.64624e-06
-5.0342e-06
-3.00921e-06
-3.4738e-06
-3.04634e-06
-2.05056e-06
-2.72447e-06
-9.27218e-07
-2.06467e-06
-2.26465e-07
-1.16502e-06
-2.53232e-07
-4.1153e-07
7.3788e-07
-1.46733e-06
2.30727e-06
-2.99257e-06
3.59789e-06
-4.80583e-06
4.44456e-06
-6.72688e-06
4.81038e-06
-8.58668e-06
4.71561e-06
-1.02343e-05
4.20862e-06
-1.15413e-05
3.35165e-06
-1.24052e-05
2.21549e-06
-1.27526e-05
8.80551e-07
-1.25448e-05
-5.59277e-07
-1.17825e-05
-1.99359e-06
-1.05121e-05
-3.29578e-06
-8.82925e-06
-4.32909e-06
-6.87871e-06
-4.95975e-06
-4.84726e-06
-5.07778e-06
-2.94762e-06
-4.62411e-06
-1.39324e-06
-3.61905e-06
-3.67858e-07
-2.19041e-06
-6.2109e-07
-5.46295e-07
1.28417e-06
-1.90399e-06
3.66496e-06
-3.81686e-06
5.51076e-06
-6.04693e-06
6.67463e-06
-8.37606e-06
7.13952e-06
-1.06097e-05
6.94921e-06
-1.25789e-05
6.17789e-06
-1.41421e-05
4.9148e-06
-1.51857e-05
3.25907e-06
-1.56271e-05
1.32198e-06
-1.5419e-05
-7.6741e-07
-1.45552e-05
-2.85732e-06
-1.30785e-05
-4.77248e-06
-1.10869e-05
-6.32071e-06
-8.73745e-06
-7.30921e-06
-6.24308e-06
-7.57214e-06
-3.8594e-06
-7.0078e-06
-1.8599e-06
-5.61854e-06
-5.03063e-07
-3.54725e-06
-1.12415e-06
-6.71877e-07
1.95605e-06
-2.31742e-06
5.31051e-06
-4.60227e-06
7.79561e-06
-7.23095e-06
9.30331e-06
-9.94754e-06
9.8561e-06
-1.25345e-05
9.53617e-06
-1.48097e-05
8.45306e-06
-1.66229e-05
6.72799e-06
-1.78537e-05
4.48988e-06
-1.84116e-05
1.87989e-06
-1.82391e-05
-9.39919e-07
-1.73181e-05
-3.77827e-06
-1.56796e-05
-6.41095e-06
-1.34146e-05
-8.58571e-06
-1.0684e-05
-1.00398e-05
-7.72273e-06
-1.05335e-05
-4.83204e-06
-9.89848e-06
-2.3564e-06
-8.09419e-06
-6.44365e-07
-5.25928e-06
-1.76852e-06
-7.92758e-07
2.74881e-06
-2.71599e-06
7.23374e-06
-5.35806e-06
1.04377e-05
-8.36572e-06
1.2311e-05
-1.14466e-05
1.2937e-05
-1.43638e-05
1.24534e-05
-1.6927e-05
1.10163e-05
-1.89832e-05
8.78419e-06
-2.04095e-05
5.91623e-06
-2.11098e-05
2.58015e-06
-2.10153e-05
-1.03444e-06
-2.0091e-05
-4.70257e-06
-1.83473e-05
-8.15461e-06
-1.58567e-05
-1.10763e-05
-1.27722e-05
-1.31243e-05
-9.34276e-06
-1.39629e-05
-5.91548e-06
-1.33258e-05
-2.91672e-06
-1.1093e-05
-8.05339e-07
-7.37066e-06
-2.57385e-06
-9.12465e-07
3.66127e-06
-3.1064e-06
9.42767e-06
-6.08927e-06
1.34206e-05
-9.44876e-06
1.56705e-05
-1.28584e-05
1.63466e-05
-1.60676e-05
1.56626e-05
-1.88853e-05
1.38339e-05
-2.11633e-05
1.10622e-05
-2.27833e-05
7.53615e-06
-2.36475e-05
3.44441e-06
-2.3677e-05
-1.00494e-06
-2.28159e-05
-5.56369e-06
-2.10448e-05
-9.92568e-06
-1.84033e-05
-1.37178e-05
-1.50195e-05
-1.65081e-05
-1.11406e-05
-1.78418e-05
-7.15321e-06
-1.73132e-05
-3.57434e-06
-1.46718e-05
-9.9975e-07
-9.94525e-06
-3.57361e-06
-1.03429e-06
4.69556e-06
-3.49444e-06
1.18878e-05
-6.79685e-06
1.6723e-05
-1.04666e-05
1.93402e-05
-1.41466e-05
2.00267e-05
-1.75812e-05
1.90972e-05
-2.05895e-05
1.68422e-05
-2.30396e-05
1.35123e-05
-2.48277e-05
9.32421e-06
-2.58627e-05
4.47949e-06
-2.60595e-05
-8.08149e-07
-2.534e-05
-6.28318e-06
-2.36467e-05
-1.1619e-05
-2.09695e-05
-1.63951e-05
-1.73873e-05
-2.00903e-05
-1.31197e-05
-2.21093e-05
-8.57375e-06
-2.18591e-05
-4.35951e-06
-1.88861e-05
-1.24171e-06
-1.30631e-05
-4.81531e-06
-1.1633e-06
5.85886e-06
-3.88872e-06
1.46132e-05
-7.48128e-06
2.03155e-05
-1.13966e-05
2.32555e-05
-1.52533e-05
2.38834e-05
-1.88033e-05
2.26472e-05
-2.18917e-05
1.99306e-05
-2.44191e-05
1.60397e-05
-2.63108e-05
1.12159e-05
-2.74948e-05
5.66358e-06
-2.78887e-05
-4.14272e-07
-2.73955e-05
-6.77635e-06
-2.59142e-05
-1.31003e-05
-2.33678e-05
-1.89414e-05
-1.97559e-05
-2.37022e-05
-1.52302e-05
-2.66351e-05
-1.01807e-05
-2.69086e-05
-5.29723e-06
-2.37695e-05
-1.54673e-06
-1.68136e-05
-6.36205e-06
-1.30994e-06
7.16879e-06
-4.3071e-06
1.76104e-05
-8.14842e-06
2.41568e-05
-1.22106e-05
2.73177e-05
-1.60986e-05
2.77714e-05
-1.95927e-05
2.61413e-05
-2.25865e-05
2.29244e-05
-2.50339e-05
1.84871e-05
-2.69087e-05
1.30907e-05
-2.81751e-05
6.92995e-06
-2.87674e-05
1.78046e-07
-2.85797e-05
-6.96399e-06
-2.74686e-05
-1.42115e-05
-2.52771e-05
-2.11329e-05
-2.18919e-05
-2.70874e-05
-1.73424e-05
-3.11846e-05
-1.19375e-05
-3.23135e-05
-6.40408e-06
-2.93029e-05
-1.93365e-06
-2.1284e-05
-8.2957e-06
-1.49594e-06
8.66474e-06
-4.78547e-06
2.08999e-05
-8.81484e-06
2.81862e-05
-1.28729e-05
3.13757e-05
-1.6574e-05
3.14725e-05
-1.97591e-05
2.93264e-05
-2.24009e-05
2.55663e-05
-2.45331e-05
2.06193e-05
-2.61999e-05
1.47575e-05
-2.74215e-05
8.15149e-06
-2.81681e-05
9.24722e-07
-2.83422e-05
-6.78995e-06
-2.77692e-05
-1.47845e-05
-2.62096e-05
-2.26925e-05
-2.34086e-05
-2.98884e-05
-1.92089e-05
-3.53843e-05
-1.37427e-05
-3.77797e-05
-7.68134e-06
-3.53643e-05
-2.42757e-06
-2.65377e-05
-1.07233e-05
-1.76402e-06
1.04288e-05
-5.38723e-06
2.45231e-05
-9.50601e-06
3.2305e-05
-1.33259e-05
3.51956e-05
-1.65183e-05
3.46649e-05
-1.9036e-05
3.18441e-05
-2.09717e-05
2.75019e-05
-2.24673e-05
2.21148e-05
-2.36585e-05
1.59487e-05
-2.46396e-05
9.13261e-06
-2.5437e-05
1.72217e-06
-2.59848e-05
-6.24223e-06
-2.6102e-05
-1.46672e-05
-2.54829e-05
-2.33117e-05
-2.37212e-05
-3.16501e-05
-2.04128e-05
-3.86927e-05
-1.53883e-05
-4.28042e-05
-9.09924e-06
-4.16533e-05
-3.06388e-06
-3.25731e-05
-1.37872e-05
-2.19272e-06
1.26215e-05
-6.20669e-06
2.85371e-05
-1.02301e-05
3.63284e-05
-1.34369e-05
3.84024e-05
-1.56518e-05
3.68799e-05
-1.70171e-05
3.32094e-05
-1.7793e-05
2.82779e-05
-1.82543e-05
2.25761e-05
-1.86399e-05
1.63342e-05
-1.91265e-05
9.61926e-06
-1.98103e-05
2.406e-06
-2.06816e-05
-5.37097e-06
-2.15903e-05
-1.37585e-05
-2.22071e-05
-2.26949e-05
-2.20019e-05
-3.18553e-05
-2.02966e-05
-4.0398e-05
-1.64885e-05
-4.66123e-05
-1.05596e-05
-4.75823e-05
-3.89052e-06
-3.92422e-05
-1.76777e-05
-2.9135e-06
1.5535e-05
-7.34113e-06
3.29647e-05
-1.08826e-05
3.98698e-05
-1.28595e-05
4.03794e-05
-1.34278e-05
3.74482e-05
-1.30225e-05
3.2804e-05
-1.21133e-05
2.73688e-05
-1.11125e-05
2.15753e-05
-1.03506e-05
1.55722e-05
-1.00732e-05
9.34192e-06
-1.04429e-05
2.77566e-06
-1.15218e-05
-4.29204e-06
-1.32336e-05
-1.20468e-05
-1.52969e-05
-2.06315e-05
-1.71427e-05
-3.00094e-05
-1.78672e-05
-3.96735e-05
-1.63544e-05
-4.81252e-05
-1.1803e-05
-5.21337e-05
-4.95195e-06
-4.60932e-05
-2.26296e-05
-4.09886e-06
1.96338e-05
-8.74402e-06
3.76099e-05
-1.09724e-05
4.20982e-05
-1.07135e-05
4.01205e-05
-8.73497e-06
3.54696e-05
-5.86012e-06
2.99291e-05
-2.76575e-06
2.42744e-05
4.23675e-08
1.87672e-05
2.19964e-06
1.3415e-05
3.4352e-06
8.10636e-06
3.55241e-06
2.65844e-06
2.42281e-06
-3.16243e-06
1.56738e-08
-9.63962e-06
-3.52422e-06
-1.70916e-05
-7.73882e-06
-2.57949e-05
-1.16735e-05
-3.57389e-05
-1.3772e-05
-4.60267e-05
-1.21821e-05
-5.37236e-05
-6.197e-06
-5.20783e-05
-2.88266e-05
-5.80986e-06
2.54437e-05
-9.70616e-06
4.15062e-05
-8.92348e-06
4.13155e-05
-4.92653e-06
3.61236e-05
6.15347e-07
2.99277e-05
6.52388e-06
2.40206e-05
1.20443e-05
1.87539e-05
1.67119e-05
1.40996e-05
2.02326e-05
9.89427e-06
2.24012e-05
5.93768e-06
2.30464e-05
2.01326e-06
2.20076e-05
-2.12359e-06
1.91422e-05
-6.77424e-06
1.43833e-05
-1.23328e-05
7.89029e-06
-1.93018e-05
3.42551e-07
-2.81911e-05
-6.6363e-06
-3.90478e-05
-1.01841e-05
-5.01757e-05
-7.19306e-06
-5.50693e-05
-3.60197e-05
-7.3707e-06
3.28144e-05
-7.31247e-06
4.1448e-05
-4.91797e-07
3.44948e-05
8.93126e-06
2.67005e-05
1.85861e-05
2.02729e-05
2.73816e-05
1.52252e-05
3.48404e-05
1.12951e-05
4.07742e-05
8.16583e-06
4.51119e-05
5.55661e-06
4.78056e-05
3.24394e-06
4.87785e-05
1.04035e-06
4.78941e-05
-1.23918e-06
4.4937e-05
-3.8171e-06
3.96194e-05
-7.01522e-06
3.16587e-05
-1.13411e-05
2.10415e-05
-1.75739e-05
8.67081e-06
-2.66771e-05
-2.46723e-06
-3.90377e-05
-6.45062e-06
-5.1086e-05
-4.24703e-05
-3.63287e-06
3.64473e-05
8.25806e-06
2.95571e-05
2.4349e-05
1.84039e-05
3.90605e-05
1.1989e-05
5.12447e-05
8.08862e-06
6.09376e-05
5.5323e-06
6.84253e-05
3.80735e-06
7.40018e-05
2.58933e-06
7.78933e-05
1.66519e-06
8.02366e-05
9.00634e-07
8.10716e-05
2.05369e-07
8.03318e-05
-4.99466e-07
7.7812e-05
-1.29728e-06
7.31215e-05
-2.3247e-06
6.56145e-05
-3.83415e-06
5.43827e-05
-6.3421e-06
3.86048e-05
-1.08992e-05
1.89577e-05
-1.93905e-05
1.44099e-06
-3.35693e-05
-4.10293e-05
3.64473e-05
6.60043e-05
8.44082e-05
9.63972e-05
0.000104486
0.000110018
0.000113825
0.000116415
0.00011808
0.000118981
0.000119186
0.000118687
0.000117389
0.000115065
0.00011123
0.000104888
9.39891e-05
7.45986e-05
4.10293e-05
)
;

boundaryField
{
    movingWall
    {
        type            calculated;
        value           uniform 0;
    }
    fixedWalls
    {
        type            calculated;
        value           uniform 0;
    }
    frontAndBack
    {
        type            empty;
        value           nonuniform List<scalar> 0();
    }
}


// ************************************************************************* //
