/*--------------------------------*- C++ -*----------------------------------*\
  =========                 |
  \\      /  F ield         | OpenFOAM: The Open Source CFD Toolbox
   \\    /   O peration     | Website:  https://openfoam.org
    \\  /    A nd           | Version:  8
     \\/     M anipulation  |
\*---------------------------------------------------------------------------*/
FoamFile
{
    version     2.0;
    format      ascii;
    class       volScalarField;
    location    "0.5";
    object      p;
}
// * * * * * * * * * * * * * * * * * * * * * * * * * * * * * * * * * * * * * //

dimensions      [0 2 -2 0 0 0 0];

internalField   nonuniform List<scalar> 
400
(
4.78785e-05
-0.0292712
-0.0638498
-0.0898057
-0.0999416
-0.0912414
-0.0632363
-0.0170702
0.0448261
0.118659
0.199117
0.279418
0.351764
0.408295
0.442499
0.450853
0.434393
0.399791
0.359509
0.330883
0.0292646
-0.00117662
-0.0281832
-0.045809
-0.051303
-0.0426523
-0.0193083
0.0180766
0.0678269
0.127125
0.191866
0.256709
0.315455
0.361851
0.390747
0.39941
0.388716
0.363593
0.331684
0.302676
0.0658835
0.0238837
-0.00493812
-0.0206919
-0.025178
-0.0176824
0.00205367
0.0335893
0.0758285
0.126741
0.183087
0.240348
0.293009
0.335264
0.362083
0.370475
0.36068
0.336291
0.301151
0.260345
0.0959453
0.0386539
0.00347327
-0.0141419
-0.0199752
-0.0144951
0.00222441
0.0298837
0.0678955
0.114904
0.168303
0.223996
0.276542
0.319777
0.3479
0.356859
0.345831
0.31733
0.272515
0.214338
0.109257
0.0367151
-0.00583284
-0.0265839
-0.0347712
-0.0318043
-0.0179419
0.00676114
0.042295
0.0880073
0.141898
0.200165
0.257159
0.30591
0.339227
0.351314
0.339761
0.305898
0.248698
0.170281
0.0977253
0.0109927
-0.038879
-0.0632368
-0.0743001
-0.0741784
-0.0631246
-0.0407822
-0.00643863
0.0400891
0.0975124
0.162358
0.22867
0.288343
0.332196
0.351883
0.342605
0.304023
0.232876
0.131257
0.0545014
-0.0450431
-0.101746
-0.129784
-0.144015
-0.147069
-0.139015
-0.118892
-0.0850514
-0.036225
0.0272855
0.102585
0.183519
0.260679
0.322311
0.356505
0.354862
0.314297
0.228486
0.0997762
-0.0264779
-0.137334
-0.200104
-0.231612
-0.249153
-0.255797
-0.251307
-0.233924
-0.200786
-0.149162
-0.0778915
0.0112288
0.112272
0.214627
0.3035
0.362229
0.377063
0.340241
0.240385
0.0797129
-0.150636
-0.271337
-0.339194
-0.373625
-0.394374
-0.405022
-0.404991
-0.391562
-0.360355
-0.306692
-0.227267
-0.12196
0.00436818
0.140457
0.26833
0.365366
0.41016
0.387191
0.276344
0.0782673
-0.322752
-0.452056
-0.523642
-0.559736
-0.582913
-0.59757
-0.602889
-0.595099
-0.567996
-0.514411
-0.428066
-0.305798
-0.150107
0.0282891
0.208759
0.361875
0.455939
0.463235
0.348811
0.108354
-0.547125
-0.684254
-0.757324
-0.792216
-0.815444
-0.832872
-0.843705
-0.843095
-0.822747
-0.772451
-0.682074
-0.544111
-0.356983
-0.128917
0.11837
0.348813
0.518064
0.580577
0.477286
0.192014
-0.828391
-0.973189
-1.04344
-1.07102
-1.0888
-1.10522
-1.11987
-1.12684
-1.11544
-1.07193
-0.981483
-0.830993
-0.612889
-0.330324
-0.00322477
0.327674
0.604465
0.75777
0.691732
0.365727
-1.17387
-1.32631
-1.38488
-1.39306
-1.39462
-1.40209
-1.41573
-1.42829
-1.42634
-1.39205
-1.30525
-1.1462
-0.89966
-0.560898
-0.144034
0.309929
0.731649
1.02343
1.03767
0.689155
-1.59934
-1.75657
-1.7848
-1.75126
-1.71803
-1.703
-1.70662
-1.71956
-1.72475
-1.69961
-1.6181
-1.45323
-1.18103
-0.786539
-0.273623
0.323294
0.930239
1.4214
1.58391
1.26012
-2.14223
-2.28826
-2.24653
-2.13267
-2.03604
-1.97887
-1.95954
-1.96455
-1.97161
-1.95231
-1.87422
-1.70294
-1.40541
-0.955212
-0.342111
0.414362
1.24805
2.01438
2.43099
2.23671
-2.88924
-2.96566
-2.7717
-2.51532
-2.31608
-2.19268
-2.13568
-2.12342
-2.12567
-2.10662
-2.02688
-1.84465
-1.51784
-1.00841
-0.289435
0.642656
1.74643
2.8806
3.71222
3.85668
-4.03475
-3.86362
-3.35857
-2.86934
-2.5195
-2.30496
-2.19796
-2.16193
-2.15465
-2.13111
-2.04427
-1.84505
-1.48266
-0.906794
-0.0712409
1.05866
2.4845
4.10249
5.59386
6.46953
-6.07329
-5.08711
-3.97108
-3.1381
-2.59225
-2.27126
-2.11407
-2.05886
-2.0465
-2.02147
-1.92954
-1.71523
-1.31944
-0.678737
0.277347
1.62665
3.43837
5.70559
8.31145
10.7912
-10.4211
-6.67239
-4.28208
-3.0343
-2.33198
-1.95667
-1.80028
-1.7695
-1.7873
-1.79062
-1.72208
-1.52375
-1.13237
-0.474568
0.544555
2.05829
4.25234
7.3762
12.0152
18.4016
-18.8804
-8.18316
-3.56704
-2.08078
-1.46662
-1.21086
-1.17923
-1.26399
-1.382
-1.47249
-1.48292
-1.36013
-1.04572
-0.466511
0.475924
1.94551
4.26667
8.16457
15.6851
29.3048
)
;

boundaryField
{
    movingWall
    {
        type            zeroGradient;
    }
    fixedWalls
    {
        type            zeroGradient;
    }
    frontAndBack
    {
        type            empty;
    }
}


// ************************************************************************* //
