/*--------------------------------*- C++ -*----------------------------------*\
  =========                 |
  \\      /  F ield         | OpenFOAM: The Open Source CFD Toolbox
   \\    /   O peration     | Website:  https://openfoam.org
    \\  /    A nd           | Version:  8
     \\/     M anipulation  |
\*---------------------------------------------------------------------------*/
FoamFile
{
    version     2.0;
    format      ascii;
    class       surfaceScalarField;
    location    "0.5";
    object      phi;
}
// * * * * * * * * * * * * * * * * * * * * * * * * * * * * * * * * * * * * * //

dimensions      [0 3 -1 0 0 0 0];

internalField   nonuniform List<scalar> 
760
(
6.30629e-08
-6.34646e-08
-1.31685e-07
1.94748e-07
-5.9235e-07
4.60665e-07
-1.2315e-06
6.39144e-07
-1.95757e-06
7.26074e-07
-2.69048e-06
7.32911e-07
-3.36213e-06
6.71657e-07
-3.91394e-06
5.51812e-07
-4.29505e-06
3.8111e-07
-4.46354e-06
1.68481e-07
-4.39086e-06
-7.26777e-08
-4.06869e-06
-3.22175e-07
-3.51598e-06
-5.52708e-07
-2.78404e-06
-7.31937e-07
-1.95675e-06
-8.27279e-07
-1.14381e-06
-8.12944e-07
-4.65662e-07
-6.78156e-07
-3.07144e-08
-4.34952e-07
1.00265e-07
-1.3098e-07
1.00268e-07
-1.93119e-07
1.29654e-07
-9.51281e-07
9.52911e-07
-2.22293e-06
1.73232e-06
-3.84848e-06
2.26469e-06
-5.64437e-06
2.52196e-06
-7.4341e-06
2.52264e-06
-9.05822e-06
2.29578e-06
-1.03766e-05
1.87015e-06
-1.12698e-05
1.27437e-06
-1.16448e-05
5.43456e-07
-1.1444e-05
-2.73425e-07
-1.06584e-05
-1.1078e-06
-9.33931e-06
-1.87182e-06
-7.60586e-06
-2.46538e-06
-5.64264e-06
-2.7905e-06
-3.68314e-06
-2.77243e-06
-1.97703e-06
-2.38426e-06
-7.41981e-07
-1.67001e-06
-1.02873e-07
-7.7009e-07
-2.60508e-09
-4.98149e-07
6.27801e-07
-1.8634e-06
2.31816e-06
-3.90772e-06
3.77664e-06
-6.39428e-06
4.75126e-06
-9.07367e-06
5.20135e-06
-1.17068e-05
5.15575e-06
-1.40751e-05
4.66409e-06
-1.59851e-05
3.78011e-06
-1.72726e-05
2.56189e-06
-1.78111e-05
1.082e-06
-1.75242e-05
-5.6031e-07
-1.6401e-05
-2.23105e-06
-1.45106e-05
-3.76217e-06
-1.20117e-05
-4.96429e-06
-9.14961e-06
-5.65262e-06
-6.23689e-06
-5.68515e-06
-3.61339e-06
-5.00776e-06
-1.5875e-06
-3.69589e-06
-3.67438e-07
-1.99016e-06
-3.70046e-07
-7.77033e-07
1.40483e-06
-2.72625e-06
4.26737e-06
-5.50402e-06
6.55441e-06
-8.78103e-06
8.02826e-06
-1.2246e-05
8.66632e-06
-1.56127e-05
8.52246e-06
-1.8623e-05
7.67442e-06
-2.10488e-05
6.20591e-06
-2.26959e-05
4.20895e-06
-2.34126e-05
1.79869e-06
-2.31035e-05
-8.69405e-07
-2.17467e-05
-3.58786e-06
-1.94116e-05
-6.09723e-06
-1.62728e-05
-8.10317e-06
-1.26122e-05
-9.31321e-06
-8.80394e-06
-9.49338e-06
-5.27402e-06
-8.53768e-06
-2.43661e-06
-6.53329e-06
-6.18819e-07
-3.80794e-06
-9.88868e-07
-1.02558e-06
2.43042e-06
-3.51592e-06
6.75771e-06
-6.97813e-06
1.00166e-05
-1.09873e-05
1.20374e-05
-1.51727e-05
1.28518e-05
-1.921e-05
1.25597e-05
-2.2814e-05
1.12784e-05
-2.57343e-05
9.12621e-06
-2.77555e-05
6.23016e-06
-2.87038e-05
2.74691e-06
-2.84596e-05
-1.11352e-06
-2.69773e-05
-5.07023e-06
-2.43066e-05
-8.76787e-06
-2.06156e-05
-1.17942e-05
-1.62039e-05
-1.37249e-05
-1.14986e-05
-1.41986e-05
-7.02048e-06
-1.30158e-05
-3.31588e-06
-1.02379e-05
-8.65973e-07
-6.25784e-06
-1.85484e-06
-1.24738e-06
3.6778e-06
-4.23055e-06
9.74087e-06
-8.32113e-06
1.41072e-05
-1.30035e-05
1.67198e-05
-1.78525e-05
1.77008e-05
-2.25137e-05
1.7221e-05
-2.66851e-05
1.54498e-05
-3.01038e-05
1.25449e-05
-3.25398e-05
8.66615e-06
-3.3798e-05
4.00516e-06
-3.37289e-05
-1.18262e-06
-3.2248e-05
-6.55115e-06
-2.93642e-05
-1.16517e-05
-2.52137e-05
-1.59448e-05
-2.00913e-05
-1.88473e-05
-1.44666e-05
-1.98233e-05
-8.96423e-06
-1.85182e-05
-4.2944e-06
-1.49077e-05
-1.13622e-06
-9.41602e-06
-2.99106e-06
-1.44487e-06
5.12267e-06
-4.86982e-06
1.31658e-05
-9.52465e-06
1.8762e-05
-1.48111e-05
2.20062e-05
-2.02574e-05
2.31471e-05
-2.54884e-05
2.2452e-05
-3.01957e-05
2.01572e-05
-3.41146e-05
1.64637e-05
-3.70083e-05
1.15599e-05
-3.86636e-05
5.66046e-06
-3.88964e-05
-9.49872e-07
-3.75704e-05
-7.87708e-06
-3.46311e-05
-1.4591e-05
-3.01524e-05
-2.04234e-05
-2.43928e-05
-2.4607e-05
-1.7841e-05
-2.6375e-05
-1.12259e-05
-2.51334e-05
-5.45387e-06
-2.06797e-05
-1.46119e-06
-1.34087e-05
-4.45224e-06
-1.61884e-06
6.74151e-06
-5.4312e-06
1.69782e-05
-1.0575e-05
2.39058e-05
-1.63772e-05
2.78084e-05
-2.23286e-05
2.90986e-05
-2.8045e-05
2.81683e-05
-3.3225e-05
2.53373e-05
-3.76153e-05
2.0854e-05
-4.09847e-05
1.49292e-05
-4.31096e-05
7.78545e-06
-4.37733e-05
-2.86166e-07
-4.278e-05
-8.87042e-06
-3.99905e-05
-1.73805e-05
-3.53823e-05
-2.50316e-05
-2.91317e-05
-3.08575e-05
-2.17035e-05
-3.38033e-05
-1.3909e-05
-3.29278e-05
-6.87587e-06
-2.77129e-05
-1.8741e-06
-1.84105e-05
-6.32634e-06
-1.77022e-06
8.51172e-06
-5.91301e-06
2.1121e-05
-1.14568e-05
2.94496e-05
-1.76584e-05
3.40099e-05
-2.39811e-05
3.54213e-05
-3.00461e-05
3.42333e-05
-3.55763e-05
3.08674e-05
-4.0348e-05
2.56257e-05
-4.41534e-05
1.87347e-05
-4.67754e-05
1.04075e-05
-4.79757e-05
9.1416e-07
-4.75012e-05
-9.34497e-06
-4.51149e-05
-1.97667e-05
-4.06629e-05
-2.94837e-05
-3.41815e-05
-3.73389e-05
-2.60395e-05
-4.19453e-05
-1.70738e-05
-4.18935e-05
-8.63304e-06
-3.61537e-05
-2.40973e-06
-2.46338e-05
-8.73606e-06
-1.90428e-06
1.0416e-05
-6.32367e-06
2.55404e-05
-1.21652e-05
3.52912e-05
-1.86137e-05
4.04585e-05
-2.51167e-05
4.19243e-05
-3.13189e-05
4.04355e-05
-3.69897e-05
3.65381e-05
-4.1959e-05
3.0595e-05
-4.60678e-05
2.28435e-05
-4.91309e-05
1.34706e-05
-5.0913e-05
2.69622e-06
-5.11207e-05
-9.13728e-06
-4.94213e-05
-2.14661e-05
-4.55035e-05
-3.34014e-05
-3.91999e-05
-4.36426e-05
-3.06821e-05
-5.04631e-05
-2.0703e-05
-5.18726e-05
-1.0779e-05
-4.60777e-05
-3.10583e-06
-3.23069e-05
-1.18419e-05
-2.03785e-06
1.24538e-05
-6.6966e-06
3.01991e-05
-1.27236e-05
4.13182e-05
-1.92231e-05
4.6958e-05
-2.56413e-05
4.83425e-05
-3.16728e-05
4.6467e-05
-3.71616e-05
4.2027e-05
-4.20213e-05
3.54547e-05
-4.6173e-05
2.69951e-05
-4.94979e-05
1.67956e-05
-5.18009e-05
4.99917e-06
-5.27848e-05
-8.15337e-06
-5.20464e-05
-2.22045e-05
-4.91138e-05
-3.6334e-05
-4.35615e-05
-4.91949e-05
-3.52428e-05
-5.87818e-05
-2.46529e-05
-6.24625e-05
-1.33316e-05
-5.7399e-05
-4.00532e-06
-4.16332e-05
-1.58472e-05
-2.21066e-06
1.46645e-05
-7.11076e-06
3.50992e-05
-1.32054e-05
4.74128e-05
-1.95041e-05
5.32567e-05
-2.54789e-05
5.43174e-05
-3.0913e-05
5.1901e-05
-3.57632e-05
4.68772e-05
-4.00611e-05
3.97525e-05
-4.38423e-05
3.07763e-05
-4.70936e-05
2.00469e-05
-4.97068e-05
7.61239e-06
-5.14354e-05
-6.42471e-06
-5.18601e-05
-2.17799e-05
-5.0383e-05
-3.78111e-05
-4.63007e-05
-5.32771e-05
-3.9032e-05
-6.60505e-05
-2.85839e-05
-7.29106e-05
-1.62423e-05
-6.97406e-05
-5.15822e-06
-5.27173e-05
-2.10054e-05
-2.50374e-06
1.71682e-05
-7.71569e-06
4.03112e-05
-1.37481e-05
5.34452e-05
-1.95109e-05
5.90195e-05
-2.45592e-05
5.93657e-05
-2.88269e-05
5.61688e-05
-3.24334e-05
5.04838e-05
-3.55658e-05
4.2885e-05
-3.84066e-05
3.36171e-05
-4.10831e-05
2.27234e-05
-4.36208e-05
1.01501e-05
-4.58881e-05
-4.15741e-06
-4.7531e-05
-2.0137e-05
-4.79093e-05
-3.74328e-05
-4.60866e-05
-5.50998e-05
-4.09829e-05
-7.11542e-05
-3.18669e-05
-8.20266e-05
-1.934e-05
-8.22675e-05
-6.62042e-06
-6.54369e-05
-2.76259e-05
-3.06889e-06
2.02371e-05
-8.75322e-06
4.59955e-05
-1.45358e-05
5.92278e-05
-1.92762e-05
6.37599e-05
-2.27336e-05
6.2823e-05
-2.50924e-05
5.85276e-05
-2.66983e-05
5.20896e-05
-2.79293e-05
4.41159e-05
-2.91349e-05
3.48228e-05
-3.06021e-05
2.41906e-05
-3.25207e-05
1.20687e-05
-3.49306e-05
-1.74754e-06
-3.76371e-05
-1.74305e-05
-4.0088e-05
-3.49819e-05
-4.12493e-05
-5.39385e-05
-3.95923e-05
-7.28111e-05
-3.34632e-05
-8.81557e-05
-2.22305e-05
-9.35002e-05
-8.43723e-06
-7.92302e-05
-3.60631e-05
-4.16885e-06
2.4406e-05
-1.0541e-05
5.23677e-05
-1.56763e-05
6.43631e-05
-1.86015e-05
6.66851e-05
-1.95216e-05
6.37431e-05
-1.90191e-05
5.80251e-05
-1.77343e-05
5.08049e-05
-1.62559e-05
4.26375e-05
-1.50944e-05
3.36613e-05
-1.46825e-05
2.37786e-05
-1.53698e-05
1.2756e-05
-1.73912e-05
2.73792e-07
-2.07867e-05
-1.4035e-05
-2.52442e-05
-3.05243e-05
-2.98605e-05
-4.93223e-05
-3.28876e-05
-6.9784e-05
-3.17658e-05
-8.92776e-05
-2.41033e-05
-0.000101163
-1.05719e-05
-9.27616e-05
-4.6635e-05
-6.18934e-06
3.05953e-05
-1.32809e-05
5.94592e-05
-1.67658e-05
6.7848e-05
-1.64813e-05
6.64006e-05
-1.35004e-05
6.07622e-05
-8.97275e-06
5.34974e-05
-3.86581e-06
4.56979e-05
1.05367e-06
3.7718e-05
5.17302e-06
2.9542e-05
7.97789e-06
2.09738e-05
9.01617e-06
1.17178e-05
7.89151e-06
1.39845e-06
4.31361e-06
-1.04571e-05
-1.76653e-06
-2.44442e-05
-9.85464e-06
-4.12342e-05
-1.84186e-05
-6.122e-05
-2.43775e-05
-8.33186e-05
-2.33625e-05
-0.000102178
-1.26739e-05
-0.00010345
-5.93089e-05
-9.45167e-06
4.0047e-05
-1.62263e-05
6.62338e-05
-1.561e-05
6.72317e-05
-9.72797e-06
6.05187e-05
-1.05317e-06
5.20874e-05
8.66405e-06
4.37802e-05
1.82545e-05
3.61075e-05
2.693e-05
2.90425e-05
3.4122e-05
2.235e-05
3.93641e-05
1.57317e-05
4.22158e-05
8.86614e-06
4.22195e-05
1.39474e-06
3.89006e-05
-7.1382e-06
3.18298e-05
-1.73734e-05
2.08665e-05
-3.02709e-05
6.75215e-06
-4.71057e-05
-7.80046e-06
-6.8766e-05
-1.70161e-05
-9.2962e-05
-1.35448e-05
-0.000106921
-7.28537e-05
-1.32369e-05
5.32839e-05
-1.48164e-05
6.78134e-05
-4.91037e-06
5.73256e-05
9.84747e-06
4.57608e-05
2.56954e-05
3.62395e-05
4.08685e-05
2.86071e-05
5.44982e-05
2.24779e-05
6.61287e-05
1.7412e-05
7.54789e-05
1.29998e-05
8.23049e-05
8.90567e-06
8.63207e-05
4.85033e-06
8.71441e-05
5.71351e-07
8.42611e-05
-4.25525e-06
7.69809e-05
-1.00932e-05
6.4495e-05
-1.7785e-05
4.62483e-05
-2.8859e-05
2.32058e-05
-4.57234e-05
5.36152e-07
-7.02924e-05
-1.01214e-05
-9.62639e-05
-8.29751e-05
-9.19257e-06
6.24764e-05
8.87035e-06
4.97505e-05
3.4932e-05
3.1264e-05
5.94871e-05
2.12057e-05
8.0653e-05
1.50736e-05
9.83615e-05
1.08985e-05
0.000112873
7.96629e-06
0.000124473
5.81205e-06
0.000133368
4.10469e-06
0.000139646
2.62761e-06
0.000143261
1.23558e-06
0.000144014
-1.82034e-07
0.00014152
-1.76043e-06
0.000135088
-3.66155e-06
0.000123564
-6.26085e-06
0.000105127
-1.04222e-05
7.7676e-05
-1.82724e-05
4.1443e-05
-3.40594e-05
6.66288e-06
-6.14838e-05
-7.63122e-05
6.24764e-05
0.000112227
0.000143491
0.000164697
0.00017977
0.000190669
0.000198635
0.000204447
0.000208552
0.000211179
0.000212415
0.000212233
0.000210472
0.000206811
0.00020055
0.000190128
0.000171855
0.000137796
7.63122e-05
)
;

boundaryField
{
    movingWall
    {
        type            calculated;
        value           uniform 0;
    }
    fixedWalls
    {
        type            calculated;
        value           uniform 0;
    }
    frontAndBack
    {
        type            empty;
        value           nonuniform List<scalar> 0();
    }
}


// ************************************************************************* //
