/*--------------------------------*- C++ -*----------------------------------*\
  =========                 |
  \\      /  F ield         | OpenFOAM: The Open Source CFD Toolbox
   \\    /   O peration     | Website:  https://openfoam.org
    \\  /    A nd           | Version:  8
     \\/     M anipulation  |
\*---------------------------------------------------------------------------*/
FoamFile
{
    version     2.0;
    format      ascii;
    class       volVectorField;
    location    "0.5";
    object      U;
}
// * * * * * * * * * * * * * * * * * * * * * * * * * * * * * * * * * * * * * //

dimensions      [0 1 -1 0 0 0 0];

internalField   nonuniform List<vector> 
400
(
(0.00118607 -0.00119259 0)
(0.000398413 0.000660744 0)
(-0.006351 0.00282542 0)
(-0.0177023 0.00427945 0)
(-0.0317082 0.00499879 0)
(-0.046618 0.00511253 0)
(-0.060944 0.00473607 0)
(-0.0734199 0.00394585 0)
(-0.0829482 0.00279024 0)
(-0.0885884 0.00131926 0)
(-0.089614 -0.000383204 0)
(-0.0856308 -0.00217656 0)
(-0.076724 -0.00385637 0)
(-0.0635895 -0.00516946 0)
(-0.0475959 -0.00585144 0)
(-0.030726 -0.00568366 0)
(-0.01536 -0.00456124 0)
(-0.00388742 -0.00256236 0)
(0.00184576 -9.32381e-05 0)
(0.00155003 0.00149856 0)
(-0.000611475 -0.00051173 0)
(-0.00882222 0.00870153 0)
(-0.0296002 0.0181331 0)
(-0.059489 0.0246285 0)
(-0.0945759 0.027839 0)
(-0.131233 0.0280632 0)
(-0.16609 0.0256927 0)
(-0.196134 0.0210729 0)
(-0.218752 0.0145128 0)
(-0.231784 0.00637952 0)
(-0.233674 -0.00279334 0)
(-0.223701 -0.0122307 0)
(-0.202245 -0.0209086 0)
(-0.171005 -0.0276356 0)
(-0.133059 -0.0312291 0)
(-0.0927013 -0.0307724 0)
(-0.0549323 -0.025918 0)
(-0.0246263 -0.0171802 0)
(-0.00565704 -0.00635425 0)
(0.000297131 0.00203395 0)
(-0.00302463 0.00638669 0)
(-0.0197921 0.0298677 0)
(-0.0547369 0.0513104 0)
(-0.101459 0.0659396 0)
(-0.154357 0.0729401 0)
(-0.208606 0.0727276 0)
(-0.259638 0.0660525 0)
(-0.303298 0.053707 0)
(-0.335978 0.0365204 0)
(-0.354723 0.0155214 0)
(-0.357439 -0.00786467 0)
(-0.343185 -0.0316856 0)
(-0.312491 -0.053472 0)
(-0.26762 -0.0704326 0)
(-0.212662 -0.0798534 0)
(-0.153337 -0.0796759 0)
(-0.096363 -0.0691744 0)
(-0.0484126 -0.0495855 0)
(-0.0154051 -0.0247368 0)
(-0.00166284 -0.00261307 0)
(-0.00518608 0.019234 0)
(-0.0300947 0.0632596 0)
(-0.0786713 0.0999354 0)
(-0.141128 0.124137 0)
(-0.210084 0.135056 0)
(-0.279752 0.133422 0)
(-0.344738 0.120458 0)
(-0.400147 0.0975098 0)
(-0.441722 0.0660635 0)
(-0.465952 0.0279835 0)
(-0.470296 -0.0141975 0)
(-0.453503 -0.0570885 0)
(-0.415979 -0.0964591 0)
(-0.360124 -0.127547 0)
(-0.290533 -0.145691 0)
(-0.213902 -0.147277 0)
(-0.138412 -0.130861 0)
(-0.0726207 -0.098199 0)
(-0.0250281 -0.055052 0)
(-0.00342964 -0.0124695 0)
(-0.00705718 0.0373637 0)
(-0.0394064 0.107877 0)
(-0.100718 0.162617 0)
(-0.17783 0.19732 0)
(-0.261574 0.211893 0)
(-0.345319 0.207762 0)
(-0.423078 0.186812 0)
(-0.489482 0.151039 0)
(-0.53985 0.102636 0)
(-0.570246 0.0443367 0)
(-0.577666 -0.0201816 0)
(-0.560367 -0.0860199 0)
(-0.518288 -0.147043 0)
(-0.453527 -0.196248 0)
(-0.370734 -0.226596 0)
(-0.27727 -0.232336 0)
(-0.182758 -0.210655 0)
(-0.0979971 -0.163259 0)
(-0.0347705 -0.0974643 0)
(-0.00505709 -0.0272393 0)
(-0.00869598 0.0601953 0)
(-0.0477654 0.162839 0)
(-0.120748 0.238428 0)
(-0.211334 0.284533 0)
(-0.308673 0.302518 0)
(-0.405412 0.294969 0)
(-0.495161 0.264681 0)
(-0.57229 0.214393 0)
(-0.631874 0.146992 0)
(-0.669637 0.0660003 0)
(-0.682067 -0.0238685 0)
(-0.666718 -0.11629 0)
(-0.622696 -0.203199 0)
(-0.551299 -0.275121 0)
(-0.456726 -0.32212 0)
(-0.346627 -0.335481 0)
(-0.232017 -0.310009 0)
(-0.126349 -0.246418 0)
(-0.0455582 -0.153064 0)
(-0.00679404 -0.0470799 0)
(-0.0101434 0.0872196 0)
(-0.0552206 0.227167 0)
(-0.138687 0.326215 0)
(-0.241371 0.384594 0)
(-0.350908 0.405841 0)
(-0.459384 0.394204 0)
(-0.560211 0.353668 0)
(-0.647721 0.287798 0)
(-0.716941 0.200107 0)
(-0.763373 0.09472 0)
(-0.782991 -0.0228679 0)
(-0.772479 -0.145155 0)
(-0.72975 -0.262277 0)
(-0.654759 -0.362152 0)
(-0.550594 -0.431392 0)
(-0.424591 -0.457267 0)
(-0.288857 -0.430753 0)
(-0.159783 -0.35011 0)
(-0.0585185 -0.22388 0)
(-0.00893195 -0.0727561 0)
(-0.01142 0.117958 0)
(-0.0617864 0.299807 0)
(-0.154411 0.424594 0)
(-0.267508 0.49596 0)
(-0.387386 0.520335 0)
(-0.505773 0.504167 0)
(-0.616135 0.452932 0)
(-0.713044 0.371105 0)
(-0.791739 0.262708 0)
(-0.847719 0.132196 0)
(-0.876554 -0.0145501 0)
(-0.87401 -0.169288 0)
(-0.836528 -0.320703 0)
(-0.762169 -0.454177 0)
(-0.652082 -0.552422 0)
(-0.512328 -0.597503 0)
(-0.355327 -0.574641 0)
(-0.200323 -0.477413 0)
(-0.0748502 -0.312953 0)
(-0.0117914 -0.105693 0)
(-0.0125472 0.151941 0)
(-0.0674946 0.379633 0)
(-0.167813 0.531928 0)
(-0.289227 0.616619 0)
(-0.416884 0.643809 0)
(-0.542398 0.622743 0)
(-0.659617 0.560735 0)
(-0.763708 0.463262 0)
(-0.850502 0.334726 0)
(-0.91584 0.179571 0)
(-0.955184 0.00355285 0)
(-0.963542 -0.184978 0)
(-0.935802 -0.373897 0)
(-0.867672 -0.546471 0)
(-0.75743 -0.681377 0)
(-0.608492 -0.754375 0)
(-0.432117 -0.742584 0)
(-0.249579 -0.631609 0)
(-0.0957827 -0.424243 0)
(-0.0157449 -0.148006 0)
(-0.0135929 0.188743 0)
(-0.0725365 0.465504 0)
(-0.179022 0.6463 0)
(-0.306175 0.743919 0)
(-0.4381 0.773086 0)
(-0.566619 0.746554 0)
(-0.686374 0.673881 0)
(-0.7936 0.561676 0)
(-0.885206 0.414601 0)
(-0.957896 0.236736 0)
(-1.00754 0.033125 0)
(-1.02882 -0.188581 0)
(-1.01533 -0.416408 0)
(-0.960231 -0.632436 0)
(-0.858072 -0.81178 0)
(-0.707943 -0.923252 0)
(-0.51761 -0.933384 0)
(-0.308325 -0.815301 0)
(-0.122565 -0.562327 0)
(-0.0212678 -0.202539 0)
(-0.0147505 0.228129 0)
(-0.0774968 0.55644 0)
(-0.188751 0.765547 0)
(-0.318538 0.874416 0)
(-0.450021 0.903687 0)
(-0.575682 0.870511 0)
(-0.691531 0.787172 0)
(-0.795452 0.661579 0)
(-0.88604 0.498565 0)
(-0.961514 0.301534 0)
(-1.01887 0.0742363 0)
(-1.05326 -0.177279 0)
(-1.05762 -0.442446 0)
(-1.02288 -0.703674 0)
(-0.939416 -0.933899 0)
(-0.800273 -1.09536 0)
(-0.606593 -1.14202 0)
(-0.375833 -1.02897 0)
(-0.15642 -0.731823 0)
(-0.0290165 -0.27296 0)
(-0.0164733 0.270391 0)
(-0.0837056 0.651991 0)
(-0.198734 0.887362 0)
(-0.327429 1.00371 0)
(-0.452207 1.02949 0)
(-0.566976 0.987386 0)
(-0.669916 0.892928 0)
(-0.761281 0.755483 0)
(-0.842023 0.580007 0)
(-0.912593 0.36899 0)
(-0.97197 0.124417 0)
(-1.01677 -0.15012 0)
(-1.04045 -0.446869 0)
(-1.03271 -0.750626 0)
(-0.980061 -1.03464 0)
(-0.868347 -1.25663 0)
(-0.688598 -1.35752 0)
(-0.448772 -1.26878 0)
(-0.198381 -0.93635 0)
(-0.0399395 -0.36391 0)
(-0.0197116 0.316978 0)
(-0.0937471 0.752789 0)
(-0.212167 1.00935 0)
(-0.335021 1.12612 0)
(-0.444632 1.14227 0)
(-0.53772 1.08737 0)
(-0.615807 0.980621 0)
(-0.68237 0.832875 0)
(-0.741378 0.649127 0)
(-0.796146 0.430811 0)
(-0.848414 0.177876 0)
(-0.897372 -0.109148 0)
(-0.938448 -0.426591 0)
(-0.961909 -0.76395 0)
(-0.9519 -1.09834 0)
(-0.887233 -1.38713 0)
(-0.745981 -1.56082 0)
(-0.51948 -1.52358 0)
(-0.2488 -1.17664 0)
(-0.0553986 -0.481195 0)
(-0.0263245 0.371623 0)
(-0.112128 0.861175 0)
(-0.233805 1.12867 0)
(-0.343752 1.23385 0)
(-0.42618 1.23092 0)
(-0.483134 1.15756 0)
(-0.521147 1.03667 0)
(-0.547851 0.880268 0)
(-0.57073 0.693116 0)
(-0.596294 0.475483 0)
(-0.629477 0.225267 0)
(-0.672852 -0.0602131 0)
(-0.725305 -0.38211 0)
(-0.779938 -0.736614 0)
(-0.821432 -1.10877 0)
(-0.823918 -1.46195 0)
(-0.751917 -1.72323 0)
(-0.573323 -1.77103 0)
(-0.30606 -1.44712 0)
(-0.0771563 -0.631738 0)
(-0.0396951 0.442194 0)
(-0.145809 0.981412 0)
(-0.26862 1.24055 0)
(-0.352853 1.31517 0)
(-0.389819 1.27997 0)
(-0.391145 1.18123 0)
(-0.370461 1.04449 0)
(-0.340304 0.881879 0)
(-0.311706 0.697218 0)
(-0.294098 0.489422 0)
(-0.29535 0.25456 0)
(-0.321509 -0.0128383 0)
(-0.375788 -0.318544 0)
(-0.456317 -0.666316 0)
(-0.552231 -1.05253 0)
(-0.638055 -1.45421 0)
(-0.668422 -1.80683 0)
(-0.58459 -1.97386 0)
(-0.363253 -1.73042 0)
(-0.10661 -0.822664 0)
(-0.0650895 0.543756 0)
(-0.202869 1.11797 0)
(-0.315408 1.33387 0)
(-0.347763 1.35037 0)
(-0.31032 1.26734 0)
(-0.230287 1.1373 0)
(-0.129976 0.985384 0)
(-0.0265428 0.821483 0)
(0.0664663 0.647219 0)
(0.137995 0.459758 0)
(0.178513 0.253695 0)
(0.179504 0.0217553 0)
(0.133782 -0.245083 0)
(0.0370818 -0.557114 0)
(-0.107966 -0.923133 0)
(-0.283632 -1.3403 0)
(-0.444294 -1.76796 0)
(-0.510052 -2.07779 0)
(-0.400485 -1.99043 0)
(-0.141363 -1.06019 0)
(-0.107278 0.704734 0)
(-0.282728 1.26695 0)
(-0.344557 1.37779 0)
(-0.27213 1.30212 0)
(-0.117243 1.15977 0)
(0.0733885 0.999815 0)
(0.270889 0.840515 0)
(0.456654 0.685912 0)
(0.617735 0.533708 0)
(0.744207 0.378924 0)
(0.827293 0.215211 0)
(0.858164 0.0348749 0)
(0.827472 -0.171979 0)
(0.725664 -0.41888 0)
(0.545362 -0.724039 0)
(0.289198 -1.10627 0)
(-0.0126442 -1.56329 0)
(-0.279608 -2.01091 0)
(-0.37064 -2.16229 0)
(-0.164932 -1.34791 0)
(-0.153134 0.967647 0)
(-0.334868 1.38466 0)
(-0.23212 1.29105 0)
(0.0359596 1.10069 0)
(0.354053 0.911088 0)
(0.669947 0.742965 0)
(0.960933 0.598555 0)
(1.2153 0.472993 0)
(1.42638 0.359422 0)
(1.58939 0.251149 0)
(1.69934 0.141894 0)
(1.74979 0.0251597 0)
(1.73201 -0.107056 0)
(1.63403 -0.266676 0)
(1.44034 -0.473578 0)
(1.13514 -0.759959 0)
(0.715223 -1.16515 0)
(0.220306 -1.68798 0)
(-0.173039 -2.12396 0)
(-0.117836 -1.64503 0)
(-0.0454458 1.25345 0)
(-0.0684563 1.30064 0)
(0.409844 0.956807 0)
(0.950241 0.699981 0)
(1.4156 0.521512 0)
(1.80377 0.391931 0)
(2.12486 0.295728 0)
(2.38525 0.22162 0)
(2.58973 0.160879 0)
(2.74141 0.107197 0)
(2.84082 0.0559243 0)
(2.88566 0.00312699 0)
(2.87033 -0.0554303 0)
(2.78452 -0.126324 0)
(2.61067 -0.221962 0)
(2.32028 -0.368967 0)
(1.86921 -0.622674 0)
(1.20129 -1.06452 0)
(0.441928 -1.66297 0)
(0.211954 -1.67417 0)
(1.41863 0.697452 0)
(1.81168 0.617884 0)
(2.53031 0.392438 0)
(3.09666 0.24766 0)
(3.46553 0.161388 0)
(3.71857 0.107333 0)
(3.9028 0.0724479 0)
(4.03845 0.0490734 0)
(4.1364 0.0322568 0)
(4.20305 0.0189137 0)
(4.24147 0.00712773 0)
(4.25221 -0.00441124 0)
(4.23345 -0.0168068 0)
(4.18053 -0.0317466 0)
(4.08371 -0.0524383 0)
(3.92207 -0.0868587 0)
(3.6468 -0.156555 0)
(3.12527 -0.312501 0)
(2.26302 -0.614437 0)
(1.64211 -0.768341 0)
)
;

boundaryField
{
    movingWall
    {
        type            fixedValue;
        value           uniform (5 0 0);
    }
    fixedWalls
    {
        type            noSlip;
    }
    frontAndBack
    {
        type            empty;
    }
}


// ************************************************************************* //
