/*--------------------------------*- C++ -*----------------------------------*\
  =========                 |
  \\      /  F ield         | OpenFOAM: The Open Source CFD Toolbox
   \\    /   O peration     | Website:  https://openfoam.org
    \\  /    A nd           | Version:  8
     \\/     M anipulation  |
\*---------------------------------------------------------------------------*/
FoamFile
{
    version     2.0;
    format      ascii;
    class       surfaceScalarField;
    location    "0.4";
    object      phi;
}
// * * * * * * * * * * * * * * * * * * * * * * * * * * * * * * * * * * * * * //

dimensions      [0 3 -1 0 0 0 0];

internalField   nonuniform List<scalar> 
760
(
2.73468e-08
-2.74406e-08
-4.71995e-08
7.4546e-08
-2.31499e-07
1.84299e-07
-4.91984e-07
2.60484e-07
-7.89857e-07
2.97874e-07
-1.08919e-06
2.99335e-07
-1.35923e-06
2.70034e-07
-1.57493e-06
2.15706e-07
-1.71701e-06
1.42076e-07
-1.77207e-06
5.50589e-08
-1.7333e-06
-3.87654e-08
-1.60154e-06
-1.31762e-07
-1.3864e-06
-2.15136e-07
-1.10716e-06
-2.7924e-07
-7.92786e-07
-3.14376e-07
-4.80622e-07
-3.12163e-07
-2.13095e-07
-2.67527e-07
-3.19102e-08
-1.81185e-07
3.31734e-08
-6.50848e-08
3.31724e-08
-7.10995e-08
4.36589e-08
-3.66559e-07
3.70006e-07
-8.73941e-07
6.91681e-07
-1.53116e-06
9.17704e-07
-2.26073e-06
1.02744e-06
-2.98521e-06
1.02381e-06
-3.63478e-06
9.19605e-07
-4.15089e-06
7.3182e-07
-4.48808e-06
4.79262e-07
-4.6154e-06
1.82383e-07
-4.51823e-06
-1.35938e-07
-4.20029e-06
-4.49705e-07
-3.68559e-06
-7.29835e-07
-3.0194e-06
-9.4543e-07
-2.26723e-06
-1.06655e-06
-1.51067e-06
-1.06872e-06
-8.38981e-07
-9.39212e-07
-3.35508e-07
-6.84658e-07
-5.73605e-08
-3.43231e-07
-2.41889e-08
-1.88502e-07
2.32161e-07
-7.22124e-07
9.03627e-07
-1.53689e-06
1.50645e-06
-2.53938e-06
1.92019e-06
-3.62378e-06
2.11185e-06
-4.68547e-06
2.0855e-06
-5.62951e-06
1.86364e-06
-6.37566e-06
1.47797e-06
-6.86142e-06
9.65023e-07
-7.0444e-06
3.65365e-07
-6.9048e-06
-2.75533e-07
-6.44805e-06
-9.06464e-07
-5.70703e-06
-1.47085e-06
-4.7432e-06
-1.90927e-06
-3.64495e-06
-2.1648e-06
-2.52225e-06
-2.19143e-06
-1.4959e-06
-1.96555e-06
-6.81541e-07
-1.49902e-06
-1.68781e-07
-8.5599e-07
-1.9297e-07
-2.95576e-07
5.27736e-07
-1.05998e-06
1.66803e-06
-2.16973e-06
2.61619e-06
-3.49269e-06
3.24316e-06
-4.89513e-06
3.51429e-06
-6.25055e-06
3.44092e-06
-7.4463e-06
3.05939e-06
-8.38781e-06
2.41948e-06
-9.00145e-06
1.57866e-06
-9.23699e-06
6.00909e-07
-9.07027e-06
-4.42253e-07
-8.50614e-06
-1.47059e-06
-7.58133e-06
-2.39566e-06
-6.36617e-06
-3.12443e-06
-4.96388e-06
-3.56709e-06
-3.50564e-06
-3.64968e-06
-2.14024e-06
-3.33095e-06
-1.01809e-06
-2.62116e-06
-2.71795e-07
-1.60229e-06
-4.64765e-07
-3.92595e-07
9.20331e-07
-1.37655e-06
2.65199e-06
-2.76957e-06
4.00921e-06
-4.39735e-06
4.87094e-06
-6.09719e-06
5.21413e-06
-7.72289e-06
5.06662e-06
-9.14817e-06
4.48467e-06
-1.02688e-05
3.54008e-06
-1.10038e-05
2.31369e-06
-1.12973e-05
8.94391e-07
-1.11204e-05
-6.191e-07
-1.04749e-05
-2.11617e-06
-9.39631e-06
-3.47421e-06
-7.9581e-06
-4.56263e-06
-6.27265e-06
-5.25254e-06
-4.489e-06
-5.43332e-06
-2.78451e-06
-5.03544e-06
-1.34983e-06
-4.05584e-06
-3.68974e-07
-2.58314e-06
-8.33739e-07
-4.83657e-07
1.40399e-06
-1.67861e-06
3.84694e-06
-3.34538e-06
5.67598e-06
-5.26612e-06
6.79167e-06
-7.24869e-06
7.19671e-06
-9.12874e-06
6.94666e-06
-1.07696e-05
6.12549e-06
-1.20609e-05
4.83138e-06
-1.29176e-05
3.17041e-06
-1.32795e-05
1.25634e-06
-1.31127e-05
-7.85931e-07
-1.24125e-05
-2.81638e-06
-1.12087e-05
-4.67797e-06
-9.57174e-06
-6.19962e-06
-7.61764e-06
-7.20665e-06
-5.51036e-06
-7.5406e-06
-3.45715e-06
-7.08866e-06
-1.69501e-06
-5.81798e-06
-4.68285e-07
-3.80987e-06
-1.30203e-06
-5.72739e-07
1.97673e-06
-1.97425e-06
5.24845e-06
-3.90716e-06
7.60889e-06
-6.10885e-06
8.99335e-06
-8.35809e-06
9.44595e-06
-1.04747e-05
9.06328e-06
-1.23153e-05
7.96611e-06
-1.37679e-05
6.28395e-06
-1.47467e-05
4.14923e-06
-1.51894e-05
1.69899e-06
-1.50563e-05
-9.1902e-07
-1.43337e-05
-3.53895e-06
-1.30401e-05
-5.97157e-06
-1.12356e-05
-8.00416e-06
-9.03259e-06
-9.40962e-06
-6.60489e-06
-9.9683e-06
-4.18921e-06
-9.50434e-06
-2.07501e-06
-7.93218e-06
-5.78445e-07
-5.30643e-06
-1.88047e-06
-6.63257e-07
2.63998e-06
-2.27063e-06
6.85582e-06
-4.46219e-06
9.80045e-06
-6.92826e-06
1.14594e-05
-9.41963e-06
1.19373e-05
-1.17443e-05
1.13879e-05
-1.37577e-05
9.9796e-06
-1.53522e-05
7.87842e-06
-1.64465e-05
5.24353e-06
-1.69793e-05
2.23181e-06
-1.69063e-05
-9.92019e-07
-1.62021e-05
-4.24318e-06
-1.48677e-05
-7.30596e-06
-1.29439e-05
-9.92799e-06
-1.05287e-05
-1.18248e-05
-7.796e-06
-1.2701e-05
-5.0078e-06
-1.22925e-05
-2.51077e-06
-1.04292e-05
-7.08157e-07
-7.10904e-06
-2.58863e-06
-7.5852e-07
3.3985e-06
-2.57429e-06
8.67159e-06
-5.01459e-06
1.22408e-05
-7.71849e-06
1.41633e-05
-1.0411e-05
1.46298e-05
-1.28947e-05
1.38716e-05
-1.50327e-05
1.21176e-05
-1.67302e-05
9.57584e-06
-1.79181e-05
6.43144e-06
-1.85419e-05
2.85564e-06
-1.85551e-05
-9.78787e-07
-1.79194e-05
-4.8789e-06
-1.66123e-05
-8.61305e-06
-1.4644e-05
-1.18963e-05
-1.20829e-05
-1.4386e-05
-9.08663e-06
-1.56972e-05
-5.93109e-06
-1.54481e-05
-3.02123e-06
-1.33391e-05
-8.66236e-07
-9.26403e-06
-3.45486e-06
-8.63092e-07
4.26159e-06
-2.8934e-06
1.07019e-05
-5.56697e-06
1.49143e-05
-8.46514e-06
1.70615e-05
-1.12914e-05
1.74561e-05
-1.38536e-05
1.64338e-05
-1.60349e-05
1.4299e-05
-1.77659e-05
1.13068e-05
-1.90007e-05
7.66626e-06
-1.97e-05
3.55489e-06
-1.98203e-05
-8.58521e-07
-1.93112e-05
-5.38799e-06
-1.81219e-05
-9.80235e-06
-1.62196e-05
-1.37985e-05
-1.3623e-05
-1.69826e-05
-1.04484e-05
-1.88718e-05
-6.96306e-06
-1.89334e-05
-3.62266e-06
-1.66795e-05
-1.06246e-06
-1.18242e-05
-4.51732e-06
-9.85233e-07
5.24683e-06
-3.24172e-06
1.29584e-05
-6.12318e-06
1.77958e-05
-9.145e-06
2.00833e-05
-1.19983e-05
2.03094e-05
-1.45129e-05
1.89484e-05
-1.66105e-05
1.63965e-05
-1.82635e-05
1.29599e-05
-1.94633e-05
8.86607e-06
-2.01969e-05
4.28847e-06
-2.04322e-05
-6.23199e-07
-2.01112e-05
-5.70902e-06
-1.91526e-05
-1.07609e-05
-1.74696e-05
-1.54815e-05
-1.50073e-05
-1.94449e-05
-1.18062e-05
-2.20729e-05
-8.08558e-06
-2.2654e-05
-4.32768e-06
-2.04374e-05
-1.3091e-06
-1.48428e-05
-5.82642e-06
-1.14092e-06
6.38775e-06
-3.64376e-06
1.54612e-05
-6.6897e-06
2.08417e-05
-9.72178e-06
2.31154e-05
-1.24381e-05
2.30257e-05
-1.47174e-05
2.12277e-05
-1.65452e-05
1.82243e-05
-1.79563e-05
1.43711e-05
-1.8995e-05
9.90479e-06
-1.96877e-05
4.98109e-06
-2.00243e-05
-2.86526e-07
-1.99478e-05
-5.78561e-06
-1.93499e-05
-1.13588e-05
-1.80836e-05
-1.67479e-05
-1.59982e-05
-2.15303e-05
-1.30145e-05
-2.50566e-05
-9.24445e-06
-2.64241e-05
-5.14264e-06
-2.45392e-05
-1.62346e-06
-1.8362e-05
-7.44987e-06
-1.3604e-06
7.74815e-06
-4.13982e-06
1.82407e-05
-7.27087e-06
2.39728e-05
-1.01304e-05
2.5975e-05
-1.24637e-05
2.53589e-05
-1.42408e-05
2.30048e-05
-1.55436e-05
1.95271e-05
-1.64914e-05
1.53188e-05
-1.71957e-05
1.06091e-05
-1.77334e-05
5.51883e-06
-1.81281e-05
1.08118e-07
-1.83355e-05
-5.57818e-06
-1.82326e-05
-1.14617e-05
-1.76164e-05
-1.73641e-05
-1.62274e-05
-2.29192e-05
-1.38224e-05
-2.74617e-05
-1.03241e-05
-2.99224e-05
-6.05992e-06
-2.88033e-05
-2.03164e-06
-2.23903e-05
-9.48152e-06
-1.6981e-06
9.44625e-06
-4.78524e-06
2.13278e-05
-7.84479e-06
2.70323e-05
-1.02338e-05
2.8364e-05
-1.18236e-05
2.69487e-05
-1.27378e-05
2.3919e-05
-1.31915e-05
1.99809e-05
-1.34055e-05
1.55328e-05
-1.35653e-05
1.07689e-05
-1.38018e-05
5.75535e-06
-1.41792e-05
4.85477e-07
-1.46801e-05
-5.07725e-06
-1.51876e-05
-1.09542e-05
-1.54655e-05
-1.70863e-05
-1.51546e-05
-2.32301e-05
-1.3819e-05
-2.87973e-05
-1.10994e-05
-3.2642e-05
-7.03658e-06
-3.28661e-05
-2.5723e-06
-2.68545e-05
-1.20538e-05
-2.24278e-06
1.1689e-05
-5.62438e-06
2.47094e-05
-8.28824e-06
2.96962e-05
-9.71967e-06
2.97954e-05
-1.00567e-05
2.72857e-05
-9.65532e-06
2.35176e-05
-8.89229e-06
1.92178e-05
-8.08906e-06
1.47296e-05
-7.49231e-06
1.01722e-05
-7.27497e-06
5.53801e-06
-7.53788e-06
7.48388e-07
-8.30163e-06
-4.3135e-06
-9.48377e-06
-9.77204e-06
-1.086e-05
-1.571e-05
-1.20198e-05
-2.20703e-05
-1.23518e-05
-2.84652e-05
-1.11439e-05
-3.38498e-05
-7.93471e-06
-3.60754e-05
-3.29037e-06
-3.14989e-05
-1.53442e-05
-3.10302e-06
1.47921e-05
-6.57486e-06
2.81812e-05
-8.17533e-06
3.12967e-05
-7.87797e-06
2.94981e-05
-6.29855e-06
2.57063e-05
-4.08964e-06
2.13087e-05
-1.77751e-06
1.69057e-05
2.57274e-07
1.26948e-05
1.752e-06
8.67744e-06
2.52789e-06
4.76211e-06
2.46812e-06
8.08162e-07
1.51376e-06
-3.35914e-06
-3.16507e-07
-7.94177e-06
-2.87536e-06
-1.31511e-05
-5.79998e-06
-1.91457e-05
-8.40719e-06
-2.5858e-05
-9.65315e-06
-3.26039e-05
-8.36244e-06
-3.73661e-05
-4.18149e-06
-3.56798e-05
-1.95257e-05
-4.28414e-06
1.90762e-05
-7.04666e-06
3.09437e-05
-6.29301e-06
3.0543e-05
-3.17122e-06
2.63763e-05
1.02787e-06
2.15072e-05
5.4007e-06
1.69359e-05
9.38337e-06
1.2923e-05
1.26448e-05
9.4334e-06
1.49912e-05
6.33102e-06
1.62985e-05
3.45485e-06
1.64718e-05
6.34859e-07
1.5429e-05
-2.31635e-06
1.31082e-05
-5.62097e-06
9.51233e-06
-9.55529e-06
4.8146e-06
-1.4448e-05
-4.50611e-07
-2.05928e-05
-5.13189e-06
-2.79226e-05
-7.31016e-06
-3.51878e-05
-4.99839e-06
-3.79916e-05
-2.45241e-05
-5.22224e-06
2.42984e-05
-4.87113e-06
3.05926e-05
4.03646e-07
2.52682e-05
7.48405e-06
1.92959e-05
1.4596e-05
1.43953e-05
2.09375e-05
1.05943e-05
2.61818e-05
7.67877e-06
3.02229e-05
5.39235e-06
3.30405e-05
3.51341e-06
3.46276e-05
1.86768e-06
3.49523e-05
3.10151e-07
3.39381e-05
-1.30208e-06
3.14538e-05
-3.13668e-06
2.73278e-05
-5.42925e-06
2.14135e-05
-8.5337e-06
1.37811e-05
-1.29604e-05
5.14582e-06
-1.92873e-05
-2.37925e-06
-2.76627e-05
-4.75446e-06
-3.56164e-05
-2.92785e-05
-2.15967e-06
2.64581e-05
6.86708e-06
2.15659e-05
1.87814e-05
1.33539e-05
2.9528e-05
8.54924e-06
3.82769e-05
5.64633e-06
4.50917e-05
3.77951e-06
5.02277e-05
2.5428e-06
5.39368e-05
1.68322e-06
5.64105e-05
1.0398e-06
5.77658e-05
5.12372e-07
5.80415e-05
3.44426e-08
5.71948e-05
-4.55401e-07
5.5078e-05
-1.01993e-06
5.14127e-05
-1.76387e-06
4.5753e-05
-2.87401e-06
3.75047e-05
-4.71213e-06
2.61886e-05
-7.97126e-06
1.24036e-05
-1.38777e-05
4.50821e-07
-2.36636e-05
-2.88277e-05
2.64581e-05
4.8024e-05
6.13779e-05
6.99272e-05
7.55735e-05
7.9353e-05
8.18958e-05
8.35791e-05
8.46189e-05
8.51312e-05
8.51657e-05
8.47103e-05
8.36903e-05
8.19265e-05
7.90525e-05
7.43403e-05
6.63691e-05
5.24914e-05
2.88277e-05
)
;

boundaryField
{
    movingWall
    {
        type            calculated;
        value           uniform 0;
    }
    fixedWalls
    {
        type            calculated;
        value           uniform 0;
    }
    frontAndBack
    {
        type            empty;
        value           nonuniform List<scalar> 0();
    }
}


// ************************************************************************* //
