/*--------------------------------*- C++ -*----------------------------------*\
  =========                 |
  \\      /  F ield         | OpenFOAM: The Open Source CFD Toolbox
   \\    /   O peration     | Website:  https://openfoam.org
    \\  /    A nd           | Version:  8
     \\/     M anipulation  |
\*---------------------------------------------------------------------------*/
FoamFile
{
    version     2.0;
    format      ascii;
    class       volVectorField;
    location    "0.4";
    object      U;
}
// * * * * * * * * * * * * * * * * * * * * * * * * * * * * * * * * * * * * * //

dimensions      [0 1 -1 0 0 0 0];

internalField   nonuniform List<vector> 
400
(
(0.000495479 -0.000491812 0)
(0.000240754 0.000237684 0)
(-0.00241761 0.0011319 0)
(-0.00700788 0.00175448 0)
(-0.0127436 0.00206434 0)
(-0.0188568 0.00209786 0)
(-0.0246716 0.00190409 0)
(-0.029626 0.0015302 0)
(-0.0332749 0.00101829 0)
(-0.035289 0.00040901 0)
(-0.035463 -0.000252905 0)
(-0.0337329 -0.000914149 0)
(-0.0301998 -0.00151088 0)
(-0.0251519 -0.00197021 0)
(-0.0190755 -0.00221566 0)
(-0.0126452 -0.00217706 0)
(-0.00667954 -0.00180609 0)
(-0.00205168 -0.00109789 0)
(0.000462617 -0.000152528 0)
(0.000553194 0.000539954 0)
(-0.000182636 -0.000294138 0)
(-0.00331493 0.00335099 0)
(-0.0115179 0.00724299 0)
(-0.0235338 0.0100041 0)
(-0.0377747 0.0113744 0)
(-0.0526642 0.0114146 0)
(-0.0667104 0.0102945 0)
(-0.0786147 0.00822073 0)
(-0.0873285 0.00540972 0)
(-0.0920805 0.00209057 0)
(-0.0924063 -0.00148132 0)
(-0.088188 -0.00501242 0)
(-0.0796969 -0.00816902 0)
(-0.0676259 -0.0105903 0)
(-0.053095 -0.01192 0)
(-0.0376057 -0.0118586 0)
(-0.0229106 -0.0102396 0)
(-0.0107904 -0.0071264 0)
(-0.00283739 -0.0030041 0)
(-4.24958e-05 0.000528069 0)
(-0.00110028 0.00229592 0)
(-0.00755648 0.0116099 0)
(-0.0213577 0.0204614 0)
(-0.0401031 0.0266658 0)
(-0.0615017 0.0296451 0)
(-0.0834505 0.0294475 0)
(-0.103937 0.0264077 0)
(-0.121188 0.0209928 0)
(-0.133762 0.0137341 0)
(-0.140599 0.00521718 0)
(-0.141066 -0.00390168 0)
(-0.135008 -0.0128801 0)
(-0.122801 -0.0208938 0)
(-0.105387 -0.0270739 0)
(-0.0842838 -0.030586 0)
(-0.0615138 -0.030757 0)
(-0.0394328 -0.0272494 0)
(-0.0204433 -0.0202675 0)
(-0.00689922 -0.0108592 0)
(-0.000892055 -0.00172083 0)
(-0.00191432 0.00716777 0)
(-0.0115454 0.0246682 0)
(-0.0307872 0.0398395 0)
(-0.0558955 0.0501171 0)
(-0.0838128 0.0547629 0)
(-0.111981 0.0538908 0)
(-0.138007 0.0480621 0)
(-0.159795 0.0380724 0)
(-0.17565 0.024847 0)
(-0.184322 0.00941883 0)
(-0.185055 -0.00705436 0)
(-0.177642 -0.0232718 0)
(-0.162489 -0.0378005 0)
(-0.140663 -0.0491392 0)
(-0.113913 -0.0558508 0)
(-0.0846228 -0.0567732 0)
(-0.0556312 -0.0513006 0)
(-0.0299386 -0.0396998 0)
(-0.0107921 -0.0234792 0)
(-0.0016462 -0.00614049 0)
(-0.00262519 0.0140754 0)
(-0.0152258 0.0422014 0)
(-0.039696 0.0649298 0)
(-0.0709015 0.0797054 0)
(-0.104968 0.0858852 0)
(-0.138897 0.0838099 0)
(-0.169981 0.0743707 0)
(-0.195899 0.0587617 0)
(-0.214791 0.0383552 0)
(-0.225281 0.0146753 0)
(-0.226511 -0.010577 0)
(-0.218191 -0.035495 0)
(-0.20068 -0.057976 0)
(-0.175055 -0.0758017 0)
(-0.143175 -0.0868179 0)
(-0.107687 -0.0892277 0)
(-0.0718748 -0.0819856 0)
(-0.0393986 -0.0652301 0)
(-0.0145546 -0.0407233 0)
(-0.00232199 -0.0125449 0)
(-0.00327872 0.0228527 0)
(-0.0187093 0.0640207 0)
(-0.0482337 0.0955687 0)
(-0.0853263 0.115246 0)
(-0.125273 0.122779 0)
(-0.164642 0.118942 0)
(-0.200466 0.105097 0)
(-0.230271 0.082918 0)
(-0.252107 0.0542674 0)
(-0.264521 0.0211744 0)
(-0.266561 -0.0141159 0)
(-0.257824 -0.0490874 0)
(-0.238536 -0.0809411 0)
(-0.20967 -0.106673 0)
(-0.173073 -0.123281 0)
(-0.131556 -0.128136 0)
(-0.0888296 -0.119499 0)
(-0.0492853 -0.0971021 0)
(-0.0184425 -0.0627166 0)
(-0.00299661 -0.0208867 0)
(-0.00391742 0.0334202 0)
(-0.0221232 0.0900021 0)
(-0.0565889 0.131606 0)
(-0.0993749 0.156541 0)
(-0.144914 0.165195 0)
(-0.189368 0.159019 0)
(-0.229575 0.14001 0)
(-0.262995 0.110422 0)
(-0.287669 0.0726337 0)
(-0.302127 0.0291648 0)
(-0.305346 -0.0172372 0)
(-0.296772 -0.0634898 0)
(-0.276416 -0.106114 0)
(-0.245012 -0.141272 0)
(-0.204241 -0.164979 0)
(-0.156944 -0.173523 0)
(-0.107184 -0.164128 0)
(-0.0601408 -0.135737 0)
(-0.0227573 -0.0898161 0)
(-0.0037533 -0.031293 0)
(-0.00457747 0.0457729 0)
(-0.0255834 0.120096 0)
(-0.0649258 0.1729 0)
(-0.113168 0.203325 0)
(-0.163876 0.212758 0)
(-0.212859 0.203613 0)
(-0.256864 0.178726 0)
(-0.293407 0.141024 0)
(-0.320637 0.0934235 0)
(-0.337156 0.0388842 0)
(-0.341915 -0.019434 0)
(-0.334195 -0.0779837 0)
(-0.313705 -0.132679 0)
(-0.280787 -0.17885 0)
(-0.236743 -0.211402 0)
(-0.184225 -0.225257 0)
(-0.12749 -0.216153 0)
(-0.0724833 -0.181711 0)
(-0.0278065 -0.12263 0)
(-0.00467672 -0.044068 0)
(-0.00529532 0.059971 0)
(-0.0292049 0.154324 0)
(-0.0733833 0.219289 0)
(-0.126725 0.255194 0)
(-0.181902 0.264851 0)
(-0.234477 0.251997 0)
(-0.281263 0.220538 0)
(-0.320014 0.174186 0)
(-0.349158 0.116391 0)
(-0.367508 0.0504645 0)
(-0.374072 -0.020167 0)
(-0.367985 -0.0916645 0)
(-0.348584 -0.159491 0)
(-0.315645 -0.218226 0)
(-0.269821 -0.261592 0)
(-0.213234 -0.282847 0)
(-0.15002 -0.275692 0)
(-0.0867466 -0.235678 0)
(-0.0338983 -0.162001 0)
(-0.0058593 -0.0596919 0)
(-0.00612416 0.0761481 0)
(-0.0331445 0.19277 0)
(-0.0821201 0.270538 0)
(-0.139978 0.311486 0)
(-0.198478 0.320443 0)
(-0.253105 0.302933 0)
(-0.300991 0.264209 0)
(-0.340387 0.208878 0)
(-0.370236 0.140896 0)
(-0.389758 0.0637952 0)
(-0.398161 -0.0189416 0)
(-0.394504 -0.103442 0)
(-0.377717 -0.184982 0)
(-0.346845 -0.257595 0)
(-0.301561 -0.313861 0)
(-0.242987 -0.345129 0)
(-0.174608 -0.342421 0)
(-0.103231 -0.298187 0)
(-0.0413591 -0.20895 0)
(-0.00741701 -0.0788297 0)
(-0.00716364 0.0945573 0)
(-0.0376753 0.235606 0)
(-0.0913914 0.326267 0)
(-0.152806 0.371116 0)
(-0.212789 0.377864 0)
(-0.267051 0.354424 0)
(-0.313419 0.307717 0)
(-0.350999 0.243344 0)
(-0.379558 0.165699 0)
(-0.398974 0.0783519 0)
(-0.408853 -0.0154325 0)
(-0.40831 -0.112093 0)
(-0.395909 -0.207114 0)
(-0.369842 -0.294351 0)
(-0.328468 -0.365486 0)
(-0.271313 -0.409861 0)
(-0.200402 -0.415165 0)
(-0.122023 -0.369405 0)
(-0.0505639 -0.264584 0)
(-0.0095173 -0.102364 0)
(-0.00861264 0.115682 0)
(-0.0433009 0.28315 0)
(-0.101629 0.385843 0)
(-0.165006 0.432336 0)
(-0.223578 0.434503 0)
(-0.273827 0.403413 0)
(-0.314829 0.347992 0)
(-0.347006 0.274872 0)
(-0.371305 0.188756 0)
(-0.388544 0.0930094 0)
(-0.398963 -0.00965014 0)
(-0.401928 -0.116391 0)
(-0.395774 -0.223415 0)
(-0.377846 -0.324984 0)
(-0.344934 -0.412399 0)
(-0.294316 -0.473221 0)
(-0.22547 -0.491317 0)
(-0.14284 -0.448649 0)
(-0.0619749 -0.329948 0)
(-0.0124275 -0.131476 0)
(-0.0108631 0.140457 0)
(-0.050915 0.33593 0)
(-0.113462 0.448157 0)
(-0.176074 0.492338 0)
(-0.228741 0.486389 0)
(-0.269662 0.445436 0)
(-0.299948 0.380656 0)
(-0.32187 0.299615 0)
(-0.337904 0.207075 0)
(-0.350043 0.105891 0)
(-0.359371 -0.00212044 0)
(-0.365745 -0.115298 0)
(-0.367527 -0.231147 0)
(-0.361419 -0.345097 0)
(-0.342615 -0.448961 0)
(-0.305634 -0.529255 0)
(-0.24613 -0.56604 0)
(-0.164682 -0.533654 0)
(-0.0761621 -0.405728 0)
(-0.0165951 -0.16779 0)
(-0.0146566 0.170663 0)
(-0.0619734 0.394679 0)
(-0.127478 0.51111 0)
(-0.184489 0.546569 0)
(-0.224323 0.527614 0)
(-0.248467 0.474262 0)
(-0.261065 0.399878 0)
(-0.26674 0.312575 0)
(-0.269685 0.216742 0)
(-0.273139 0.11435 0)
(-0.279114 0.00598664 0)
(-0.288155 -0.108228 0)
(-0.299012 -0.227641 0)
(-0.308221 -0.349707 0)
(-0.309791 -0.467987 0)
(-0.295419 -0.569418 0)
(-0.255828 -0.631265 0)
(-0.18507 -0.619376 0)
(-0.0936964 -0.491613 0)
(-0.0227553 -0.213609 0)
(-0.0212769 0.209519 0)
(-0.0784558 0.459938 0)
(-0.143181 0.570465 0)
(-0.185813 0.587607 0)
(-0.20233 0.549643 0)
(-0.199837 0.481698 0)
(-0.186496 0.398556 0)
(-0.169458 0.307987 0)
(-0.154429 0.213329 0)
(-0.145598 0.115254 0)
(-0.145713 0.0129032 0)
(-0.156056 -0.0953052 0)
(-0.176147 -0.210867 0)
(-0.203119 -0.333967 0)
(-0.230825 -0.461332 0)
(-0.249007 -0.582561 0)
(-0.243233 -0.674704 0)
(-0.198338 -0.696208 0)
(-0.114496 -0.584917 0)
(-0.0319369 -0.272091 0)
(-0.0324599 0.262598 0)
(-0.101663 0.530559 0)
(-0.155612 0.617417 0)
(-0.168163 0.603447 0)
(-0.146406 0.540749 0)
(-0.105642 0.457957 0)
(-0.0582772 0.369223 0)
(-0.013279 0.280413 0)
(0.0230802 0.192915 0)
(0.0465142 0.105752 0)
(0.0541335 0.0166339 0)
(0.044154 -0.0775198 0)
(0.0160244 -0.180176 0)
(-0.0289029 -0.294453 0)
(-0.0860117 -0.421362 0)
(-0.145329 -0.555863 0)
(-0.189082 -0.679278 0)
(-0.191882 -0.747524 0)
(-0.135409 -0.677948 0)
(-0.0447861 -0.347498 0)
(-0.0486851 0.339812 0)
(-0.126965 0.599274 0)
(-0.146013 0.633098 0)
(-0.102536 0.574563 0)
(-0.0243173 0.485731 0)
(0.0648272 0.39297 0)
(0.150448 0.30599 0)
(0.224118 0.226721 0)
(0.280958 0.153805 0)
(0.318028 0.0845775 0)
(0.333272 0.0157304 0)
(0.324956 -0.0566165 0)
(0.291541 -0.137043 0)
(0.232129 -0.23086 0)
(0.147823 -0.343398 0)
(0.0446691 -0.477058 0)
(-0.0613766 -0.623324 0)
(-0.138809 -0.746282 0)
(-0.143666 -0.752974 0)
(-0.0584611 -0.445964 0)
(-0.0601212 0.452564 0)
(-0.126186 0.63945 0)
(-0.0593444 0.579853 0)
(0.075162 0.472665 0)
(0.22269 0.369102 0)
(0.359595 0.280959 0)
(0.476427 0.208847 0)
(0.569622 0.149527 0)
(0.638313 0.0990512 0)
(0.68247 0.0537643 0)
(0.701841 0.0102734 0)
(0.695416 -0.0349435 0)
(0.661125 -0.0860858 0)
(0.595797 -0.148752 0)
(0.495784 -0.230578 0)
(0.359289 -0.34077 0)
(0.191453 -0.485449 0)
(0.015391 -0.65278 0)
(-0.101286 -0.769003 0)
(-0.0552403 -0.565602 0)
(0.00666954 0.546621 0)
(0.0203349 0.572108 0)
(0.246076 0.413531 0)
(0.488678 0.287605 0)
(0.686632 0.200271 0)
(0.841377 0.139549 0)
(0.959882 0.0968224 0)
(1.04754 0.0656922 0)
(1.10877 0.0416113 0)
(1.14674 0.0214639 0)
(1.16305 0.0029496 0)
(1.15771 -0.0159784 0)
(1.1289 -0.0377531 0)
(1.07247 -0.065949 0)
(0.981315 -0.106603 0)
(0.845049 -0.170134 0)
(0.649299 -0.273021 0)
(0.382006 -0.434483 0)
(0.105424 -0.637564 0)
(0.0480655 -0.618442 0)
(0.590596 0.288689 0)
(0.773945 0.253569 0)
(1.08785 0.154344 0)
(1.32164 0.0912141 0)
(1.46408 0.0549815 0)
(1.55521 0.0336884 0)
(1.61656 0.0208707 0)
(1.65784 0.0128136 0)
(1.68448 0.00734188 0)
(1.69967 0.00320657 0)
(1.70505 -0.000353247 0)
(1.70096 -0.00389038 0)
(1.68662 -0.00805093 0)
(1.65959 -0.0138319 0)
(1.6148 -0.0231979 0)
(1.54214 -0.0403135 0)
(1.41855 -0.0739286 0)
(1.19239 -0.140722 0)
(0.851347 -0.254697 0)
(0.627325 -0.301892 0)
)
;

boundaryField
{
    movingWall
    {
        type            fixedValue;
        value           uniform (2 0 0);
    }
    fixedWalls
    {
        type            noSlip;
    }
    frontAndBack
    {
        type            empty;
    }
}


// ************************************************************************* //
