/*--------------------------------*- C++ -*----------------------------------*\
  =========                 |
  \\      /  F ield         | OpenFOAM: The Open Source CFD Toolbox
   \\    /   O peration     | Website:  https://openfoam.org
    \\  /    A nd           | Version:  8
     \\/     M anipulation  |
\*---------------------------------------------------------------------------*/
FoamFile
{
    version     2.0;
    format      ascii;
    class       volVectorField;
    location    "0.3";
    object      U;
}
// * * * * * * * * * * * * * * * * * * * * * * * * * * * * * * * * * * * * * //

dimensions      [0 1 -1 0 0 0 0];

internalField   nonuniform List<vector> 
400
(
(0.000822402 -0.000819003 0)
(0.000333908 0.000430525 0)
(-0.00422202 0.00192432 0)
(-0.0119788 0.00294543 0)
(-0.0216055 0.00345066 0)
(-0.0318538 0.00351494 0)
(-0.0416442 0.00321976 0)
(-0.050071 0.00263198 0)
(-0.0563871 0.00180464 0)
(-0.0599989 0.000789852 0)
(-0.0604909 -0.000345874 0)
(-0.0576795 -0.00151028 0)
(-0.0516807 -0.00258149 0)
(-0.0429717 -0.00341407 0)
(-0.0324206 -0.00385552 0)
(-0.0212605 -0.00377281 0)
(-0.0109827 -0.00308758 0)
(-0.00313701 -0.00181748 0)
(0.000982726 -0.000177818 0)
(0.00098848 0.000960322 0)
(-0.000364515 -0.000414534 0)
(-0.00581581 0.00581097 0)
(-0.0198383 0.0123156 0)
(-0.040187 0.0168599 0)
(-0.064182 0.0191044 0)
(-0.0892503 0.0192035 0)
(-0.112981 0.0174375 0)
(-0.133253 0.0141026 0)
(-0.148296 0.00949111 0)
(-0.156732 0.0039239 0)
(-0.157649 -0.00220173 0)
(-0.150708 -0.00837748 0)
(-0.136271 -0.0139798 0)
(-0.115492 -0.0183073 0)
(-0.0903521 -0.020664 0)
(-0.0635596 -0.0204871 0)
(-0.0382793 -0.0175094 0)
(-0.0176683 -0.0119412 0)
(-0.00440834 -0.00477806 0)
(4.49723e-05 0.00110195 0)
(-0.00196064 0.00412755 0)
(-0.0131302 0.0200084 0)
(-0.0367006 0.0347977 0)
(-0.0684607 0.0450199 0)
(-0.104561 0.0499072 0)
(-0.141576 0.0496451 0)
(-0.176248 0.0447793 0)
(-0.205665 0.0359833 0)
(-0.227388 0.0239965 0)
(-0.239526 0.00966829 0)
(-0.240842 -0.0059629 0)
(-0.230893 -0.0216133 0)
(-0.210178 -0.0357605 0)
(-0.18026 -0.0467383 0)
(-0.143796 -0.0529339 0)
(-0.104419 -0.0530826 0)
(-0.0663783 -0.0466368 0)
(-0.0339617 -0.0341527 0)
(-0.0111877 -0.0177674 0)
(-0.00134995 -0.00243645 0)
(-0.0033815 0.0126183 0)
(-0.0199966 0.042415 0)
(-0.0527922 0.0677343 0)
(-0.0952722 0.0846564 0)
(-0.142335 0.0922788 0)
(-0.189844 0.0909513 0)
(-0.233937 0.081576 0)
(-0.271178 0.0652975 0)
(-0.298691 0.0434155 0)
(-0.314233 0.017444 0)
(-0.316312 -0.0107782 0)
(-0.304337 -0.0390087 0)
(-0.278797 -0.064618 0)
(-0.241413 -0.0847442 0)
(-0.195216 -0.0966141 0)
(-0.144476 -0.0980278 0)
(-0.0943388 -0.0879639 0)
(-0.0502218 -0.0671894 0)
(-0.0177637 -0.0388536 0)
(-0.00259435 -0.00959484 0)
(-0.00461585 0.0246196 0)
(-0.0262622 0.0724108 0)
(-0.0677945 0.110268 0)
(-0.120398 0.134565 0)
(-0.177677 0.144722 0)
(-0.234834 0.141519 0)
(-0.28754 0.126363 0)
(-0.332005 0.100962 0)
(-0.365063 0.0672358 0)
(-0.384216 0.0274134 0)
(-0.387724 -0.0158147 0)
(-0.374767 -0.0591798 0)
(-0.345644 -0.0988403 0)
(-0.301996 -0.130575 0)
(-0.246982 -0.150211 0)
(-0.185324 -0.154303 0)
(-0.123026 -0.141002 0)
(-0.0667979 -0.110934 0)
(-0.0242529 -0.0679506 0)
(-0.00372326 -0.0201085 0)
(-0.00572353 0.0397934 0)
(-0.0320387 0.109534 0)
(-0.081797 0.161941 0)
(-0.143944 0.194263 0)
(-0.210807 0.206724 0)
(-0.276978 0.200864 0)
(-0.337771 0.178797 0)
(-0.38917 0.142889 0)
(-0.42784 0.0957144 0)
(-0.451093 0.040202 0)
(-0.456935 -0.0201365 0)
(-0.444212 -0.0810228 0)
(-0.412846 -0.137365 0)
(-0.36414 -0.183442 0)
(-0.301115 -0.213399 0)
(-0.228749 -0.222114 0)
(-0.153872 -0.20637 0)
(-0.084679 -0.166113 0)
(-0.0311807 -0.105505 0)
(-0.00488611 -0.0339811 0)
(-0.00675539 0.0579013 0)
(-0.0374535 0.15335 0)
(-0.0949403 0.222237 0)
(-0.166002 0.263185 0)
(-0.241739 0.27771 0)
(-0.316214 0.268485 0)
(-0.384503 0.238561 0)
(-0.442511 0.191067 0)
(-0.486863 0.129229 0)
(-0.514767 0.0566039 0)
(-0.523984 -0.0225886 0)
(-0.512938 -0.103171 0)
(-0.480979 -0.178845 0)
(-0.428785 -0.242296 0)
(-0.358898 -0.285687 0)
(-0.27625 -0.301666 0)
(-0.18835 -0.284898 0)
(-0.105021 -0.23386 0)
(-0.0391758 -0.15247 0)
(-0.00625054 -0.051568 0)
(-0.00774938 0.0787802 0)
(-0.0426109 0.20346 0)
(-0.107325 0.290567 0)
(-0.186537 0.340588 0)
(-0.270176 0.356861 0)
(-0.351894 0.343607 0)
(-0.426701 0.305075 0)
(-0.490612 0.245263 0)
(-0.540395 0.168022 0)
(-0.573293 0.0774059 0)
(-0.586889 -0.0218612 0)
(-0.579152 -0.123921 0)
(-0.54869 -0.221434 0)
(-0.495236 -0.3055 0)
(-0.420405 -0.366031 0)
(-0.328597 -0.392814 0)
(-0.227632 -0.377406 0)
(-0.128937 -0.31566 0)
(-0.0488931 -0.210345 0)
(-0.00799391 -0.0735938 0)
(-0.00874308 0.102325 0)
(-0.047618 0.259505 0)
(-0.119034 0.366248 0)
(-0.205398 0.425466 0)
(-0.295512 0.442942 0)
(-0.382784 0.424939 0)
(-0.462401 0.377205 0)
(-0.530757 0.304721 0)
(-0.585025 0.211912 0)
(-0.622713 0.103142 0)
(-0.641392 -0.0166489 0)
(-0.638635 -0.141268 0)
(-0.612205 -0.262666 0)
(-0.560582 -0.37054 0)
(-0.483909 -0.452425 0)
(-0.385323 -0.494616 0)
(-0.272242 -0.484336 0)
(-0.157339 -0.413149 0)
(-0.0609958 -0.281133 0)
(-0.0103155 -0.101159 0)
(-0.009803 0.128507 0)
(-0.0526696 0.321172 0)
(-0.130246 0.448441 0)
(-0.222423 0.516388 0)
(-0.316899 0.534052 0)
(-0.407091 0.510353 0)
(-0.488707 0.452894 0)
(-0.558894 0.367766 0)
(-0.615592 0.259902 0)
(-0.656912 0.133745 0)
(-0.680702 -0.00591629 0)
(-0.684339 -0.153041 0)
(-0.664781 -0.299398 0)
(-0.619025 -0.433747 0)
(-0.545154 -0.541393 0)
(-0.444078 -0.604682 0)
(-0.32162 -0.605124 0)
(-0.190777 -0.527698 0)
(-0.0761683 -0.367203 0)
(-0.0134657 -0.135759 0)
(-0.0110768 0.15746 0)
(-0.0581924 0.388282 0)
(-0.141427 0.536115 0)
(-0.237596 0.611313 0)
(-0.333347 0.627324 0)
(-0.422503 0.59651 0)
(-0.501796 0.528751 0)
(-0.569618 0.431377 0)
(-0.625146 0.309746 0)
(-0.667536 0.168122 0)
(-0.695337 0.0107125 0)
(-0.706099 -0.157188 0)
(-0.696218 -0.327924 0)
(-0.66118 -0.490121 0)
(-0.596516 -0.627481 0)
(-0.499787 -0.718366 0)
(-0.3735 -0.737296 0)
(-0.229166 -0.659719 0)
(-0.0951336 -0.471036 0)
(-0.0177948 -0.179341 0)
(-0.0128848 0.189689 0)
(-0.0650658 0.460961 0)
(-0.153551 0.627992 0)
(-0.251169 0.707334 0)
(-0.343702 0.718547 0)
(-0.426079 0.678446 0)
(-0.496779 0.599632 0)
(-0.556074 0.49077 0)
(-0.604925 0.357521 0)
(-0.644037 0.203694 0)
(-0.67317 0.032477 0)
(-0.690583 -0.15224 0)
(-0.69261 -0.344304 0)
(-0.67353 -0.533401 0)
(-0.626144 -0.70288 0)
(-0.543625 -0.827887 0)
(-0.422999 -0.875252 0)
(-0.271319 -0.807589 0)
(-0.118649 -0.594785 0)
(-0.0238333 -0.234423 0)
(-0.0158818 0.226479 0)
(-0.074937 0.539901 0)
(-0.168281 0.722385 0)
(-0.263525 0.800232 0)
(-0.346245 0.801644 0)
(-0.413704 0.749089 0)
(-0.467177 0.658247 0)
(-0.509577 0.539075 0)
(-0.544194 0.39732 0)
(-0.573747 0.236045 0)
(-0.599695 0.0570189 0)
(-0.621615 -0.137878 0)
(-0.636522 -0.344971 0)
(-0.638242 -0.556487 0)
(-0.617261 -0.757385 0)
(-0.56184 -0.921551 0)
(-0.461311 -1.00877 0)
(-0.314077 -0.966013 0)
(-0.147398 -0.739447 0)
(-0.0324104 -0.304295 0)
(-0.0213331 0.270616 0)
(-0.0906044 0.62658 0)
(-0.187813 0.816655 0)
(-0.274303 0.8836 0)
(-0.337287 0.867865 0)
(-0.378516 0.798714 0)
(-0.403483 0.694903 0)
(-0.418519 0.567288 0)
(-0.429633 0.42129 0)
(-0.441779 0.258886 0)
(-0.458389 0.0801407 0)
(-0.480854 -0.115481 0)
(-0.507719 -0.327561 0)
(-0.533566 -0.55237 0)
(-0.547856 -0.778994 0)
(-0.534544 -0.98345 0)
(-0.473865 -1.12145 0)
(-0.350714 -1.12363 0)
(-0.181528 -0.903256 0)
(-0.0447672 -0.393243 0)
(-0.0314936 0.327537 0)
(-0.116178 0.723015 0)
(-0.213521 0.905718 0)
(-0.27952 0.947205 0)
(-0.30755 0.904638 0)
(-0.307271 0.814468 0)
(-0.290001 0.697619 0)
(-0.265969 0.564793 0)
(-0.243803 0.420316 0)
(-0.230395 0.264678 0)
(-0.230924 0.0961127 0)
(-0.248694 -0.0883549 0)
(-0.284454 -0.291825 0)
(-0.335008 -0.515644 0)
(-0.391051 -0.755557 0)
(-0.434648 -0.994328 0)
(-0.437748 -1.18971 0)
(-0.367892 -1.25998 0)
(-0.219013 -1.07864 0)
(-0.0623588 -0.506482 0)
(-0.0496646 0.407166 0)
(-0.155608 0.8299 0)
(-0.240823 0.978407 0)
(-0.26395 0.974063 0)
(-0.234075 0.894191 0)
(-0.173122 0.78043 0)
(-0.0990856 0.653199 0)
(-0.0254837 0.520998 0)
(0.0375523 0.385859 0)
(0.0823708 0.246338 0)
(0.103022 0.0989526 0)
(0.0948706 -0.0612208 0)
(0.0548595 -0.240217 0)
(-0.0172818 -0.444366 0)
(-0.11638 -0.6776 0)
(-0.22717 -0.934223 0)
(-0.318089 -1.18325 0)
(-0.339894 -1.34224 0)
(-0.250865 -1.24738 0)
(-0.0851891 -0.650031 0)
(-0.0779434 0.527711 0)
(-0.204824 0.93981 0)
(-0.243424 1.00801 0)
(-0.183046 0.934417 0)
(-0.0644549 0.811682 0)
(0.0763465 0.678605 0)
(0.217141 0.54976 0)
(0.344164 0.42846 0)
(0.448544 0.313126 0)
(0.524124 0.20015 0)
(0.565955 0.0848283 0)
(0.569398 -0.0386383 0)
(0.529839 -0.177628 0)
(0.44319 -0.34166 0)
(0.307991 -0.541954 0)
(0.13084 -0.786997 0)
(-0.0632832 -1.06751 0)
(-0.21878 -1.32182 0)
(-0.250178 -1.37251 0)
(-0.105652 -0.830968 0)
(-0.103509 0.713661 0)
(-0.222376 1.01519 0)
(-0.131413 0.934323 0)
(0.0740141 0.77976 0)
(0.308438 0.627581 0)
(0.533778 0.494921 0)
(0.733901 0.383381 0)
(0.901394 0.288885 0)
(1.03294 0.206038 0)
(1.12674 0.129704 0)
(1.18082 0.055043 0)
(1.19221 -0.0230727 0)
(1.15621 -0.111042 0)
(1.066 -0.218084 0)
(0.913057 -0.358162 0)
(0.690431 -0.550727 0)
(0.401938 -0.813849 0)
(0.0823512 -1.13429 0)
(-0.149155 -1.37701 0)
(-0.0886077 -1.0353 0)
(-0.00948239 0.891368 0)
(-0.00642404 0.930345 0)
(0.34843 0.679525 0)
(0.73986 0.485319 0)
(1.06842 0.349875 0)
(1.33405 0.253294 0)
(1.54571 0.183283 0)
(1.70988 0.130741 0)
(1.83187 0.0889414 0)
(1.91546 0.0531731 0)
(1.9624 0.0199671 0)
(1.97219 -0.0137222 0)
(1.94162 -0.051467 0)
(1.86379 -0.0986754 0)
(1.72655 -0.165151 0)
(1.51086 -0.269666 0)
(1.18878 -0.445653 0)
(0.731038 -0.735577 0)
(0.235859 -1.11095 0)
(0.109937 -1.09398 0)
(0.984827 0.482747 0)
(1.27442 0.426398 0)
(1.78702 0.265473 0)
(2.1802 0.162334 0)
(2.4281 0.101802 0)
(2.59234 0.0649455 0)
(2.7073 0.0419122 0)
(2.78814 0.0269424 0)
(2.84333 0.0164894 0)
(2.87792 0.00844116 0)
(2.89451 0.00151027 0)
(2.89381 -0.00520883 0)
(2.87473 -0.0126661 0)
(2.83386 -0.0222488 0)
(2.76356 -0.0367758 0)
(2.64795 -0.0627618 0)
(2.44994 -0.115534 0)
(2.07847 -0.22691 0)
(1.49236 -0.427601 0)
(1.08994 -0.518791 0)
)
;

boundaryField
{
    movingWall
    {
        type            fixedValue;
        value           uniform (3.4 0 0);
    }
    fixedWalls
    {
        type            noSlip;
    }
    frontAndBack
    {
        type            empty;
    }
}


// ************************************************************************* //
