/*--------------------------------*- C++ -*----------------------------------*\
  =========                 |
  \\      /  F ield         | OpenFOAM: The Open Source CFD Toolbox
   \\    /   O peration     | Website:  https://openfoam.org
    \\  /    A nd           | Version:  8
     \\/     M anipulation  |
\*---------------------------------------------------------------------------*/
FoamFile
{
    version     2.0;
    format      ascii;
    class       volScalarField;
    location    "0.1";
    object      p;
}
// * * * * * * * * * * * * * * * * * * * * * * * * * * * * * * * * * * * * * //

dimensions      [0 2 -2 0 0 0 0];

internalField   nonuniform List<scalar> 
400
(
6.42566e-08
-0.0205376
-0.0450536
-0.0634907
-0.0704666
-0.0637834
-0.0432192
-0.00987579
0.0341555
0.0858985
0.14153
0.19649
0.245774
0.284468
0.30852
0.31565
0.306293
0.284373
0.257719
0.237809
0.0194658
-0.0017267
-0.0208694
-0.0334276
-0.0371352
-0.0304745
-0.0131538
0.0141059
0.0497874
0.0916279
0.13664
0.181214
0.221372
0.253226
0.273603
0.280763
0.275105
0.259489
0.238446
0.218169
0.044078
0.0151182
-0.00519904
-0.0164294
-0.0193513
-0.0133135
0.00176445
0.0252786
0.0560724
0.0923807
0.131765
0.171152
0.207035
0.235869
0.254634
0.261492
0.256464
0.241503
0.218416
0.19006
0.0648821
0.0254493
0.000683497
-0.0118204
-0.01547
-0.0104151
0.00314782
0.0246236
0.0530962
0.0871509
0.124696
0.162907
0.198359
0.227375
0.246578
0.253574
0.247766
0.230342
0.201068
0.161028
0.0754535
0.0253006
-0.00474325
-0.0193595
-0.0242392
-0.0201981
-0.00765075
0.0128355
0.0405751
0.0744666
0.11269
0.152542
0.190482
0.22243
0.244309
0.252833
0.246537
0.225833
0.188781
0.135502
0.0706761
0.0101933
-0.0252082
-0.0421483
-0.0483319
-0.045111
-0.0330298
-0.0125634
0.0158753
0.0515203
0.0928182
0.137141
0.180714
0.218837
0.246418
0.258886
0.253555
0.22987
0.184211
0.11619
0.0461761
-0.0241185
-0.0646233
-0.0837358
-0.0910231
-0.0882859
-0.0761132
-0.0547998
-0.0243976
0.0147516
0.0614423
0.113168
0.165893
0.214143
0.251492
0.271601
0.270026
0.24478
0.190169
0.10541
-0.00216936
-0.0817548
-0.126886
-0.147724
-0.155681
-0.152989
-0.140219
-0.117384
-0.0840406
-0.0399413
0.0142418
0.076297
0.142033
0.205152
0.257595
0.290678
0.297416
0.273541
0.210313
0.106267
-0.0784941
-0.166923
-0.216005
-0.237789
-0.245693
-0.242456
-0.228609
-0.203784
-0.166868
-0.116784
-0.0533697
0.0217842
0.104613
0.188117
0.262414
0.315837
0.337804
0.320393
0.250057
0.123804
-0.187099
-0.28408
-0.336104
-0.357478
-0.364061
-0.359317
-0.343781
-0.316612
-0.275827
-0.219212
-0.145361
-0.0547498
0.0491954
0.159164
0.263492
0.346977
0.394152
0.391445
0.317602
0.16632
-0.33272
-0.438205
-0.491446
-0.509892
-0.512784
-0.504736
-0.486403
-0.456395
-0.411637
-0.348418
-0.263591
-0.155871
-0.0272835
0.115309
0.25894
0.384644
0.470779
0.495461
0.425304
0.24722
-0.521252
-0.635402
-0.68654
-0.697269
-0.692033
-0.677289
-0.653971
-0.620041
-0.57107
-0.501452
-0.405757
-0.280202
-0.12443
0.0563219
0.248902
0.431091
0.574203
0.644976
0.591598
0.387872
-0.761561
-0.884133
-0.926373
-0.920402
-0.899087
-0.871639
-0.839333
-0.799244
-0.745211
-0.669291
-0.563232
-0.420012
-0.235819
-0.0127335
0.237808
0.492032
0.714532
0.85787
0.843823
0.622418
-1.06983
-1.19757
-1.21664
-1.17768
-1.12696
-1.07712
-1.02938
-0.979288
-0.91833
-0.83566
-0.719695
-0.559548
-0.346961
-0.0791854
0.236667
0.578581
0.907006
1.15929
1.22244
1.00648
-1.47939
-1.5976
-1.56328
-1.46312
-1.36237
-1.27623
-1.20418
-1.13882
-1.0682
-0.977695
-0.851951
-0.675758
-0.435685
-0.12266
0.263526
0.707647
1.17212
1.58244
1.78609
1.63172
-2.0605
-2.12028
-1.97038
-1.76306
-1.58342
-1.44366
-1.33745
-1.25152
-1.1689
-1.06962
-0.934306
-0.743113
-0.477013
-0.119493
0.339903
0.899123
1.5329
2.1659
2.61317
2.64301
-2.96006
-2.82088
-2.43708
-2.05529
-1.76051
-1.54902
-1.40095
-1.29233
-1.19744
-1.09079
-0.947786
-0.7439
-0.45433
-0.0541823
0.480205
1.16731
2.00788
2.94614
3.80053
4.26476
-4.53791
-3.77038
-2.93007
-2.29133
-1.84792
-1.55458
-1.36704
-1.24248
-1.14309
-1.03638
-0.892937
-0.684021
-0.379395
0.054972
0.659372
1.48186
2.56705
3.91858
5.47932
6.9637
-7.80522
-4.9919
-3.20925
-2.25908
-1.6968
-1.36308
-1.17682
-1.0714
-0.996367
-0.914163
-0.793364
-0.603685
-0.312608
0.120374
0.751211
1.66392
2.97611
4.85566
7.73635
11.8309
-13.8764
-6.17096
-2.78246
-1.63208
-1.12371
-0.878197
-0.784954
-0.764871
-0.763826
-0.746333
-0.684682
-0.552658
-0.32072
0.048314
0.611166
1.47014
2.82884
5.16572
9.96788
19.098
)
;

boundaryField
{
    movingWall
    {
        type            zeroGradient;
    }
    fixedWalls
    {
        type            zeroGradient;
    }
    frontAndBack
    {
        type            empty;
    }
}


// ************************************************************************* //
