/*--------------------------------*- C++ -*----------------------------------*\
  =========                 |
  \\      /  F ield         | OpenFOAM: The Open Source CFD Toolbox
   \\    /   O peration     | Website:  https://openfoam.org
    \\  /    A nd           | Version:  8
     \\/     M anipulation  |
\*---------------------------------------------------------------------------*/
FoamFile
{
    version     2.0;
    format      ascii;
    class       surfaceScalarField;
    location    "0.1";
    object      phi;
}
// * * * * * * * * * * * * * * * * * * * * * * * * * * * * * * * * * * * * * //

dimensions      [0 3 -1 0 0 0 0];

internalField   nonuniform List<scalar> 
760
(
4.4673e-08
-4.46709e-08
-8.65462e-08
1.31218e-07
-4.03488e-07
3.16943e-07
-8.46698e-07
4.43209e-07
-1.35152e-06
5.04829e-07
-1.85981e-06
5.08288e-07
-2.322e-06
4.62193e-07
-2.69673e-06
3.74727e-07
-2.95015e-06
2.53422e-07
-3.05648e-06
1.06324e-07
-3.00001e-06
-5.64704e-08
-2.77835e-06
-2.21652e-07
-2.40589e-06
-3.72466e-07
-1.91624e-06
-4.89648e-07
-1.36255e-06
-5.5369e-07
-8.14204e-07
-5.48345e-07
-3.49073e-07
-4.65131e-07
-4.09065e-08
-3.08166e-07
6.23954e-08
-1.03301e-07
6.23965e-08
-1.28395e-07
8.37213e-08
-6.42792e-07
6.45616e-07
-1.5145e-06
1.18865e-06
-2.63569e-06
1.56439e-06
-3.87699e-06
1.74612e-06
-5.11179e-06
1.74309e-06
-6.22603e-06
1.57644e-06
-7.12189e-06
1.27058e-06
-7.71974e-06
8.51272e-07
-7.96109e-06
3.47681e-07
-7.81338e-06
-2.04187e-07
-7.27598e-06
-7.59045e-07
-6.38621e-06
-1.26224e-06
-5.22271e-06
-1.65315e-06
-3.90408e-06
-1.87233e-06
-2.57995e-06
-1.87248e-06
-1.4129e-06
-1.63218e-06
-5.50518e-07
-1.17055e-06
-8.68644e-08
-5.66956e-07
-2.44655e-08
-3.32949e-07
4.1667e-07
-1.25946e-06
1.57213e-06
-2.65934e-06
2.58854e-06
-4.37141e-06
3.27646e-06
-6.21971e-06
3.59442e-06
-8.03306e-06
3.55644e-06
-9.65575e-06
3.19912e-06
-1.09531e-05
2.56794e-06
-1.18155e-05
1.71363e-06
-1.21629e-05
6.95105e-07
-1.19515e-05
-4.15539e-07
-1.11813e-05
-1.5293e-06
-9.90289e-06
-2.54064e-06
-8.22217e-06
-3.33386e-06
-6.29814e-06
-3.79637e-06
-4.33186e-06
-3.83875e-06
-2.54402e-06
-3.42002e-06
-1.14125e-06
-2.57331e-06
-2.74715e-07
-1.43349e-06
-2.99178e-07
-5.20215e-07
9.36883e-07
-1.84475e-06
2.89666e-06
-3.74938e-06
4.49317e-06
-6.00802e-06
5.5351e-06
-8.39964e-06
5.98604e-06
-1.07182e-05
5.87502e-06
-1.27792e-05
5.26013e-06
-1.44237e-05
4.21237e-06
-1.55217e-05
2.81165e-06
-1.59776e-05
1.15103e-06
-1.57369e-05
-6.56192e-07
-1.47951e-05
-2.47114e-06
-1.32061e-05
-4.12964e-06
-1.1089e-05
-5.45094e-06
-8.62842e-06
-6.25697e-06
-6.06487e-06
-6.4023e-06
-3.67269e-06
-5.8122e-06
-1.7248e-06
-4.52121e-06
-4.50431e-07
-2.70786e-06
-7.49609e-07
-6.89036e-07
1.62592e-06
-2.38874e-06
4.59637e-06
-4.77314e-06
6.87756e-06
-7.54707e-06
8.30904e-06
-1.04443e-05
8.8833e-06
-1.32288e-05
8.65951e-06
-1.56948e-05
7.72613e-06
-1.76669e-05
6.18447e-06
-1.90012e-05
4.14592e-06
-1.95887e-05
1.73859e-06
-1.93625e-05
-8.82461e-07
-1.83066e-05
-3.52707e-06
-1.64677e-05
-5.96847e-06
-1.39659e-05
-7.95275e-06
-1.10003e-05
-9.22262e-06
-7.84543e-06
-9.55713e-06
-4.83293e-06
-8.82471e-06
-2.31558e-06
-7.03855e-06
-6.19988e-07
-4.40345e-06
-1.3696e-06
-8.44564e-07
2.47049e-06
-2.89751e-06
6.64932e-06
-5.73676e-06
9.71681e-06
-8.9984e-06
1.15707e-05
-1.23722e-05
1.22571e-05
-1.5596e-05
1.18833e-05
-1.84489e-05
1.0579e-05
-2.07452e-05
8.4808e-06
-2.23316e-05
5.7323e-06
-2.30874e-05
2.49437e-06
-2.29299e-05
-1.03992e-06
-2.18247e-05
-4.63231e-06
-1.97996e-05
-7.99351e-06
-1.69621e-05
-1.07902e-05
-1.35142e-05
-1.26706e-05
-9.75867e-06
-1.33126e-05
-6.08898e-06
-1.24944e-05
-2.95393e-06
-1.01736e-05
-7.99952e-07
-6.55743e-06
-2.16955e-06
-9.91182e-07
3.46167e-06
-3.37824e-06
9.03637e-06
-6.64653e-06
1.29851e-05
-1.0365e-05
1.52891e-05
-1.41822e-05
1.60743e-05
-1.7815e-05
1.55161e-05
-2.1034e-05
1.37979e-05
-2.36502e-05
1.1097e-05
-2.55062e-05
7.58829e-06
-2.64719e-05
3.46007e-06
-2.64472e-05
-1.06466e-06
-2.53715e-05
-5.70794e-06
-2.32418e-05
-1.01233e-05
-2.01364e-05
-1.38956e-05
-1.62435e-05
-1.65635e-05
-1.1883e-05
-1.76731e-05
-7.51036e-06
-1.6867e-05
-3.68691e-06
-1.39971e-05
-1.00889e-06
-9.23544e-06
-3.17844e-06
-1.13201e-06
4.59368e-06
-3.83594e-06
1.17403e-05
-7.50359e-06
1.66528e-05
-1.16374e-05
1.94229e-05
-1.58489e-05
2.02859e-05
-1.98413e-05
1.95085e-05
-2.33855e-05
1.73422e-05
-2.6299e-05
1.40105e-05
-2.84283e-05
9.71762e-06
-2.96394e-05
4.67115e-06
-2.98155e-05
-8.88584e-07
-2.88649e-05
-6.65849e-06
-2.67408e-05
-1.22474e-05
-2.34728e-05
-1.71635e-05
-1.9211e-05
-2.08254e-05
-1.42699e-05
-2.26142e-05
-9.15763e-06
-2.19793e-05
-4.56123e-06
-1.85935e-05
-1.26589e-06
-1.25308e-05
-4.44433e-06
-1.26991e-06
5.86359e-06
-4.27483e-06
1.47452e-05
-8.30491e-06
2.06828e-05
-1.27941e-05
2.39121e-05
-1.73223e-05
2.48141e-05
-2.15893e-05
2.37754e-05
-2.53796e-05
2.11325e-05
-2.85302e-05
1.71611e-05
-3.09044e-05
1.20919e-05
-3.23744e-05
6.1411e-06
-3.28126e-05
-4.50386e-07
-3.20954e-05
-7.37568e-06
-3.01216e-05
-1.42212e-05
-2.68502e-05
-2.04349e-05
-2.23596e-05
-2.53159e-05
-1.69217e-05
-2.80521e-05
-1.10697e-05
-2.78314e-05
-5.619e-06
-2.40441e-05
-1.59068e-06
-1.65591e-05
-6.03502e-06
-1.41015e-06
7.27373e-06
-4.70359e-06
1.80387e-05
-9.04914e-06
2.50284e-05
-1.38064e-05
2.86693e-05
-1.8531e-05
2.95387e-05
-2.29344e-05
2.81788e-05
-2.68327e-05
2.50308e-05
-3.01013e-05
2.04297e-05
-3.26383e-05
1.46289e-05
-3.43382e-05
7.84098e-06
-3.50756e-05
2.87014e-07
-3.47013e-05
-7.74998e-06
-3.30552e-05
-1.58673e-05
-3.00048e-05
-2.34853e-05
-2.55164e-05
-2.98043e-05
-1.9763e-05
-3.38056e-05
-1.32478e-05
-3.43466e-05
-6.89397e-06
-3.0398e-05
-2.00483e-06
-2.14482e-05
-8.03984e-06
-1.56505e-06
8.83878e-06
-5.14425e-06
2.16179e-05
-9.74587e-06
2.963e-05
-1.46451e-05
3.35686e-05
-1.93858e-05
3.42795e-05
-2.37138e-05
3.25067e-05
-2.75018e-05
2.88189e-05
-3.06883e-05
2.36162e-05
-3.32293e-05
1.71699e-05
-3.50641e-05
9.67576e-06
-3.60902e-05
1.3131e-06
-3.61491e-05
-7.69103e-06
-3.50282e-05
-1.69882e-05
-3.24903e-05
-2.60233e-05
-2.83481e-05
-3.39464e-05
-2.26015e-05
-3.95522e-05
-1.56323e-05
-4.13158e-05
-8.40531e-06
-3.7625e-05
-2.53385e-06
-2.73197e-05
-1.05737e-05
-1.76167e-06
1.06005e-05
-5.6445e-06
2.55007e-05
-1.04253e-05
3.44108e-05
-1.52841e-05
3.84273e-05
-1.97778e-05
3.87731e-05
-2.37218e-05
3.64507e-05
-2.70801e-05
3.21772e-05
-2.98837e-05
2.64198e-05
-3.21738e-05
1.94599e-05
-3.39606e-05
1.14625e-05
-3.51917e-05
2.54426e-06
-3.57269e-05
-7.15588e-06
-3.53225e-05
-1.73926e-05
-3.3641e-05
-2.77047e-05
-3.03114e-05
-3.7276e-05
-2.50773e-05
-4.47863e-05
-1.80654e-05
-4.83276e-05
-1.01452e-05
-4.55452e-05
-3.21027e-06
-3.42547e-05
-1.3784e-05
-2.05424e-06
1.26547e-05
-6.29175e-06
2.97382e-05
-1.11407e-05
3.92597e-05
-1.56877e-05
4.29744e-05
-1.95549e-05
4.26404e-05
-2.2684e-05
3.95798e-05
-2.51749e-05
3.46681e-05
-2.71847e-05
2.84296e-05
-2.88653e-05
2.11406e-05
-3.03225e-05
1.29197e-05
-3.15827e-05
3.80447e-06
-3.25592e-05
-6.17948e-06
-3.30171e-05
-1.69346e-05
-3.25509e-05
-2.81709e-05
-3.06045e-05
-3.92224e-05
-2.65967e-05
-4.87941e-05
-2.02333e-05
-5.46911e-05
-1.20534e-05
-5.37251e-05
-4.07707e-06
-4.22309e-05
-1.7861e-05
-2.54358e-06
1.51983e-05
-7.22147e-06
3.44161e-05
-1.19426e-05
4.39808e-05
-1.57535e-05
4.67853e-05
-1.84481e-05
4.5335e-05
-2.01815e-05
4.13132e-05
-2.1245e-05
3.57316e-05
-2.19511e-05
2.91358e-05
-2.25783e-05
2.17677e-05
-2.33405e-05
1.3682e-05
-2.43629e-05
4.82689e-06
-2.56473e-05
-4.8951e-06
-2.70218e-05
-1.55601e-05
-2.80791e-05
-2.71136e-05
-2.81308e-05
-3.91707e-05
-2.62544e-05
-5.06705e-05
-2.15751e-05
-5.93704e-05
-1.39619e-05
-6.13383e-05
-5.18652e-06
-5.10063e-05
-2.30476e-05
-3.40104e-06
1.85993e-05
-8.59046e-06
3.96055e-05
-1.27708e-05
4.81611e-05
-1.51459e-05
4.91605e-05
-1.58849e-05
4.60739e-05
-1.54771e-05
4.09054e-05
-1.44575e-05
3.4712e-05
-1.33038e-05
2.79821e-05
-1.2412e-05
2.08759e-05
-1.209e-05
1.33599e-05
-1.25586e-05
5.29555e-06
-1.39281e-05
-3.52569e-06
-1.61442e-05
-1.3344e-05
-1.88951e-05
-2.43627e-05
-2.14851e-05
-3.65807e-05
-2.2741e-05
-4.94146e-05
-2.11352e-05
-6.09762e-05
-1.54708e-05
-6.70027e-05
-6.57141e-06
-5.99057e-05
-2.9619e-05
-4.86182e-06
2.34611e-05
-1.04096e-05
4.51533e-05
-1.31219e-05
5.08735e-05
-1.28913e-05
4.89298e-05
-1.05948e-05
4.37774e-05
-7.17853e-06
3.74892e-05
-3.42838e-06
3.09618e-05
5.37216e-08
2.45e-05
2.8183e-06
1.81113e-05
4.51276e-06
1.16654e-05
4.86202e-06
4.9463e-06
3.6614e-06
-2.32507e-06
8.14167e-07
-1.04968e-05
-3.56836e-06
-1.99802e-05
-8.97769e-06
-3.11714e-05
-1.42399e-05
-4.41524e-05
-1.73206e-05
-5.78955e-05
-1.5666e-05
-6.86573e-05
-8.11408e-06
-6.74576e-05
-3.77331e-05
-7.05439e-06
3.05155e-05
-1.1914e-05
5.00129e-05
-1.11629e-05
5.01223e-05
-6.50188e-06
4.42689e-05
1.12288e-07
3.71632e-05
7.29494e-06
3.03065e-05
1.41409e-05
2.41159e-05
2.00738e-05
1.85671e-05
2.47093e-05
1.34759e-05
2.77622e-05
8.61254e-06
2.89816e-05
3.72687e-06
2.81225e-05
-1.466e-06
2.49512e-05
-7.32538e-06
1.93093e-05
-1.43383e-05
1.13012e-05
-2.31633e-05
1.68435e-06
-3.45356e-05
-7.52273e-06
-4.86884e-05
-1.25667e-05
-6.36134e-05
-9.17765e-06
-7.08466e-05
-4.69107e-05
-9.24816e-06
3.97637e-05
-9.59923e-06
5.0364e-05
-1.63163e-06
4.21547e-05
9.65194e-06
3.29853e-05
2.14029e-05
2.54122e-05
3.22959e-05
1.94136e-05
4.17233e-05
1.46885e-05
4.94138e-05
1.08766e-05
5.5237e-05
7.65265e-06
5.90933e-05
4.75623e-06
6.08512e-05
1.96892e-06
6.03088e-05
-9.23514e-07
5.71646e-05
-4.18125e-06
5.10146e-05
-8.1883e-06
4.14285e-05
-1.35771e-05
2.82671e-05
-2.13741e-05
1.25302e-05
-3.29515e-05
-2.04992e-06
-4.90333e-05
-7.79442e-06
-6.51021e-05
-5.47051e-05
-5.18407e-06
4.49478e-05
8.92586e-06
3.62541e-05
2.84191e-05
2.26614e-05
4.64324e-05
1.4972e-05
6.15615e-05
1.02831e-05
7.38091e-05
7.16597e-06
8.3466e-05
5.03169e-06
9.08389e-05
3.50359e-06
9.61637e-05
2.32787e-06
9.95771e-05
1.34287e-06
0.000101106
4.40184e-07
0.000100656
-4.73497e-07
9.7968e-05
-1.49343e-06
9.25583e-05
-2.77864e-06
8.36099e-05
-4.62869e-06
6.99235e-05
-7.68776e-06
5.03159e-05
-1.33439e-05
2.54321e-05
-2.41495e-05
2.70629e-06
-4.23763e-05
-5.19988e-05
4.49478e-05
8.12018e-05
0.000103863
0.000118835
0.000129118
0.000136284
0.000141316
0.00014482
0.000147147
0.00014849
0.000148931
0.000148457
0.000146964
0.000144185
0.000139556
0.000131869
0.000118525
9.43752e-05
5.19988e-05
)
;

boundaryField
{
    movingWall
    {
        type            calculated;
        value           uniform 0;
    }
    fixedWalls
    {
        type            calculated;
        value           uniform 0;
    }
    frontAndBack
    {
        type            empty;
        value           nonuniform List<scalar> 0();
    }
}


// ************************************************************************* //
