/*--------------------------------*- C++ -*----------------------------------*\
  =========                 |
  \\      /  F ield         | OpenFOAM: The Open Source CFD Toolbox
   \\    /   O peration     | Website:  https://openfoam.org
    \\  /    A nd           | Version:  8
     \\/     M anipulation  |
\*---------------------------------------------------------------------------*/
FoamFile
{
    version     2.0;
    format      ascii;
    class       volScalarField;
    location    "0.3";
    object      p;
}
// * * * * * * * * * * * * * * * * * * * * * * * * * * * * * * * * * * * * * //

dimensions      [0 2 -2 0 0 0 0];

internalField   nonuniform List<scalar> 
400
(
3.25777e-05
-0.0227494
-0.0498129
-0.0701348
-0.0778254
-0.0703928
-0.0475344
-0.0103795
0.0388587
0.0969457
0.159617
0.221681
0.277366
0.320967
0.347781
0.35521
0.343853
0.31837
0.287865
0.265418
0.0227071
-0.000894128
-0.0220313
-0.035834
-0.039894
-0.0325293
-0.0133713
0.0168695
0.0566158
0.10343
0.153994
0.204208
0.249488
0.285314
0.307996
0.315539
0.308474
0.290211
0.266101
0.243277
0.0513672
0.018792
-0.00382983
-0.0162317
-0.0194927
-0.0129398
0.00355468
0.0294206
0.0635015
0.103938
0.148051
0.192359
0.232811
0.265266
0.286185
0.293436
0.287101
0.269555
0.2431
0.211151
0.0754241
0.0308955
0.00318182
-0.0107343
-0.0149445
-0.00969097
0.00485395
0.0281581
0.059372
0.0970703
0.138996
0.181965
0.222009
0.254805
0.276354
0.283847
0.276629
0.256216
0.222657
0.177453
0.0873182
0.0307392
-0.00289978
-0.0192609
-0.0250383
-0.0212181
-0.00818692
0.0136029
0.0436173
0.0808407
0.12337
0.168185
0.211179
0.247526
0.272363
0.281779
0.274072
0.249868
0.207349
0.14704
0.0811504
0.0131448
-0.0264253
-0.0454789
-0.0529843
-0.0505083
-0.0385333
-0.0173396
0.0129215
0.05169
0.0974343
0.147263
0.196813
0.240507
0.272235
0.286494
0.280084
0.252484
0.200026
0.122803
0.0519013
-0.0267333
-0.0718778
-0.0934952
-0.102617
-0.101276
-0.0899395
-0.068599
-0.0369027
0.00516994
0.0565806
0.114655
0.174768
0.23043
0.273894
0.297467
0.295762
0.266517
0.203722
0.107187
-0.00504152
-0.0934822
-0.143611
-0.167366
-0.177772
-0.177291
-0.166293
-0.144354
-0.110449
-0.063761
-0.00458448
0.064869
0.139879
0.213015
0.274551
0.313887
0.322452
0.29516
0.222463
0.103567
-0.0941218
-0.191624
-0.245946
-0.271078
-0.28215
-0.282129
-0.271262
-0.248586
-0.212192
-0.160166
-0.0916735
-0.00802777
0.0863493
0.183288
0.270885
0.334858
0.362125
0.343039
0.262328
0.1176
-0.219738
-0.32575
-0.383138
-0.408272
-0.418814
-0.418471
-0.407419
-0.384061
-0.345371
-0.287965
-0.209367
-0.109362
0.00860393
0.136169
0.259374
0.359614
0.417706
0.416917
0.332661
0.1588
-0.386495
-0.500789
-0.559366
-0.581857
-0.589446
-0.587067
-0.574973
-0.550858
-0.510332
-0.448124
-0.359518
-0.241975
-0.0969908
0.0678805
0.237307
0.38818
0.493659
0.52662
0.447688
0.242757
-0.599967
-0.722658
-0.778837
-0.793523
-0.793415
-0.785473
-0.770231
-0.744589
-0.702505
-0.63638
-0.538635
-0.403528
-0.229414
-0.0215562
0.204817
0.422862
0.597143
0.686401
0.62879
0.394546
-0.868678
-0.99963
-1.04607
-1.04313
-1.02664
-1.00662
-0.984015
-0.954666
-0.91048
-0.841047
-0.735337
-0.583578
-0.379747
-0.124984
0.167952
0.470731
0.739943
0.916943
0.907842
0.654442
-1.20887
-1.34497
-1.36621
-1.32777
-1.28019
-1.23744
-1.20041
-1.1632
-1.11497
-1.0419
-0.92897
-0.761743
-0.528768
-0.225192
0.141772
0.546413
0.940774
1.2479
1.33221
1.08809
-1.65532
-1.78144
-1.74468
-1.63974
-1.53837
-1.45752
-1.39619
-1.34515
-1.28956
-1.21133
-1.09095
-0.908927
-0.647712
-0.294942
0.151013
0.672959
1.22594
1.71921
1.97057
1.80303
-2.28331
-2.34765
-2.18512
-1.9633
-1.77649
-1.63845
-1.54172
-1.47062
-1.40421
-1.31894
-1.19029
-0.993493
-0.704616
-0.302796
0.225437
0.878462
1.6264
2.37821
2.91444
2.96694
-3.25334
-3.10442
-2.68655
-2.27417
-1.96238
-1.74718
-1.6061
-1.51161
-1.43342
-1.3411
-1.2046
-0.993819
-0.678299
-0.227826
0.385921
1.1847
2.16894
3.27112
4.27689
4.83573
-4.96244
-4.13171
-3.21441
-2.52112
-2.04756
-1.74356
-1.55995
-1.44848
-1.36557
-1.27285
-1.13493
-0.916986
-0.58246
-0.0908854
0.604702
1.55933
2.82362
4.39875
6.21296
7.93897
-8.53176
-5.45607
-3.5044
-2.47105
-1.86817
-1.52001
-1.33765
-1.24692
-1.19024
-1.12356
-1.00923
-0.810593
-0.488518
0.00500192
0.73476
1.79668
3.32534
5.50937
8.82499
13.4966
-15.2496
-6.73051
-3.00443
-1.75834
-1.21786
-0.966547
-0.88616
-0.88936
-0.914276
-0.919032
-0.869978
-0.734774
-0.477198
-0.0524987
0.605549
1.61402
3.2065
5.92431
11.4085
21.6994
)
;

boundaryField
{
    movingWall
    {
        type            zeroGradient;
    }
    fixedWalls
    {
        type            zeroGradient;
    }
    frontAndBack
    {
        type            empty;
    }
}


// ************************************************************************* //
