/*--------------------------------*- C++ -*----------------------------------*\
  =========                 |
  \\      /  F ield         | OpenFOAM: The Open Source CFD Toolbox
   \\    /   O peration     | Website:  https://openfoam.org
    \\  /    A nd           | Version:  8
     \\/     M anipulation  |
\*---------------------------------------------------------------------------*/
FoamFile
{
    version     2.0;
    format      ascii;
    class       volScalarField;
    location    "0.3";
    object      p;
}
// * * * * * * * * * * * * * * * * * * * * * * * * * * * * * * * * * * * * * //

dimensions      [0 2 -2 0 0 0 0];

internalField   nonuniform List<scalar> 
400
(
4.95727e-06
-0.00698742
-0.0155287
-0.0220397
-0.0244443
-0.0218251
-0.0141105
-0.00182231
0.0141054
0.0324433
0.0517536
0.0704754
0.0870284
0.099949
0.108066
0.110714
0.107986
0.101
0.0921347
0.0851626
0.00694087
-0.000261087
-0.00694388
-0.0114036
-0.012659
-0.0100727
-0.00355577
0.00652445
0.0194685
0.0343267
0.0499676
0.065153
0.0786321
0.0892582
0.0961311
0.0987588
0.0972406
0.092372
0.0854087
0.0782689
0.0159813
0.00601793
-0.00119064
-0.00527292
-0.00628023
-0.00388659
0.00190794
0.010758
0.0220703
0.0350505
0.0487442
0.0620943
0.0740175
0.0835046
0.0897369
0.0922193
0.0909426
0.0863879
0.0788174
0.0688998
0.0240799
0.0103556
0.00143169
-0.00320188
-0.00445548
-0.00228084
0.00319411
0.0115753
0.0222936
0.0346226
0.047692
0.0605212
0.072079
0.0813666
0.0875188
0.0899254
0.088409
0.083177
0.0737015
0.0598955
0.0291867
0.0115412
0.00058173
-0.0048628
-0.00644009
-0.00434171
0.00117504
0.00964454
0.020487
0.0330024
0.0463555
0.0595876
0.0716562
0.0815026
0.088141
0.090781
0.0890398
0.0828712
0.0710752
0.0530562
0.0297857
0.00821914
-0.00483638
-0.0110923
-0.0128606
-0.0105478
-0.00453783
0.00462112
0.0163189
0.0298558
0.0444011
0.0589802
0.0724936
0.0837675
0.0916326
0.0950543
0.0933965
0.0863478
0.0720793
0.0496182
0.0245701
-0.000930126
-0.0160185
-0.0229062
-0.0245588
-0.0215972
-0.0145373
-0.00401701
0.00931367
0.0247444
0.0414351
0.0583761
0.0743817
0.0881197
0.0981769
0.103201
0.102228
0.0946217
0.0778705
0.050653
0.0122058
-0.0172936
-0.0342507
-0.0414117
-0.0424579
-0.038258
-0.029477
-0.0168503
-0.00106622
0.017161
0.0369897
0.0573792
0.07705
0.0944847
0.10797
0.115748
0.116417
0.10889
0.089797
0.0573912
-0.00884665
-0.0424748
-0.0610196
-0.06788
-0.0676045
-0.0613843
-0.050069
-0.0344998
-0.0153904
0.00656799
0.0305657
0.0555637
0.0802111
0.102802
0.121278
0.133375
0.137098
0.130702
0.109632
0.0715066
-0.0404895
-0.0784349
-0.0980919
-0.103755
-0.101119
-0.0918287
-0.0769741
-0.0575098
-0.0341468
-0.00750214
0.0217121
0.0525284
0.0835867
0.113028
0.138433
0.156928
0.165731
0.162119
0.13982
0.095414
-0.0852054
-0.127684
-0.147603
-0.150631
-0.144089
-0.130281
-0.110612
-0.08615
-0.0575511
-0.0252743
0.01017
0.0480025
0.0869717
0.125163
0.159833
0.187433
0.204167
0.2059
0.183806
0.13267
-0.146455
-0.193589
-0.212171
-0.210188
-0.197386
-0.177021
-0.150887
-0.120136
-0.0852776
-0.0464847
-0.00391436
0.0420146
0.0903482
0.139304
0.185956
0.226096
0.254719
0.265729
0.246489
0.188614
-0.22949
-0.280895
-0.295028
-0.28404
-0.261363
-0.231551
-0.196811
-0.158272
-0.116132
-0.0700872
-0.0197358
0.0350972
0.0940264
0.155709
0.217341
0.274255
0.320184
0.346473
0.334926
0.271507
-0.34313
-0.396607
-0.400086
-0.37337
-0.33533
-0.292065
-0.24603
-0.198054
-0.147728
-0.0939959
-0.0356276
0.0284327
0.098718
0.174771
0.254449
0.333161
0.403667
0.454374
0.459391
0.394784
-0.503537
-0.551359
-0.531628
-0.47803
-0.416613
-0.354673
-0.294272
-0.235327
-0.176311
-0.115022
-0.0490824
0.0237617
0.10536
0.196711
0.297159
0.403251
0.507829
0.596794
0.634817
0.58139
-0.741118
-0.760891
-0.693232
-0.595056
-0.499323
-0.412616
-0.335012
-0.264297
-0.197004
-0.129267
-0.0572261
0.0228658
0.114551
0.220916
0.343899
0.482989
0.63346
0.781004
0.881763
0.870482
-1.11317
-1.04652
-0.885826
-0.717624
-0.574065
-0.456583
-0.360263
-0.278614
-0.205012
-0.133339
-0.0579732
0.026502
0.12558
0.245031
0.390746
0.56782
0.777926
1.01172
1.22599
1.32849
-1.75192
-1.43392
-1.09615
-0.826951
-0.623666
-0.473047
-0.360535
-0.272243
-0.196971
-0.12596
-0.0518546
0.0322647
0.133768
0.26142
0.426421
0.642852
0.924528
1.27851
1.69964
2.0999
-3.01376
-1.93397
-1.23958
-0.846954
-0.595176
-0.428199
-0.315706
-0.234386
-0.168466
-0.107408
-0.0431824
0.0314931
0.124723
0.247163
0.414927
0.653068
0.995728
1.49877
2.32135
3.55012
-5.19594
-2.42214
-1.14851
-0.665755
-0.426502
-0.290743
-0.211359
-0.159698
-0.119237
-0.0805793
-0.0373226
0.0161786
0.0862695
0.182132
0.319925
0.530433
0.871532
1.49413
2.93234
5.87247
)
;

boundaryField
{
    movingWall
    {
        type            zeroGradient;
    }
    fixedWalls
    {
        type            zeroGradient;
    }
    frontAndBack
    {
        type            empty;
    }
}


// ************************************************************************* //
