/*--------------------------------*- C++ -*----------------------------------*\
  =========                 |
  \\      /  F ield         | OpenFOAM: The Open Source CFD Toolbox
   \\    /   O peration     | Website:  https://openfoam.org
    \\  /    A nd           | Version:  8
     \\/     M anipulation  |
\*---------------------------------------------------------------------------*/
FoamFile
{
    version     2.0;
    format      ascii;
    class       volScalarField;
    location    "0.1";
    object      p;
}
// * * * * * * * * * * * * * * * * * * * * * * * * * * * * * * * * * * * * * //

dimensions      [0 2 -2 0 0 0 0];

internalField   nonuniform List<scalar> 
400
(
-4.00835e-08
-0.00802478
-0.0177761
-0.0251559
-0.0278131
-0.0247141
-0.0157802
-0.00159888
0.0167759
0.0379497
0.0602804
0.0819706
0.101188
0.116223
0.125704
0.128847
0.125756
0.117728
0.107525
0.0995122
0.00795866
-0.000300583
-0.00792154
-0.0129585
-0.0143078
-0.011251
-0.00368651
0.00797304
0.0229386
0.0401314
0.0582564
0.0758862
0.0915666
0.103957
0.111999
0.115113
0.113409
0.107813
0.0997962
0.0915915
0.018303
0.00687227
-0.00135224
-0.00595839
-0.00702711
-0.00419627
0.00253588
0.0127838
0.0258806
0.0409254
0.0568264
0.0723622
0.08627
0.0973645
0.104679
0.107627
0.106193
0.100943
0.0922101
0.0808001
0.0275263
0.0117685
0.00157368
-0.00366668
-0.00502429
-0.00245536
0.00389749
0.0135966
0.0260071
0.0403097
0.0555106
0.0704757
0.0839982
0.0948987
0.102149
0.105023
0.103308
0.0972542
0.0862945
0.0703799
0.0332553
0.0129779
0.000440849
-0.00573648
-0.00747972
-0.00501975
0.00135582
0.0111338
0.0236743
0.0381942
0.0537438
0.0692136
0.0833788
0.0949819
0.102844
0.106017
0.104044
0.0968825
0.0831973
0.0623692
0.0337202
0.00891655
-0.00603742
-0.0131606
-0.0151505
-0.0124837
-0.00558684
0.00494218
0.0184393
0.0341309
0.0510777
0.0681527
0.0840599
0.0973971
0.106756
0.110888
0.109029
0.100825
0.0842155
0.0581624
0.0273876
-0.00196052
-0.0192656
-0.0271419
-0.029048
-0.0257037
-0.017676
-0.00565157
0.00967457
0.0275295
0.0469716
0.0668357
0.085721
0.102028
0.114044
0.120127
0.119108
0.110244
0.0906765
0.0589768
0.0126901
-0.0212755
-0.0407521
-0.0489915
-0.050284
-0.0456259
-0.0357391
-0.0214027
-0.00333607
0.0177008
0.040777
0.0646973
0.0879489
0.108702
0.12487
0.134302
0.135285
0.126526
0.104147
0.0662351
-0.0121709
-0.0508942
-0.072232
-0.0802082
-0.0801123
-0.0732972
-0.0606745
-0.0431191
-0.0213543
0.00390894
0.0317951
0.0611211
0.0902916
0.117243
0.139457
0.154146
0.158855
0.151476
0.126709
0.0819026
-0.0493967
-0.0930807
-0.115752
-0.12248
-0.119862
-0.109754
-0.0933119
-0.0715103
-0.0450381
-0.0144921
0.0193884
0.0555205
0.0923042
0.127488
0.158099
0.180584
0.191496
0.187516
0.161259
0.108848
-0.101828
-0.150708
-0.173762
-0.177645
-0.170804
-0.155819
-0.134174
-0.106934
-0.0746907
-0.0378262
0.00318281
0.0474955
0.0936535
0.13934
0.181175
0.214754
0.235355
0.237903
0.211902
0.151334
-0.173384
-0.227598
-0.249236
-0.24761
-0.233918
-0.211794
-0.183127
-0.149036
-0.109908
-0.0657612
-0.0166332
0.0370842
0.094305
0.15288
0.209202
0.258037
0.293148
0.307018
0.284508
0.215788
-0.269985
-0.329115
-0.345815
-0.334156
-0.309528
-0.277009
-0.238913
-0.196295
-0.149148
-0.0969136
-0.0389517
0.0250676
0.0947564
0.16851
0.242876
0.312051
0.368214
0.400679
0.387544
0.312184
-0.401574
-0.463179
-0.467876
-0.438509
-0.396679
-0.349185
-0.298577
-0.245533
-0.189326
-0.128507
-0.0614595
0.0132001
0.0961944
0.187002
0.282989
0.37845
0.46436
0.526399
0.533346
0.45672
-0.586481
-0.641854
-0.620176
-0.560289
-0.492034
-0.423522
-0.356812
-0.291511
-0.225599
-0.156298
-0.0806585
0.00411705
0.100321
0.209189
0.329901
0.458158
0.585034
0.693116
0.739817
0.67695
-0.859451
-0.883112
-0.806619
-0.695796
-0.588458
-0.491811
-0.405601
-0.326988
-0.251725
-0.175121
-0.0925126
0.000641042
0.108621
0.235152
0.382537
0.550046
0.73171
0.909799
1.03152
1.01956
-1.28651
-1.21149
-1.02805
-0.836837
-0.674726
-0.542864
-0.435244
-0.344127
-0.261638
-0.180505
-0.094039
0.00427592
0.120963
0.262919
0.437139
0.649601
0.902029
1.18255
1.43912
1.56309
-2.02087
-1.65656
-1.26896
-0.961491
-0.730727
-0.560762
-0.434511
-0.335736
-0.251289
-0.170851
-0.0857354
0.0123333
0.132052
0.283831
0.480917
0.739927
1.07706
1.4999
2.00114
2.47753
-3.47729
-2.23042
-1.43059
-0.981175
-0.694808
-0.50611
-0.379992
-0.289361
-0.215768
-0.146814
-0.0729946
0.0142378
0.124597
0.270677
0.471475
0.756546
1.16629
1.76592
2.74038
4.1901
-6.01162
-2.79017
-1.31774
-0.765672
-0.49472
-0.342518
-0.255067
-0.199124
-0.155297
-0.112478
-0.0630476
-0.000280819
0.0834453
0.199018
0.365449
0.61899
1.02834
1.77078
3.4674
6.9153
)
;

boundaryField
{
    movingWall
    {
        type            zeroGradient;
    }
    fixedWalls
    {
        type            zeroGradient;
    }
    frontAndBack
    {
        type            empty;
    }
}


// ************************************************************************* //
