/*--------------------------------*- C++ -*----------------------------------*\
  =========                 |
  \\      /  F ield         | OpenFOAM: The Open Source CFD Toolbox
   \\    /   O peration     | Website:  https://openfoam.org
    \\  /    A nd           | Version:  8
     \\/     M anipulation  |
\*---------------------------------------------------------------------------*/
FoamFile
{
    version     2.0;
    format      ascii;
    class       volVectorField;
    location    "0.1";
    object      U;
}
// * * * * * * * * * * * * * * * * * * * * * * * * * * * * * * * * * * * * * //

dimensions      [0 1 -1 0 0 0 0];

internalField   nonuniform List<vector> 
400
(
(0.000345458 -0.000341087 0)
(0.000180135 0.00016083 0)
(-0.00164576 0.000782253 0)
(-0.00481747 0.00121757 0)
(-0.00879165 0.00143447 0)
(-0.0130292 0.00145598 0)
(-0.0170523 0.00131622 0)
(-0.0204656 0.00104996 0)
(-0.0229608 0.000689471 0)
(-0.0243172 0.000265738 0)
(-0.0244047 -0.000188802 0)
(-0.0231923 -0.000637805 0)
(-0.0207586 -0.00103965 0)
(-0.0173038 -0.00134781 0)
(-0.0131551 -0.00151335 0)
(-0.00876219 -0.00149014 0)
(-0.00467219 -0.00124403 0)
(-0.00147628 -0.000767039 0)
(0.000285005 -0.000120119 0)
(0.000373331 0.000365008 0)
(-0.000114097 -0.000218328 0)
(-0.00224522 0.00228757 0)
(-0.00787777 0.00498997 0)
(-0.0161653 0.00691823 0)
(-0.0260101 0.00787687 0)
(-0.036307 0.00789908 0)
(-0.046007 0.00710357 0)
(-0.0542012 0.00564225 0)
(-0.0601657 0.00367755 0)
(-0.0633813 0.00137903 0)
(-0.0635495 -0.0010714 0)
(-0.0606121 -0.00347378 0)
(-0.054772 -0.00560846 0)
(-0.0465081 -0.00724218 0)
(-0.0365773 -0.00814451 0)
(-0.0259858 -0.00811759 0)
(-0.0159099 -0.00704275 0)
(-0.0075554 -0.00494506 0)
(-0.00202708 -0.00212873 0)
(-4.92326e-05 0.000329398 0)
(-0.000738645 0.001535 0)
(-0.00514497 0.00794111 0)
(-0.0146272 0.0140871 0)
(-0.0275562 0.0184193 0)
(-0.0423454 0.0205035 0)
(-0.0575184 0.0203557 0)
(-0.0716609 0.0182109 0)
(-0.0835326 0.0144123 0)
(-0.0921401 0.00935458 0)
(-0.0967698 0.003466 0)
(-0.0970132 -0.00278934 0)
(-0.0927932 -0.00890556 0)
(-0.0843898 -0.0143372 0)
(-0.0724573 -0.0185186 0)
(-0.0580227 -0.0209074 0)
(-0.042446 -0.021058 0)
(-0.0273089 -0.0187304 0)
(-0.0142357 -0.0140268 0)
(-0.00485032 -0.0076068 0)
(-0.000643453 -0.00126898 0)
(-0.00129367 0.00484782 0)
(-0.00788376 0.016894 0)
(-0.0211309 0.0274356 0)
(-0.0384786 0.0346176 0)
(-0.0578003 0.0378696 0)
(-0.0772929 0.0372442 0)
(-0.095269 0.0331387 0)
(-0.110263 0.0261387 0)
(-0.121105 0.0169297 0)
(-0.126958 0.00626437 0)
(-0.127336 -0.00504012 0)
(-0.122135 -0.0160964 0)
(-0.111667 -0.0259535 0)
(-0.096677 -0.033631 0)
(-0.0783579 -0.0381933 0)
(-0.0583141 -0.0388727 0)
(-0.0384496 -0.0352444 0)
(-0.0207856 -0.0274332 0)
(-0.00754901 -0.0163766 0)
(-0.00117066 -0.00437766 0)
(-0.00178203 0.00955994 0)
(-0.0104378 0.0289499 0)
(-0.0273483 0.0447653 0)
(-0.0489831 0.0551028 0)
(-0.0726302 0.059428 0)
(-0.0961602 0.0579429 0)
(-0.117656 0.0512838 0)
(-0.135488 0.0403337 0)
(-0.148377 0.026111 0)
(-0.155404 0.00972723 0)
(-0.156025 -0.00761508 0)
(-0.150098 -0.024613 0)
(-0.137917 -0.0398685 0)
(-0.120251 -0.0519312 0)
(-0.0983782 -0.0593998 0)
(-0.0740828 -0.061093 0)
(-0.049565 -0.056291 0)
(-0.0272772 -0.0450136 0)
(-0.0101459 -0.0283271 0)
(-0.00164255 -0.00886363 0)
(-0.0022393 0.0155756 0)
(-0.0129017 0.0440243 0)
(-0.0334206 0.0660224 0)
(-0.059269 0.0798068 0)
(-0.0871165 0.0850661 0)
(-0.114505 0.0823001 0)
(-0.139317 0.0724899 0)
(-0.159812 0.0568827 0)
(-0.17465 0.0368675 0)
(-0.182871 0.0139314 0)
(-0.183887 -0.0103326 0)
(-0.177498 -0.0342001 0)
(-0.163934 -0.0558074 0)
(-0.143918 -0.0731909 0)
(-0.118738 -0.0844027 0)
(-0.0902974 -0.0877252 0)
(-0.0610768 -0.0819827 0)
(-0.034003 -0.0669075 0)
(-0.0128056 -0.0435223 0)
(-0.00210992 -0.0146868 0)
(-0.00269921 0.0228687 0)
(-0.0153819 0.062096 0)
(-0.0395162 0.0911816 0)
(-0.0695309 0.108667 0)
(-0.101449 0.114667 0)
(-0.132493 0.11016 0)
(-0.160388 0.0966003 0)
(-0.183342 0.0756786 0)
(-0.200015 0.0491857 0)
(-0.209452 0.018982 0)
(-0.211039 -0.0129707 0)
(-0.204503 -0.0445521 0)
(-0.189961 -0.0734419 0)
(-0.168005 -0.0971345 0)
(-0.139839 -0.113051 0)
(-0.107404 -0.118784 0)
(-0.0734147 -0.112489 0)
(-0.0413024 -0.0933625 0)
(-0.0157188 -0.0621703 0)
(-0.00262616 -0.0219192 0)
(-0.00319137 0.0314747 0)
(-0.0179766 0.0832133 0)
(-0.0457816 0.120238 0)
(-0.0798944 0.14158 0)
(-0.115659 0.148028 0)
(-0.150011 0.141253 0)
(-0.18059 0.123344 0)
(-0.205639 0.0965173 0)
(-0.223908 0.0629907 0)
(-0.234513 0.0249722 0)
(-0.236846 -0.015263 0)
(-0.230556 -0.0552625 0)
(-0.215589 -0.0922962 0)
(-0.192312 -0.123317 0)
(-0.161712 -0.145038 0)
(-0.12563 -0.154186 0)
(-0.0869169 -0.14797 0)
(-0.0494958 -0.124719 0)
(-0.0190769 -0.0846345 0)
(-0.00324445 -0.0307444 0)
(-0.00374575 0.0414843 0)
(-0.020781 0.107487 0)
(-0.0523367 0.153184 0)
(-0.0903929 0.178351 0)
(-0.129578 0.184771 0)
(-0.166608 0.175093 0)
(-0.199159 0.152221 0)
(-0.225646 0.118994 0)
(-0.245031 0.0780634 0)
(-0.256598 0.0319309 0)
(-0.259809 -0.0169113 0)
(-0.254238 -0.0657915 0)
(-0.239611 -0.11167 0)
(-0.215955 -0.151008 0)
(-0.183861 -0.179765 0)
(-0.144861 -0.193617 0)
(-0.10175 -0.188485 0)
(-0.0588511 -0.161363 0)
(-0.0230711 -0.111422 0)
(-0.0040222 -0.0414555 0)
(-0.00440387 0.0530478 0)
(-0.0239153 0.135079 0)
(-0.0592987 0.189955 0)
(-0.100967 0.218586 0)
(-0.142804 0.224212 0)
(-0.181436 0.210818 0)
(-0.214766 0.182353 0)
(-0.24158 0.142366 0)
(-0.261226 0.093931 0)
(-0.273296 0.0397493 0)
(-0.277404 -0.0176141 0)
(-0.273089 -0.0754422 0)
(-0.259818 -0.130557 0)
(-0.237152 -0.179054 0)
(-0.205069 -0.216158 0)
(-0.164488 -0.236333 0)
(-0.11782 -0.233811 0)
(-0.0695625 -0.203616 0)
(-0.0279069 -0.143151 0)
(-0.00503206 -0.0544603 0)
(-0.00523922 0.0664041 0)
(-0.0275726 0.166211 0)
(-0.0668234 0.230364 0)
(-0.111462 0.261563 0)
(-0.15464 0.265178 0)
(-0.193138 0.247011 0)
(-0.225379 0.212306 0)
(-0.250792 0.165404 0)
(-0.269337 0.109744 0)
(-0.281081 0.0480894 0)
(-0.285915 -0.0171212 0)
(-0.283404 -0.083364 0)
(-0.272754 -0.147581 0)
(-0.252951 -0.205733 0)
(-0.223122 -0.252444 0)
(-0.183174 -0.28089 0)
(-0.134635 -0.283191 0)
(-0.0817162 -0.251565 0)
(-0.0338319 -0.180502 0)
(-0.00638139 -0.0703058 0)
(-0.00639376 0.0819546 0)
(-0.0320938 0.20118 0)
(-0.0751434 0.273998 0)
(-0.121577 0.306029 0)
(-0.163961 0.305778 0)
(-0.199661 0.28147 0)
(-0.228056 0.239907 0)
(-0.24957 0.186239 0)
(-0.265029 0.124155 0)
(-0.27516 0.0562846 0)
(-0.280266 -0.0153101 0)
(-0.280035 -0.0885963 0)
(-0.273462 -0.160977 0)
(-0.258914 -0.228643 0)
(-0.23445 -0.285926 0)
(-0.198525 -0.324812 0)
(-0.151072 -0.334969 0)
(-0.0952107 -0.304789 0)
(-0.0411723 -0.224139 0)
(-0.00824638 -0.089736 0)
(-0.00814298 0.100411 0)
(-0.0380694 0.240383 0)
(-0.084553 0.320012 0)
(-0.13067 0.349874 0)
(-0.168875 0.343073 0)
(-0.197867 0.310957 0)
(-0.218589 0.262063 0)
(-0.232855 0.202251 0)
(-0.242597 0.135238 0)
(-0.249344 0.0632613 0)
(-0.253922 -0.0122779 0)
(-0.256265 -0.0901619 0)
(-0.255274 -0.168654 0)
(-0.248772 -0.244667 0)
(-0.233669 -0.312777 0)
(-0.206567 -0.364191 0)
(-0.16495 -0.386059 0)
(-0.109561 -0.361902 0)
(-0.0503673 -0.274552 0)
(-0.0109308 -0.113806 0)
(-0.0110031 0.123058 0)
(-0.0464414 0.284255 0)
(-0.0951968 0.366705 0)
(-0.137199 0.389606 0)
(-0.165987 0.372653 0)
(-0.182806 0.330948 0)
(-0.190906 0.274682 0)
(-0.193844 0.210083 0)
(-0.194759 0.140528 0)
(-0.195996 0.0675376 0)
(-0.198929 -0.00841799 0)
(-0.203834 -0.0872233 0)
(-0.209726 -0.168386 0)
(-0.21414 -0.250104 0)
(-0.213027 -0.327979 0)
(-0.200994 -0.393308 0)
(-0.172257 -0.431253 0)
(-0.123421 -0.41979 0)
(-0.0619353 -0.331692 0)
(-0.0149492 -0.144064 0)
(-0.0158544 0.152138 0)
(-0.0584307 0.33291 0)
(-0.106265 0.41064 0)
(-0.137349 0.419532 0)
(-0.148894 0.388176 0)
(-0.146412 0.335546 0)
(-0.136145 0.272844 0)
(-0.123452 0.205933 0)
(-0.112477 0.137292 0)
(-0.106129 0.0673883 0)
(-0.106171 -0.00443141 0)
(-0.11325 -0.0792988 0)
(-0.126743 -0.158202 0)
(-0.144395 -0.241126 0)
(-0.161813 -0.325626 0)
(-0.172057 -0.404501 0)
(-0.165756 -0.462453 0)
(-0.13344 -0.472398 0)
(-0.0760979 -0.394125 0)
(-0.0210608 -0.182738 0)
(-0.0238337 0.191437 0)
(-0.074585 0.384967 0)
(-0.113536 0.444872 0)
(-0.121909 0.430598 0)
(-0.105356 0.381083 0)
(-0.075429 0.317859 0)
(-0.0413904 0.251515 0)
(-0.00976977 0.186331 0)
(0.0150416 0.123205 0)
(0.0302112 0.0612846 0)
(0.033992 -0.00119994 0)
(0.0254864 -0.0665029 0)
(0.00471378 -0.137011 0)
(-0.0269536 -0.214689 0)
(-0.065921 -0.29986 0)
(-0.105104 -0.388623 0)
(-0.13252 -0.46806 0)
(-0.131601 -0.508922 0)
(-0.0912234 -0.457286 0)
(-0.0298754 -0.232988 0)
(-0.0350108 0.247585 0)
(-0.090919 0.43435 0)
(-0.102904 0.455199 0)
(-0.0698812 0.408583 0)
(-0.0126413 0.340675 0)
(0.0513081 0.271124 0)
(0.111502 0.207002 0)
(0.162069 0.149515 0)
(0.199826 0.0974375 0)
(0.223027 0.0486246 0)
(0.230566 0.000526319 0)
(0.221577 -0.0497241 0)
(0.195375 -0.105351 0)
(0.151784 -0.169885 0)
(0.0921186 -0.246583 0)
(0.0211089 -0.336393 0)
(-0.0499593 -0.432734 0)
(-0.0996901 -0.511072 0)
(-0.0992968 -0.509947 0)
(-0.0398387 -0.299612 0)
(-0.0417584 0.327482 0)
(-0.0865754 0.460933 0)
(-0.0354165 0.414673 0)
(0.0628946 0.333944 0)
(0.168692 0.256853 0)
(0.265153 0.192141 0)
(0.345841 0.139985 0)
(0.408664 0.0977168 0)
(0.453455 0.0622293 0)
(0.480566 0.0306962 0)
(0.490103 0.000538698 0)
(0.481579 -0.0308432 0)
(0.453755 -0.0664745 0)
(0.404683 -0.110211 0)
(0.332266 -0.16707 0)
(0.235923 -0.242728 0)
(0.119984 -0.340287 0)
(0.00110326 -0.450795 0)
(-0.0745397 -0.524843 0)
(-0.0394316 -0.383005 0)
(0.00862036 0.38977 0)
(0.0221843 0.407991 0)
(0.18549 0.293084 0)
(0.358695 0.201103 0)
(0.497986 0.137684 0)
(0.605058 0.0942155 0)
(0.68547 0.064108 0)
(0.743579 0.0424882 0)
(0.782913 0.0259588 0)
(0.805932 0.0122172 0)
(0.813896 -0.000431579 0)
(0.806834 -0.0135026 0)
(0.783434 -0.0287654 0)
(0.740767 -0.0487799 0)
(0.673953 -0.0777375 0)
(0.576095 -0.122579 0)
(0.437895 -0.193816 0)
(0.252399 -0.30352 0)
(0.0639381 -0.440405 0)
(0.0288781 -0.42515 0)
(0.417009 0.203559 0)
(0.549524 0.178158 0)
(0.772822 0.107196 0)
(0.936691 0.0622981 0)
(1.03488 0.0368622 0)
(1.09668 0.0221916 0)
(1.13756 0.0135244 0)
(1.16452 0.00815984 0)
(1.18148 0.00455492 0)
(1.1907 0.00183916 0)
(1.19326 -0.000517132 0)
(1.18938 -0.00292804 0)
(1.1784 -0.00585431 0)
(1.15846 -0.0100435 0)
(1.12584 -0.0169431 0)
(1.07332 -0.0295041 0)
(0.984594 -0.0536661 0)
(0.824491 -0.100473 0)
(0.58768 -0.1788 0)
(0.435041 -0.210118 0)
)
;

boundaryField
{
    movingWall
    {
        type            fixedValue;
        value           uniform (1.4 0 0);
    }
    fixedWalls
    {
        type            noSlip;
    }
    frontAndBack
    {
        type            empty;
    }
}


// ************************************************************************* //
