/*--------------------------------*- C++ -*----------------------------------*\
  =========                 |
  \\      /  F ield         | OpenFOAM: The Open Source CFD Toolbox
   \\    /   O peration     | Website:  https://openfoam.org
    \\  /    A nd           | Version:  8
     \\/     M anipulation  |
\*---------------------------------------------------------------------------*/
FoamFile
{
    version     2.0;
    format      ascii;
    class       volScalarField;
    location    "0.4";
    object      p;
}
// * * * * * * * * * * * * * * * * * * * * * * * * * * * * * * * * * * * * * //

dimensions      [0 2 -2 0 0 0 0];

internalField   nonuniform List<scalar> 
400
(
5.64017e-06
-0.00698703
-0.0155293
-0.0220413
-0.0244467
-0.0218277
-0.014113
-0.00182416
0.0141045
0.0324435
0.051755
0.070478
0.0870319
0.0999531
0.10807
0.110718
0.10799
0.101003
0.0921359
0.0851632
0.00694276
-0.000259907
-0.00694342
-0.0114039
-0.0126598
-0.0100738
-0.0035568
0.00652369
0.0194682
0.0343271
0.0499686
0.0651548
0.0786344
0.0892609
0.0961338
0.0987612
0.0972425
0.0923732
0.0854092
0.0782687
0.0159843
0.00601983
-0.0011895
-0.00527238
-0.00628016
-0.0038868
0.00190768
0.0107579
0.0220704
0.0350509
0.0487451
0.0620956
0.0740192
0.0835064
0.0897387
0.0922208
0.0909437
0.0863883
0.078817
0.0688985
0.024084
0.0103582
0.00143334
-0.00320085
-0.00445496
-0.00228067
0.00319414
0.0115753
0.0222937
0.034623
0.0476926
0.060522
0.07208
0.0813678
0.08752
0.0899263
0.0884094
0.0831767
0.0737003
0.0598931
0.0291915
0.0115442
0.000583703
-0.00486146
-0.0064393
-0.00434137
0.0011751
0.00964451
0.020487
0.0330025
0.0463557
0.059588
0.0716566
0.0815031
0.0881415
0.0907813
0.0890397
0.0828704
0.0710734
0.0530529
0.0297905
0.0082221
-0.0048344
-0.0110909
-0.0128598
-0.0105474
-0.00453792
0.00462078
0.0163185
0.0298554
0.0444007
0.05898
0.0724934
0.0837674
0.0916325
0.095054
0.0933958
0.0863465
0.072077
0.0496144
0.0245743
-0.000927621
-0.0160169
-0.0229052
-0.0245582
-0.0215971
-0.0145377
-0.00401779
0.00931267
0.0247434
0.0414341
0.0583752
0.0743809
0.088119
0.0981762
0.1032
0.102227
0.0946201
0.077868
0.0506491
0.0122088
-0.017292
-0.0342499
-0.0414112
-0.0424579
-0.0382584
-0.0294778
-0.0168517
-0.0010679
0.0171592
0.0369879
0.0573775
0.0770485
0.0944833
0.107969
0.115747
0.116416
0.108888
0.0897945
0.0573875
-0.00884519
-0.0424742
-0.0610197
-0.0678804
-0.0676052
-0.0613854
-0.0500705
-0.0345018
-0.0153927
0.00656536
0.0305631
0.0555612
0.0802088
0.1028
0.121276
0.133373
0.137097
0.1307
0.109629
0.0715034
-0.04049
-0.0784356
-0.098093
-0.103757
-0.101121
-0.0918306
-0.0769764
-0.0575125
-0.0341499
-0.00750551
0.0217087
0.0525251
0.0835837
0.113025
0.13843
0.156926
0.165729
0.162117
0.139818
0.0954115
-0.0852079
-0.127686
-0.147605
-0.150633
-0.144091
-0.130284
-0.110615
-0.0861533
-0.0575548
-0.0252783
0.0101659
0.0479985
0.0869681
0.12516
0.159831
0.187431
0.204165
0.205899
0.183804
0.132669
-0.146459
-0.193593
-0.212174
-0.210191
-0.197389
-0.177024
-0.150891
-0.12014
-0.0852818
-0.0464891
-0.00391885
0.0420102
0.0903442
0.1393
0.185953
0.226093
0.254717
0.265727
0.246488
0.188613
-0.229496
-0.280899
-0.295031
-0.284043
-0.261366
-0.231554
-0.196814
-0.158276
-0.116136
-0.0700918
-0.0197405
0.0350927
0.0940223
0.155705
0.217338
0.274253
0.320182
0.346471
0.334926
0.271508
-0.343136
-0.396611
-0.40009
-0.373373
-0.335333
-0.292068
-0.246033
-0.198058
-0.147732
-0.0940004
-0.0356322
0.0284283
0.0987141
0.174767
0.254446
0.333159
0.403666
0.454373
0.459391
0.394786
-0.503543
-0.551363
-0.531631
-0.478032
-0.416615
-0.354675
-0.294274
-0.23533
-0.176315
-0.115026
-0.0490866
0.0237577
0.105357
0.196709
0.297157
0.40325
0.507829
0.596794
0.634818
0.581392
-0.741123
-0.760894
-0.693234
-0.595058
-0.499324
-0.412617
-0.335013
-0.264299
-0.197007
-0.129271
-0.0572297
0.0228623
0.114548
0.220913
0.343897
0.482988
0.63346
0.781004
0.881764
0.870485
-1.11317
-1.04652
-0.885827
-0.717624
-0.574065
-0.456583
-0.360263
-0.278615
-0.205014
-0.133342
-0.0579761
0.0264991
0.125578
0.245029
0.390745
0.56782
0.777926
1.01172
1.226
1.32849
-1.75193
-1.43392
-1.09615
-0.82695
-0.623665
-0.473045
-0.360534
-0.272243
-0.196972
-0.125962
-0.0518569
0.0322622
0.133766
0.261419
0.42642
0.642852
0.924529
1.27851
1.69964
2.0999
-3.01376
-1.93397
-1.23958
-0.846951
-0.595173
-0.428196
-0.315704
-0.234385
-0.168467
-0.107409
-0.0431844
0.0314907
0.12472
0.247161
0.414925
0.653067
0.995729
1.49877
2.32135
3.55012
-5.19594
-2.42214
-1.1485
-0.665751
-0.426497
-0.290738
-0.211355
-0.159696
-0.119236
-0.0805801
-0.0373246
0.0161757
0.0862662
0.182129
0.319922
0.530431
0.871531
1.49413
2.93235
5.87247
)
;

boundaryField
{
    movingWall
    {
        type            zeroGradient;
    }
    fixedWalls
    {
        type            zeroGradient;
    }
    frontAndBack
    {
        type            empty;
    }
}


// ************************************************************************* //
