/*--------------------------------*- C++ -*----------------------------------*\
  =========                 |
  \\      /  F ield         | OpenFOAM: The Open Source CFD Toolbox
   \\    /   O peration     | Website:  https://openfoam.org
    \\  /    A nd           | Version:  8
     \\/     M anipulation  |
\*---------------------------------------------------------------------------*/
FoamFile
{
    version     2.0;
    format      ascii;
    class       surfaceScalarField;
    location    "0.1";
    object      phi;
}
// * * * * * * * * * * * * * * * * * * * * * * * * * * * * * * * * * * * * * //

dimensions      [0 3 -1 0 0 0 0];

internalField   nonuniform List<scalar> 
760
(
4.12083e-08
-4.12064e-08
-7.83204e-08
1.19528e-07
-3.6822e-07
2.899e-07
-7.74365e-07
4.06145e-07
-1.23726e-06
4.62901e-07
-1.70311e-06
4.65843e-07
-2.12601e-06
4.22905e-07
-2.46789e-06
3.4188e-07
-2.69796e-06
2.30071e-07
-2.79317e-06
9.52078e-08
-2.73989e-06
-5.32798e-08
-2.53661e-06
-2.03283e-07
-2.1968e-06
-3.39807e-07
-1.75105e-06
-4.45744e-07
-1.24728e-06
-5.03778e-07
-7.47909e-07
-4.99368e-07
-3.23248e-07
-4.24661e-07
-4.04338e-08
-2.82813e-07
5.59572e-08
-9.63902e-08
5.59585e-08
-1.16415e-07
7.52067e-08
-5.85705e-07
5.88818e-07
-1.38289e-06
1.08708e-06
-2.40954e-06
1.43279e-06
-3.54666e-06
1.60002e-06
-4.67736e-06
1.59654e-06
-5.69636e-06
1.4419e-06
-6.51379e-06
1.15931e-06
-7.0572e-06
7.73478e-07
-7.27411e-06
3.12116e-07
-7.13606e-06
-1.91327e-07
-6.64371e-06
-6.95637e-07
-5.83175e-06
-1.15177e-06
-4.7718e-06
-1.5057e-06
-3.57104e-06
-1.70454e-06
-2.36448e-06
-1.70592e-06
-1.29912e-06
-1.49002e-06
-5.09255e-07
-1.07268e-06
-8.19226e-08
-5.23725e-07
-2.59619e-08
-3.02865e-07
3.78071e-07
-1.1484e-06
1.43435e-06
-2.42845e-06
2.36713e-06
-3.99572e-06
3.00007e-06
-5.68828e-06
3.29258e-06
-7.3481e-06
3.25637e-06
-8.83157e-06
2.92537e-06
-1.00151e-05
2.34281e-06
-1.07988e-05
1.55723e-06
-1.11111e-05
6.24337e-07
-1.09134e-05
-3.88986e-07
-1.02073e-05
-1.40169e-06
-9.04021e-06
-2.3189e-06
-7.50851e-06
-3.03739e-06
-5.75619e-06
-3.45687e-06
-3.96477e-06
-3.49734e-06
-2.33366e-06
-3.12113e-06
-1.05054e-06
-2.3558e-06
-2.54509e-07
-1.31976e-06
-2.80469e-07
-4.73484e-07
8.51554e-07
-1.68271e-06
2.64358e-06
-3.42476e-06
4.10918e-06
-5.49269e-06
5.068e-06
-7.68282e-06
5.48271e-06
-9.80478e-06
5.37833e-06
-1.16883e-05
4.80888e-06
-1.31874e-05
3.84193e-06
-1.41841e-05
2.55389e-06
-1.45924e-05
1.03272e-06
-1.4365e-05
-6.16432e-07
-1.34997e-05
-2.26696e-06
-1.20475e-05
-3.7711e-06
-1.01175e-05
-4.96746e-06
-7.87682e-06
-5.69752e-06
-5.54272e-06
-5.83144e-06
-3.36262e-06
-5.30122e-06
-1.58364e-06
-4.13478e-06
-4.15559e-07
-2.48783e-06
-6.96028e-07
-6.27568e-07
1.47912e-06
-2.18053e-06
4.19654e-06
-4.36299e-06
6.29163e-06
-6.90419e-06
7.6092e-06
-9.55829e-06
8.13681e-06
-1.21067e-05
7.92673e-06
-1.43593e-05
7.0615e-06
-1.61551e-05
5.6377e-06
-1.73632e-05
3.76205e-06
-1.78864e-05
1.55592e-06
-1.76664e-05
-8.36494e-07
-1.66918e-05
-3.24152e-06
-1.5008e-05
-5.45486e-06
-1.27258e-05
-7.24974e-06
-1.00259e-05
-8.39735e-06
-7.15631e-06
-8.70107e-06
-4.41518e-06
-8.04236e-06
-2.12079e-06
-6.42917e-06
-5.70351e-07
-4.03827e-06
-1.26638e-06
-7.70236e-07
2.24936e-06
-2.64858e-06
6.07488e-06
-5.2507e-06
8.89376e-06
-8.24178e-06
1.06003e-05
-1.13345e-05
1.12295e-05
-1.42855e-05
1.08777e-05
-1.689e-05
9.66606e-06
-1.89777e-05
7.72538e-06
-2.04093e-05
5.19368e-06
-2.10775e-05
2.2241e-06
-2.09109e-05
-1.00315e-06
-1.98825e-05
-4.26989e-06
-1.80222e-05
-7.31517e-06
-1.54306e-05
-9.84129e-06
-1.22922e-05
-1.15358e-05
-8.88015e-06
-1.21131e-05
-5.54752e-06
-1.1375e-05
-2.69735e-06
-9.27934e-06
-7.33561e-07
-6.00206e-06
-1.99994e-06
-9.0596e-07
3.15532e-06
-3.09467e-06
8.26359e-06
-6.09569e-06
1.18948e-05
-9.51086e-06
1.40155e-05
-1.30136e-05
1.47322e-05
-1.63399e-05
1.42041e-05
-1.92769e-05
1.2603e-05
-2.16509e-05
1.00993e-05
-2.33193e-05
6.86208e-06
-2.41669e-05
3.07178e-06
-2.41079e-05
-1.06223e-06
-2.30933e-05
-5.28449e-06
-2.11266e-05
-9.28181e-06
-1.82845e-05
-1.26834e-05
-1.47403e-05
-1.50801e-05
-1.07829e-05
-1.60704e-05
-6.8204e-06
-1.53375e-05
-3.35458e-06
-1.27452e-05
-9.21538e-07
-8.4351e-06
-2.92148e-06
-1.03808e-06
4.1934e-06
-3.5247e-06
1.07502e-05
-6.90101e-06
1.52711e-05
-1.07053e-05
1.78197e-05
-1.45749e-05
1.86019e-05
-1.82322e-05
1.78613e-05
-2.1464e-05
1.58348e-05
-2.41021e-05
1.27375e-05
-2.60084e-05
8.76835e-06
-2.70648e-05
4.12816e-06
-2.71714e-05
-9.55585e-07
-2.62531e-05
-6.20284e-06
-2.42758e-05
-1.12591e-05
-2.12746e-05
-1.56845e-05
-1.73908e-05
-1.89639e-05
-1.291e-05
-2.05513e-05
-8.2868e-06
-1.99607e-05
-4.13325e-06
-1.68987e-05
-1.151e-06
-1.14173e-05
-4.07248e-06
-1.16968e-06
5.36308e-06
-3.94365e-06
1.35242e-05
-7.6655e-06
1.89929e-05
-1.18072e-05
2.19614e-05
-1.59747e-05
2.27694e-05
-1.98861e-05
2.17727e-05
-2.33401e-05
1.92888e-05
-2.61868e-05
1.55842e-05
-2.83038e-05
1.08854e-05
-2.95794e-05
5.4038e-06
-2.99051e-05
-6.29883e-07
-2.9178e-05
-6.92994e-06
-2.73171e-05
-1.312e-05
-2.42963e-05
-1.87054e-05
-2.01954e-05
-2.30648e-05
-1.52643e-05
-2.54823e-05
-9.98104e-06
-2.52439e-05
-5.07018e-06
-2.18096e-05
-1.43914e-06
-1.50484e-05
-5.51162e-06
-1.30597e-06
6.66905e-06
-4.36026e-06
1.65785e-05
-8.38869e-06
2.30214e-05
-1.27906e-05
2.63633e-05
-1.71474e-05
2.71262e-05
-2.11869e-05
2.58122e-05
-2.47371e-05
2.2839e-05
-2.7684e-05
1.85311e-05
-2.99374e-05
1.31387e-05
-3.14066e-05
6.87303e-06
-3.19855e-05
-5.10418e-08
-3.15484e-05
-7.367e-06
-2.99623e-05
-1.47061e-05
-2.71205e-05
-2.15473e-05
-2.30055e-05
-2.71798e-05
-1.77824e-05
-3.07053e-05
-1.19057e-05
-3.11207e-05
-6.19526e-06
-2.75201e-05
-1.80483e-06
-1.94388e-05
-7.31644e-06
-1.4585e-06
8.12755e-06
-4.79476e-06
1.99147e-05
-9.07852e-06
2.73051e-05
-1.36265e-05
3.09113e-05
-1.80074e-05
3.15071e-05
-2.19807e-05
2.97855e-05
-2.54278e-05
2.62861e-05
-2.82935e-05
2.13968e-05
-3.05414e-05
1.53867e-05
-3.2122e-05
8.45363e-06
-3.29493e-05
7.76252e-07
-3.28884e-05
-7.42788e-06
-3.17579e-05
-1.58366e-05
-2.93571e-05
-2.39481e-05
-2.55332e-05
-3.10037e-05
-2.03009e-05
-3.59376e-05
-1.4012e-05
-3.74096e-05
-7.52667e-06
-3.40054e-05
-2.27058e-06
-2.46949e-05
-9.58703e-06
-1.65205e-06
9.7796e-06
-5.28971e-06
2.35524e-05
-9.75901e-06
3.17744e-05
-1.42841e-05
3.54364e-05
-1.8445e-05
3.5668e-05
-2.20673e-05
3.34078e-05
-2.51184e-05
2.93373e-05
-2.76305e-05
2.39088e-05
-2.96461e-05
1.74024e-05
-3.11802e-05
9.98774e-06
-3.21907e-05
1.7867e-06
-3.2556e-05
-7.06251e-06
-3.20635e-05
-1.63291e-05
-3.04195e-05
-2.55921e-05
-2.73054e-05
-3.41178e-05
-2.25109e-05
-4.0732e-05
-1.61682e-05
-4.37523e-05
-9.06113e-06
-4.11125e-05
-2.86568e-06
-3.08904e-05
-1.24527e-05
-1.93586e-06
1.17155e-05
-5.92193e-06
2.75385e-05
-1.04708e-05
3.63232e-05
-1.4717e-05
3.96827e-05
-1.83025e-05
3.92535e-05
-2.11731e-05
3.62785e-05
-2.3426e-05
3.15901e-05
-2.52121e-05
2.56948e-05
-2.66766e-05
1.88669e-05
-2.79209e-05
1.12321e-05
-2.89716e-05
2.83739e-06
-2.97509e-05
-6.28324e-06
-3.00474e-05
-1.60326e-05
-2.94992e-05
-2.61404e-05
-2.76166e-05
-3.60005e-05
-2.38983e-05
-4.44503e-05
-1.81088e-05
-4.95418e-05
-1.07528e-05
-4.84685e-05
-3.62992e-06
-3.80132e-05
-1.60826e-05
-2.40115e-06
1.41166e-05
-6.80867e-06
3.1946e-05
-1.12447e-05
4.07593e-05
-1.48073e-05
4.32453e-05
-1.73026e-05
4.17488e-05
-1.88805e-05
3.78564e-05
-1.98199e-05
3.25295e-05
-2.0418e-05
2.62929e-05
-2.0937e-05
1.93859e-05
-2.15754e-05
1.18705e-05
-2.24459e-05
3.70782e-06
-2.35446e-05
-5.18449e-06
-2.47084e-05
-1.48688e-05
-2.55625e-05
-2.52863e-05
-2.5487e-05
-3.60759e-05
-2.36674e-05
-4.627e-05
-1.93521e-05
-5.3857e-05
-1.24663e-05
-5.53543e-05
-4.6142e-06
-4.58653e-05
-2.06968e-05
-3.20195e-06
1.73186e-05
-8.07996e-06
3.6824e-05
-1.19989e-05
4.46782e-05
-1.42107e-05
4.54571e-05
-1.48789e-05
4.2417e-05
-1.44711e-05
3.74486e-05
-1.34961e-05
3.15545e-05
-1.2405e-05
2.52019e-05
-1.15666e-05
1.85475e-05
-1.12627e-05
1.15665e-05
-1.16887e-05
4.13388e-06
-1.29332e-05
-3.94e-06
-1.49306e-05
-1.28714e-05
-1.73798e-05
-2.28371e-05
-1.96372e-05
-3.38184e-05
-2.0646e-05
-4.52612e-05
-1.90609e-05
-5.54422e-05
-1.3866e-05
-6.05491e-05
-5.85775e-06
-5.38736e-05
-2.65546e-05
-4.54597e-06
2.18645e-05
-9.71937e-06
4.19974e-05
-1.22304e-05
4.71893e-05
-1.19873e-05
4.5214e-05
-9.82247e-06
4.02522e-05
-6.63209e-06
3.42582e-05
-3.15796e-06
2.80803e-05
3.76746e-08
2.20062e-05
2.54042e-06
1.60448e-05
4.03304e-06
1.00739e-05
4.2746e-06
3.89231e-06
3.09451e-06
-2.7599e-06
4.26735e-07
-1.02037e-05
-3.5996e-06
-1.88108e-05
-8.49325e-06
-2.89248e-05
-1.31712e-05
-4.05833e-05
-1.58062e-05
-5.28072e-05
-1.4157e-05
-6.21983e-05
-7.27454e-06
-6.0756e-05
-3.38291e-05
-6.53087e-06
2.83954e-05
-1.09806e-05
4.64471e-05
-1.02093e-05
4.6418e-05
-5.82076e-06
4.08254e-05
3.47029e-07
3.40844e-05
6.99364e-06
2.76116e-05
1.32766e-05
2.17973e-05
1.86664e-05
1.66165e-05
2.28172e-05
1.18939e-05
2.54786e-05
7.41247e-06
2.6435e-05
2.93597e-06
2.5479e-05
-1.80392e-06
2.24181e-05
-7.14278e-06
1.71366e-05
-1.35293e-05
9.7672e-06
-2.15554e-05
1.04029e-06
-3.18564e-05
-7.1909e-06
-4.4576e-05
-1.15614e-05
-5.78278e-05
-8.32005e-06
-6.39973e-05
-4.21492e-05
-8.44512e-06
3.68405e-05
-8.60388e-06
4.66059e-05
-1.10494e-06
3.8919e-05
9.40342e-06
3.03171e-05
2.02728e-05
2.3215e-05
3.02758e-05
1.76086e-05
3.886e-05
1.32132e-05
4.579e-05
9.68645e-06
5.09622e-05
6.72175e-06
5.43006e-05
4.07405e-06
5.56988e-05
1.53783e-06
5.49842e-05
-1.08932e-06
5.18938e-05
-4.05236e-06
4.60749e-05
-7.71039e-06
3.71635e-05
-1.2644e-05
2.50803e-05
-1.97732e-05
1.0792e-05
-3.02877e-05
-2.28491e-06
-4.4751e-05
-7.2353e-06
-5.90469e-05
-4.93845e-05
-4.48942e-06
4.133e-05
8.69912e-06
3.34173e-05
2.67623e-05
2.08559e-05
4.3381e-05
1.36983e-05
5.72579e-05
9.33813e-06
6.84102e-05
6.45632e-06
7.71284e-05
4.49496e-06
8.37161e-05
3.09874e-06
8.84069e-05
2.03093e-06
9.13396e-05
1.14138e-06
9.25481e-05
3.29274e-07
9.19515e-05
-4.92665e-07
8.93142e-05
-1.41508e-06
8.4192e-05
-2.58817e-06
7.58406e-05
-4.29259e-06
6.31865e-05
-7.11915e-06
4.52082e-05
-1.23094e-05
2.25765e-05
-2.21193e-05
2.11884e-06
-3.85892e-05
-4.72656e-05
4.133e-05
7.47473e-05
9.56031e-05
0.000109301
0.00011864
0.000125096
0.000129591
0.00013269
0.000134721
0.000135862
0.000136191
0.000135699
0.000134283
0.000131695
0.000127403
0.000120284
0.000107974
8.58549e-05
4.72656e-05
)
;

boundaryField
{
    movingWall
    {
        type            calculated;
        value           uniform 0;
    }
    fixedWalls
    {
        type            calculated;
        value           uniform 0;
    }
    frontAndBack
    {
        type            empty;
        value           nonuniform List<scalar> 0();
    }
}


// ************************************************************************* //
