/*--------------------------------*- C++ -*----------------------------------*\
  =========                 |
  \\      /  F ield         | OpenFOAM: The Open Source CFD Toolbox
   \\    /   O peration     | Website:  https://openfoam.org
    \\  /    A nd           | Version:  8
     \\/     M anipulation  |
\*---------------------------------------------------------------------------*/
FoamFile
{
    version     2.0;
    format      ascii;
    class       volVectorField;
    location    "0.1";
    object      U;
}
// * * * * * * * * * * * * * * * * * * * * * * * * * * * * * * * * * * * * * //

dimensions      [0 1 -1 0 0 0 0];

internalField   nonuniform List<vector> 
400
(
(0.000750488 -0.000766304 0)
(0.000313296 0.000386965 0)
(-0.00389989 0.00178154 0)
(-0.0110772 0.0027324 0)
(-0.0200002 0.00320287 0)
(-0.0295002 0.00326151 0)
(-0.0385712 0.00298396 0)
(-0.0463702 0.00243389 0)
(-0.0522063 0.00166315 0)
(-0.0555359 0.000722224 0)
(-0.0559832 -0.000326454 0)
(-0.0533867 -0.0013984 0)
(-0.0478574 -0.00238331 0)
(-0.0398333 -0.00314992 0)
(-0.0301066 -0.00355997 0)
(-0.0198027 -0.00349128 0)
(-0.0102879 -0.00286902 0)
(-0.00299245 -0.00170351 0)
(0.000870112 -0.000185091 0)
(0.000908308 0.000882754 0)
(-0.000345439 -0.000384358 0)
(-0.00537217 0.00535243 0)
(-0.0183168 0.0113899 0)
(-0.0371317 0.0156122 0)
(-0.0593385 0.0176994 0)
(-0.0825441 0.0177886 0)
(-0.104507 0.0161411 0)
(-0.123257 0.013038 0)
(-0.137161 0.00875951 0)
(-0.144954 0.00360996 0)
(-0.145805 -0.00204103 0)
(-0.139414 -0.0077279 0)
(-0.126117 -0.0128844 0)
(-0.106976 -0.0168748 0)
(-0.0837989 -0.0190661 0)
(-0.0590639 -0.0189398 0)
(-0.0356738 -0.0162383 0)
(-0.016542 -0.0111317 0)
(-0.00417609 -0.0045089 0)
(1.86868e-05 0.00098113 0)
(-0.00180444 0.00379548 0)
(-0.0120994 0.0184581 0)
(-0.0338663 0.032163 0)
(-0.0632314 0.0416564 0)
(-0.0966365 0.0462017 0)
(-0.130899 0.0459587 0)
(-0.162988 0.0414357 0)
(-0.190205 0.0332709 0)
(-0.210294 0.0221671 0)
(-0.221518 0.00892412 0)
(-0.222749 -0.00549478 0)
(-0.21359 -0.0199131 0)
(-0.194507 -0.032945 0)
(-0.166934 -0.0430765 0)
(-0.133304 -0.0488372 0)
(-0.0969436 -0.0490611 0)
(-0.0617536 -0.0432189 0)
(-0.0316873 -0.0317747 0)
(-0.0104903 -0.0166392 0)
(-0.00128441 -0.00235732 0)
(-0.00310975 0.0116173 0)
(-0.0184335 0.0391387 0)
(-0.0487447 0.0626053 0)
(-0.0880567 0.0783275 0)
(-0.131644 0.0854236 0)
(-0.175656 0.0841983 0)
(-0.216497 0.0754936 0)
(-0.250977 0.0603931 0)
(-0.276434 0.0401288 0)
(-0.290806 0.016123 0)
(-0.29273 -0.00991958 0)
(-0.281678 -0.0359419 0)
(-0.258108 -0.0595461 0)
(-0.223607 -0.0781277 0)
(-0.18096 -0.0891553 0)
(-0.134079 -0.0906023 0)
(-0.0876923 -0.0814907 0)
(-0.0467886 -0.0624515 0)
(-0.0166084 -0.0362909 0)
(-0.0024456 -0.00906787 0)
(-0.00424998 0.0226738 0)
(-0.0242511 0.0668558 0)
(-0.0627128 0.101971 0)
(-0.111488 0.124565 0)
(-0.164634 0.134031 0)
(-0.217671 0.131067 0)
(-0.266559 0.11699 0)
(-0.307767 0.0934151 0)
(-0.338366 0.0621646 0)
(-0.356055 0.025332 0)
(-0.359247 -0.014586 0)
(-0.347209 -0.0545861 0)
(-0.320238 -0.09116 0)
(-0.279861 -0.12046 0)
(-0.22899 -0.138677 0)
(-0.171966 -0.142643 0)
(-0.114305 -0.13061 0)
(-0.062179 -0.103053 0)
(-0.0226448 -0.0633792 0)
(-0.00349992 -0.0189022 0)
(-0.00528543 0.0366873 0)
(-0.0296774 0.101245 0)
(-0.0759003 0.149915 0)
(-0.133695 0.180002 0)
(-0.1959 0.191622 0)
(-0.257445 0.186174 0)
(-0.313938 0.165639 0)
(-0.361629 0.132265 0)
(-0.397425 0.0884965 0)
(-0.418853 0.0370909 0)
(-0.424096 -0.0186855 0)
(-0.412127 -0.0748936 0)
(-0.382914 -0.126875 0)
(-0.337696 -0.169409 0)
(-0.279281 -0.197153 0)
(-0.21226 -0.205405 0)
(-0.142911 -0.191162 0)
(-0.078769 -0.154252 0)
(-0.0290836 -0.0983166 0)
(-0.00458538 -0.0318639 0)
(-0.00626714 0.0534742 0)
(-0.0348482 0.141985 0)
(-0.0884741 0.206057 0)
(-0.154815 0.244213 0)
(-0.225517 0.257748 0)
(-0.294985 0.249114 0)
(-0.358584 0.221184 0)
(-0.412476 0.176938 0)
(-0.453526 0.119452 0)
(-0.479166 0.0520882 0)
(-0.487364 -0.0212165 0)
(-0.476723 -0.0956806 0)
(-0.446707 -0.165531 0)
(-0.398009 -0.224086 0)
(-0.333029 -0.264191 0)
(-0.256342 -0.279119 0)
(-0.174863 -0.263932 0)
(-0.0976148 -0.217097 0)
(-0.0364986 -0.141977 0)
(-0.00585516 -0.0482791 0)
(-0.0072336 0.0729299 0)
(-0.0398731 0.188803 0)
(-0.100551 0.269966 0)
(-0.174844 0.316617 0)
(-0.253239 0.331735 0)
(-0.329717 0.31923 0)
(-0.399556 0.283118 0)
(-0.45901 0.227224 0)
(-0.505071 0.155235 0)
(-0.535211 0.071006 0)
(-0.547245 -0.0210341 0)
(-0.539374 -0.115456 0)
(-0.510403 -0.205514 0)
(-0.460191 -0.283067 0)
(-0.390326 -0.338907 0)
(-0.304931 -0.363705 0)
(-0.211234 -0.349699 0)
(-0.11973 -0.292956 0)
(-0.0454859 -0.195735 0)
(-0.00747057 -0.0688102 0)
(-0.00822223 0.0950103 0)
(-0.0448586 0.24147 0)
(-0.112215 0.341122 0)
(-0.193641 0.396382 0)
(-0.278486 0.412517 0)
(-0.360461 0.395376 0)
(-0.434985 0.350417 0)
(-0.498658 0.282423 0)
(-0.548852 0.19566 0)
(-0.583288 0.0943051 0)
(-0.599784 -0.0169804 0)
(-0.596186 -0.132432 0)
(-0.570548 -0.244627 0)
(-0.521602 -0.344126 0)
(-0.449623 -0.41954 0)
(-0.357628 -0.458365 0)
(-0.252518 -0.448911 0)
(-0.145953 -0.383344 0)
(-0.0566495 -0.261421 0)
(-0.00961274 -0.0944614 0)
(-0.00929634 0.119744 0)
(-0.0499855 0.2998 0)
(-0.12362 0.418855 0)
(-0.211018 0.482266 0)
(-0.300401 0.498387 0)
(-0.385448 0.475608 0)
(-0.462052 0.421183 0)
(-0.527518 0.340986 0)
(-0.579939 0.239801 0)
(-0.617608 0.121917 0)
(-0.638606 -0.00811187 0)
(-0.640606 -0.144629 0)
(-0.620922 -0.280018 0)
(-0.576938 -0.403946 0)
(-0.507068 -0.502972 0)
(-0.412333 -0.560984 0)
(-0.298242 -0.561108 0)
(-0.176801 -0.489539 0)
(-0.0706169 -0.341205 0)
(-0.0125097 -0.126598 0)
(-0.0105938 0.147311 0)
(-0.0556419 0.363715 0)
(-0.135159 0.502282 0)
(-0.226872 0.572417 0)
(-0.317915 0.586693 0)
(-0.402324 0.55682 0)
(-0.476957 0.492259 0)
(-0.540298 0.400108 0)
(-0.591613 0.285589 0)
(-0.630182 0.15286 0)
(-0.654735 0.00596156 0)
(-0.663097 -0.150112 0)
(-0.652046 -0.308242 0)
(-0.617561 -0.457934 0)
(-0.555708 -0.584238 0)
(-0.464475 -0.667374 0)
(-0.346405 -0.684099 0)
(-0.212241 -0.611971 0)
(-0.0880599 -0.437372 0)
(-0.0164822 -0.167 0)
(-0.012413 0.178231 0)
(-0.0626287 0.433396 0)
(-0.147665 0.590241 0)
(-0.241278 0.664111 0)
(-0.329705 0.673466 0)
(-0.408022 0.63433 0)
(-0.474757 0.558815 0)
(-0.530194 0.45533 0)
(-0.575298 0.329416 0)
(-0.610806 0.184822 0)
(-0.636569 0.0246522 0)
(-0.651038 -0.147388 0)
(-0.650888 -0.325539 0)
(-0.630925 -0.500236 0)
(-0.584659 -0.656135 0)
(-0.506038 -0.770441 0)
(-0.392643 -0.812848 0)
(-0.251266 -0.749243 0)
(-0.109701 -0.551936 0)
(-0.0220197 -0.217977 0)
(-0.0153653 0.213742 0)
(-0.0724524 0.509502 0)
(-0.16257 0.681102 0)
(-0.25435 0.753291 0)
(-0.33379 0.752892 0)
(-0.398214 0.701413 0)
(-0.448845 0.613972 0)
(-0.488505 0.500235 0)
(-0.520378 0.365844 0)
(-0.547096 0.213835 0)
(-0.570077 0.0459748 0)
(-0.588946 -0.135911 0)
(-0.600932 -0.328347 0)
(-0.600316 -0.524069 0)
(-0.578362 -0.709116 0)
(-0.524419 -0.859405 0)
(-0.429005 -0.93806 0)
(-0.291114 -0.896637 0)
(-0.136229 -0.685908 0)
(-0.0298943 -0.282565 0)
(-0.0206346 0.256471 0)
(-0.087679 0.593347 0)
(-0.181732 0.772211 0)
(-0.26537 0.83371 0)
(-0.326183 0.816524 0)
(-0.36583 0.748764 0)
(-0.38961 0.648541 0)
(-0.403626 0.526393 0)
(-0.413654 0.387633 0)
(-0.424417 0.234231 0)
(-0.439143 0.0663094 0)
(-0.459086 -0.116599 0)
(-0.482794 -0.314066 0)
(-0.505111 -0.522541 0)
(-0.516176 -0.731767 0)
(-0.501188 -0.919427 0)
(-0.442184 -1.04466 0)
(-0.325796 -1.0439 0)
(-0.167907 -0.837848 0)
(-0.0412779 -0.364766 0)
(-0.0303292 0.3115 0)
(-0.112063 0.686618 0)
(-0.206119 0.858432 0)
(-0.270062 0.895349 0)
(-0.297483 0.852197 0)
(-0.297679 0.764067 0)
(-0.281552 0.651166 0)
(-0.258925 0.523864 0)
(-0.238044 0.386382 0)
(-0.225421 0.239198 0)
(-0.225867 0.0806463 0)
(-0.24236 -0.0920977 0)
(-0.275409 -0.281941 0)
(-0.32178 -0.490056 0)
(-0.372552 -0.712274 0)
(-0.410907 -0.932286 0)
(-0.410963 -1.11074 0)
(-0.343216 -1.17232 0)
(-0.203096 -1.00109 0)
(-0.057587 -0.46953 0)
(-0.0475131 0.388061 0)
(-0.149102 0.789539 0)
(-0.230912 0.92866 0)
(-0.253408 0.921662 0)
(-0.225373 0.842783 0)
(-0.167863 0.73213 0)
(-0.098142 0.609402 0)
(-0.0291014 0.482791 0)
(0.0296447 0.354242 0)
(0.0709414 0.222337 0)
(0.0893389 0.0836971 0)
(0.0806544 -0.0664174 0)
(0.0422717 -0.233739 0)
(-0.0257297 -0.42415 0)
(-0.118111 -0.64108 0)
(-0.220242 -0.878741 0)
(-0.302573 -1.10777 0)
(-0.319628 -1.25152 0)
(-0.233821 -1.15919 0)
(-0.0789861 -0.602713 0)
(-0.0740114 0.503082 0)
(-0.194506 0.894401 0)
(-0.230652 0.956936 0)
(-0.172852 0.884049 0)
(-0.0601816 0.764622 0)
(0.0729672 0.636001 0)
(0.205431 0.512204 0)
(0.324216 0.396374 0)
(0.421053 0.286924 0)
(0.49031 0.180339 0)
(0.527528 0.0720246 0)
(0.528551 -0.0436444 0)
(0.489277 -0.173737 0)
(0.406171 -0.327226 0)
(0.278287 -0.51444 0)
(0.112348 -0.742764 0)
(-0.0677818 -1.00264 0)
(-0.20999 -1.23591 0)
(-0.235392 -1.2782 0)
(-0.0987033 -0.77146 0)
(-0.0972876 0.678969 0)
(-0.208476 0.964806 0)
(-0.120263 0.885981 0)
(0.0756454 0.73676 0)
(0.297918 0.590199 0)
(0.510465 0.462887 0)
(0.698134 0.356331 0)
(0.854149 0.266547 0)
(0.975663 0.188289 0)
(1.06123 0.116576 0)
(1.10925 0.0466976 0)
(1.11707 -0.0263273 0)
(1.08044 -0.108676 0)
(0.993087 -0.209133 0)
(0.847228 -0.340787 0)
(0.636807 -0.521483 0)
(0.36609 -0.767131 0)
(0.0685164 -1.06411 0)
(-0.144249 -1.2864 0)
(-0.084312 -0.964087 0)
(-0.00625723 0.843948 0)
(-0.000815556 0.881333 0)
(0.336929 0.642843 0)
(0.707991 0.457356 0)
(1.0181 0.327989 0)
(1.26752 0.236036 0)
(1.46507 0.169678 0)
(1.61723 0.120139 0)
(1.72934 0.0809521 0)
(1.80523 0.0475938 0)
(1.84672 0.0167223 0)
(1.85344 -0.0146095 0)
(1.8224 -0.0498596 0)
(1.74706 -0.0942376 0)
(1.61591 -0.157081 0)
(1.41114 -0.255992 0)
(1.1068 -0.421753 0)
(0.676516 -0.692876 0)
(0.213961 -1.04222 0)
(0.0995034 -1.02393 0)
(0.929401 0.455422 0)
(1.20487 0.402065 0)
(1.69023 0.249589 0)
(2.06099 0.151903 0)
(2.29357 0.0947063 0)
(2.44681 0.0600341 0)
(2.55338 0.0384812 0)
(2.62781 0.0245524 0)
(2.67821 0.0148826 0)
(2.70942 0.00747547 0)
(2.72394 0.00111248 0)
(2.72245 -0.00507042 0)
(2.70389 -0.0119871 0)
(2.66495 -0.0209861 0)
(2.59828 -0.0347958 0)
(2.48873 -0.0596468 0)
(2.301 -0.109954 0)
(1.94962 -0.215224 0)
(1.39862 -0.403322 0)
(1.02265 -0.48763 0)
)
;

boundaryField
{
    movingWall
    {
        type            fixedValue;
        value           uniform (3.2 0 0);
    }
    fixedWalls
    {
        type            noSlip;
    }
    frontAndBack
    {
        type            empty;
    }
}


// ************************************************************************* //
