/*--------------------------------*- C++ -*----------------------------------*\
  =========                 |
  \\      /  F ield         | OpenFOAM: The Open Source CFD Toolbox
   \\    /   O peration     | Website:  https://openfoam.org
    \\  /    A nd           | Version:  8
     \\/     M anipulation  |
\*---------------------------------------------------------------------------*/
FoamFile
{
    version     2.0;
    format      ascii;
    class       volScalarField;
    location    "0.5";
    object      p;
}
// * * * * * * * * * * * * * * * * * * * * * * * * * * * * * * * * * * * * * //

dimensions      [0 2 -2 0 0 0 0];

internalField   nonuniform List<scalar> 
400
(
5.68276e-06
-0.00698724
-0.0155299
-0.0220422
-0.0244478
-0.0218289
-0.0141141
-0.00182505
0.0141039
0.0324433
0.0517553
0.0704787
0.0870329
0.0999543
0.108071
0.110719
0.10799
0.101003
0.092136
0.0851631
0.00694312
-0.000259827
-0.00694362
-0.0114043
-0.0126604
-0.0100745
-0.00355747
0.00652313
0.0194679
0.0343269
0.0499688
0.0651552
0.078635
0.0892616
0.0961345
0.0987618
0.097243
0.0923734
0.0854091
0.0782684
0.015985
0.00602017
-0.00118944
-0.00527252
-0.00628046
-0.00388718
0.00190728
0.0107575
0.0220702
0.0350508
0.0487451
0.0620958
0.0740195
0.0835068
0.0897391
0.0922211
0.0909438
0.0863882
0.0788167
0.0688979
0.024085
0.0103587
0.00143357
-0.00320082
-0.00445508
-0.00228089
0.00319387
0.0115751
0.0222935
0.0346228
0.0476925
0.0605221
0.0720801
0.081368
0.0875201
0.0899263
0.0884093
0.0831764
0.0736997
0.0598922
0.0291927
0.0115448
0.000584037
-0.00486134
-0.00643935
-0.00434153
0.00117488
0.00964426
0.0204868
0.0330022
0.0463555
0.0595878
0.0716565
0.0815031
0.0881415
0.0907812
0.0890394
0.0828699
0.0710726
0.0530516
0.0297917
0.00822279
-0.00483405
-0.0110908
-0.0128599
-0.0105476
-0.00453821
0.00462045
0.0163182
0.0298551
0.0444004
0.0589796
0.0724931
0.0837671
0.0916322
0.0950537
0.0933954
0.0863459
0.072076
0.049613
0.0245754
-0.000927068
-0.0160167
-0.0229051
-0.0245583
-0.0215974
-0.0145381
-0.00401832
0.00931212
0.0247428
0.0414335
0.0583747
0.0743803
0.0881184
0.0981757
0.103199
0.102226
0.0946194
0.077867
0.0506476
0.0122094
-0.0172917
-0.0342498
-0.0414114
-0.0424581
-0.0382588
-0.0294785
-0.0168524
-0.00106872
0.0171584
0.0369871
0.0573767
0.0770478
0.0944826
0.107968
0.115746
0.116415
0.108887
0.0897934
0.0573861
-0.00884509
-0.0424744
-0.06102
-0.0678808
-0.0676057
-0.061386
-0.0500714
-0.0345028
-0.0153939
0.00656421
0.030562
0.0555601
0.0802079
0.102799
0.121275
0.133373
0.137096
0.130699
0.109628
0.0715021
-0.0404905
-0.0784362
-0.0980936
-0.103757
-0.101121
-0.0918315
-0.0769774
-0.0575137
-0.0341512
-0.00750694
0.0217073
0.0525238
0.0835825
0.113024
0.138429
0.156925
0.165728
0.162116
0.139817
0.0954104
-0.085209
-0.127687
-0.147606
-0.150634
-0.144092
-0.130285
-0.110617
-0.0861547
-0.0575563
-0.0252799
0.0101643
0.0479969
0.0869666
0.125158
0.15983
0.18743
0.204164
0.205898
0.183803
0.132668
-0.146461
-0.193594
-0.212175
-0.210192
-0.19739
-0.177025
-0.150892
-0.120141
-0.0852834
-0.0464909
-0.00392065
0.0420085
0.0903426
0.139299
0.185952
0.226092
0.254716
0.265726
0.246487
0.188612
-0.229498
-0.2809
-0.295033
-0.284044
-0.261367
-0.231555
-0.196816
-0.158277
-0.116138
-0.0700936
-0.0197423
0.0350909
0.0940206
0.155703
0.217337
0.274252
0.320181
0.346471
0.334925
0.271508
-0.343138
-0.396613
-0.400091
-0.373374
-0.335334
-0.292069
-0.246034
-0.198059
-0.147734
-0.0940021
-0.035634
0.0284266
0.0987125
0.174766
0.254445
0.333158
0.403665
0.454373
0.459391
0.394786
-0.503545
-0.551365
-0.531632
-0.478033
-0.416616
-0.354676
-0.294275
-0.235332
-0.176317
-0.115027
-0.0490883
0.0237561
0.105355
0.196707
0.297156
0.403249
0.507828
0.596793
0.634818
0.581393
-0.741125
-0.760895
-0.693235
-0.595058
-0.499325
-0.412617
-0.335014
-0.2643
-0.197008
-0.129272
-0.0572312
0.0228608
0.114547
0.220912
0.343897
0.482987
0.633459
0.781004
0.881764
0.870485
-1.11317
-1.04652
-0.885828
-0.717624
-0.574065
-0.456583
-0.360263
-0.278616
-0.205015
-0.133343
-0.0579774
0.0264978
0.125576
0.245029
0.390744
0.567819
0.777926
1.01172
1.226
1.32849
-1.75193
-1.43392
-1.09615
-0.82695
-0.623664
-0.473045
-0.360534
-0.272243
-0.196973
-0.125963
-0.051858
0.032261
0.133765
0.261418
0.426419
0.642852
0.924529
1.27851
1.69964
2.0999
-3.01376
-1.93397
-1.23958
-0.846951
-0.595172
-0.428195
-0.315704
-0.234385
-0.168467
-0.10741
-0.0431854
0.0314895
0.124719
0.24716
0.414925
0.653067
0.995728
1.49877
2.32135
3.55012
-5.19594
-2.42214
-1.1485
-0.66575
-0.426496
-0.290737
-0.211354
-0.159695
-0.119236
-0.0805807
-0.0373256
0.0161744
0.0862647
0.182127
0.319921
0.53043
0.87153
1.49413
2.93235
5.87247
)
;

boundaryField
{
    movingWall
    {
        type            zeroGradient;
    }
    fixedWalls
    {
        type            zeroGradient;
    }
    frontAndBack
    {
        type            empty;
    }
}


// ************************************************************************* //
