/*--------------------------------*- C++ -*----------------------------------*\
  =========                 |
  \\      /  F ield         | OpenFOAM: The Open Source CFD Toolbox
   \\    /   O peration     | Website:  https://openfoam.org
    \\  /    A nd           | Version:  8
     \\/     M anipulation  |
\*---------------------------------------------------------------------------*/
FoamFile
{
    version     2.0;
    format      ascii;
    class       surfaceScalarField;
    location    "0.5";
    object      phi;
}
// * * * * * * * * * * * * * * * * * * * * * * * * * * * * * * * * * * * * * //

dimensions      [0 3 -1 0 0 0 0];

internalField   nonuniform List<scalar> 
760
(
1.69338e-08
-1.69815e-08
-2.70173e-08
4.3951e-08
-1.37529e-07
1.10512e-07
-2.94772e-07
1.57243e-07
-4.75095e-07
1.80323e-07
-6.56221e-07
1.81126e-07
-8.19002e-07
1.62781e-07
-9.48047e-07
1.29045e-07
-1.03185e-06
8.38042e-08
-1.06288e-06
3.1024e-08
-1.03776e-06
-2.5112e-08
-9.57712e-07
-8.00504e-08
-8.28903e-07
-1.28809e-07
-6.62825e-07
-1.66079e-07
-4.76283e-07
-1.86542e-07
-2.90796e-07
-1.85487e-07
-1.30981e-07
-1.59815e-07
-2.15471e-08
-1.09434e-07
1.9032e-08
-4.05788e-08
1.90321e-08
-4.14027e-08
2.44213e-08
-2.1721e-07
2.19759e-07
-5.216e-07
4.14902e-07
-9.17709e-07
5.53352e-07
-1.35832e-06
6.20933e-07
-1.79567e-06
6.18474e-07
-2.18664e-06
5.53752e-07
-2.49546e-06
4.37865e-07
-2.69502e-06
2.83363e-07
-2.76767e-06
1.03679e-07
-2.70597e-06
-8.68096e-08
-2.51343e-06
-2.72591e-07
-2.20519e-06
-4.37053e-07
-1.80827e-06
-5.62998e-07
-1.36095e-06
-6.33864e-07
-9.1058e-07
-6.35854e-07
-5.09194e-07
-5.61201e-07
-2.06128e-07
-4.125e-07
-3.64827e-08
-2.10224e-07
-1.74504e-08
-1.11189e-07
1.3561e-07
-4.29444e-07
5.38014e-07
-9.18503e-07
9.03961e-07
-1.52258e-06
1.15742e-06
-2.17704e-06
1.2754e-06
-2.81738e-06
1.25881e-06
-3.38507e-06
1.12145e-06
-3.83123e-06
8.84018e-07
-4.11862e-06
5.70757e-07
-4.22305e-06
2.08106e-07
-4.13438e-06
-1.75481e-07
-3.85754e-06
-5.49427e-07
-3.41332e-06
-8.81271e-07
-2.83854e-06
-1.13778e-06
-2.18504e-06
-1.28736e-06
-1.51674e-06
-1.30416e-06
-9.03995e-07
-1.17394e-06
-4.14975e-07
-9.0152e-07
-1.04134e-07
-5.21064e-07
-1.21585e-07
-1.74899e-07
3.10509e-07
-6.31696e-07
9.94811e-07
-1.29879e-06
1.57105e-06
-2.09675e-06
1.95539e-06
-2.94354e-06
2.12218e-06
-3.76088e-06
2.07616e-06
-4.47927e-06
1.83984e-06
-5.04112e-06
1.44587e-06
-5.40276e-06
9.32388e-07
-5.53567e-06
3.41024e-07
-5.42769e-06
-2.83466e-07
-5.08401e-06
-8.93104e-07
-4.52826e-06
-1.43703e-06
-3.80292e-06
-1.86311e-06
-2.9687e-06
-2.12158e-06
-2.10179e-06
-2.17107e-06
-1.28847e-06
-1.98727e-06
-6.16792e-07
-1.57319e-06
-1.66397e-07
-9.7146e-07
-2.87981e-07
-2.32995e-07
5.43505e-07
-8.22801e-07
1.58462e-06
-1.66251e-06
2.41076e-06
-2.6465e-06
2.93938e-06
-3.67427e-06
3.14995e-06
-4.65483e-06
3.05672e-06
-5.51001e-06
2.69502e-06
-6.17636e-06
2.11222e-06
-6.60619e-06
1.36221e-06
-6.76821e-06
5.03045e-07
-6.64835e-06
-4.03324e-07
-6.25087e-06
-1.29059e-06
-5.59974e-06
-2.08815e-06
-4.73994e-06
-2.72291e-06
-3.73787e-06
-3.12366e-06
-2.6799e-06
-3.22904e-06
-1.66821e-06
-2.99895e-06
-8.13391e-07
-2.42802e-06
-2.24566e-07
-1.56028e-06
-5.12547e-07
-2.88384e-07
8.31888e-07
-1.00811e-06
2.30434e-06
-2.01721e-06
3.41986e-06
-3.18234e-06
4.10451e-06
-4.3837e-06
4.35132e-06
-5.51824e-06
4.19125e-06
-6.50091e-06
3.67769e-06
-7.26471e-06
2.87602e-06
-7.75997e-06
1.85748e-06
-7.95386e-06
6.96935e-07
-7.83044e-06
-5.26749e-07
-7.39168e-06
-1.72934e-06
-6.65949e-06
-2.82035e-06
-5.6782e-06
-3.7042e-06
-4.51698e-06
-4.28488e-06
-3.27069e-06
-4.47533e-06
-2.05781e-06
-4.21183e-06
-1.01427e-06
-3.47156e-06
-2.82948e-07
-2.2916e-06
-7.95495e-07
-3.43979e-07
1.17587e-06
-1.19394e-06
3.15431e-06
-2.37124e-06
4.59715e-06
-3.71311e-06
5.44638e-06
-5.08008e-06
5.71828e-06
-6.35813e-06
5.46931e-06
-7.45767e-06
4.77724e-06
-8.31082e-06
3.72916e-06
-8.86835e-06
2.415e-06
-9.09733e-06
9.25923e-07
-8.98013e-06
-6.43952e-07
-8.5151e-06
-2.19437e-06
-7.71929e-06
-3.61616e-06
-6.63271e-06
-4.79078e-06
-5.32348e-06
-5.59411e-06
-3.89218e-06
-5.90662e-06
-2.47321e-06
-5.6308e-06
-1.23053e-06
-4.71424e-06
-3.46166e-07
-3.17597e-06
-1.14166e-06
-4.02401e-07
1.57827e-06
-1.3861e-06
4.13801e-06
-2.73123e-06
5.94229e-06
-4.24306e-06
6.95821e-06
-5.76252e-06
7.23774e-06
-7.16694e-06
6.87373e-06
-8.36574e-06
5.97604e-06
-9.29406e-06
4.65748e-06
-9.90651e-06
3.02745e-06
-1.01723e-05
1.19171e-06
-1.00727e-05
-7.43569e-07
-9.60112e-06
-2.66592e-06
-8.76662e-06
-4.45067e-06
-7.6e-06
-5.95739e-06
-6.16274e-06
-7.03137e-06
-4.55618e-06
-7.51318e-06
-2.92822e-06
-7.25877e-06
-1.47297e-06
-6.16949e-06
-4.1875e-07
-4.23019e-06
-1.56041e-06
-4.66212e-07
2.04448e-06
-1.58985e-06
5.26165e-06
-3.10141e-06
7.45384e-06
-4.77031e-06
8.62711e-06
-6.41879e-06
8.88622e-06
-7.91971e-06
8.37465e-06
-9.18715e-06
7.24348e-06
-1.0165e-05
5.63538e-06
-1.08167e-05
3.67914e-06
-1.1117e-05
1.49194e-06
-1.10473e-05
-8.13262e-07
-1.05953e-05
-3.11792e-06
-9.7583e-06
-5.28764e-06
-8.55185e-06
-7.16384e-06
-7.02256e-06
-8.56065e-06
-5.26415e-06
-9.27159e-06
-3.43222e-06
-9.09069e-06
-1.75133e-06
-7.85038e-06
-5.0525e-07
-5.47627e-06
-2.06566e-06
-5.38667e-07
2.58315e-06
-1.81103e-06
6.53401e-06
-3.48394e-06
9.12675e-06
-5.28581e-06
1.0429e-05
-7.0228e-06
1.06232e-05
-8.5704e-06
9.92225e-06
-9.856e-06
8.52907e-06
-1.08405e-05
6.61991e-06
-1.15028e-05
4.34137e-06
-1.18278e-05
1.81694e-06
-1.17998e-05
-8.41176e-07
-1.14005e-05
-3.51726e-06
-1.06119e-05
-6.07628e-06
-9.42671e-06
-8.349e-06
-7.86585e-06
-1.01215e-05
-6.0023e-06
-1.11351e-05
-3.98803e-06
-1.1105e-05
-2.0744e-06
-9.76401e-06
-6.10799e-07
-6.93987e-06
-2.67646e-06
-6.25087e-07
3.20823e-06
-2.0579e-06
7.96682e-06
-3.87958e-06
1.09484e-05
-5.77164e-06
1.2321e-05
-7.53056e-06
1.23821e-05
-9.04628e-06
1.1438e-05
-1.0272e-05
9.75482e-06
-1.11966e-05
7.5445e-06
-1.18228e-05
4.96752e-06
-1.21519e-05
2.14606e-06
-1.21747e-05
-8.18331e-07
-1.18676e-05
-3.82439e-06
-1.11947e-05
-6.74918e-06
-1.01185e-05
-9.42522e-06
-8.62049e-06
-1.16195e-05
-6.73432e-06
-1.30213e-05
-4.58867e-06
-1.32506e-05
-2.4501e-06
-1.19026e-05
-7.42155e-07
-8.64781e-06
-3.41861e-06
-7.35126e-07
3.94336e-06
-2.34358e-06
9.57528e-06
-4.28696e-06
1.28918e-05
-6.19624e-06
1.42303e-05
-7.87225e-06
1.40581e-05
-9.23843e-06
1.28042e-05
-1.02911e-05
1.08075e-05
-1.10603e-05
8.31363e-06
-1.15818e-05
5.48904e-06
-1.18799e-05
2.44422e-06
-1.19565e-05
-7.41794e-07
-1.17851e-05
-3.99579e-06
-1.13115e-05
-7.22273e-06
-1.04621e-05
-1.02747e-05
-9.1647e-06
-1.29169e-05
-7.3896e-06
-1.47964e-05
-5.2112e-06
-1.5429e-05
-2.88509e-06
-1.42287e-05
-9.09428e-07
-1.06235e-05
-4.32804e-06
-8.86464e-07
4.82982e-06
-2.68788e-06
1.13767e-05
-4.69751e-06
1.49014e-05
-6.50222e-06
1.6035e-05
-7.93598e-06
1.54919e-05
-8.9852e-06
1.38534e-05
-9.71117e-06
1.15335e-05
-1.01985e-05
8.80096e-06
-1.05242e-05
5.81478e-06
-1.07405e-05
2.66047e-06
-1.08643e-05
-6.18008e-07
-1.08711e-05
-3.98892e-06
-1.06919e-05
-7.40196e-06
-1.02156e-05
-1.07509e-05
-9.30615e-06
-1.38263e-05
-7.84354e-06
-1.6259e-05
-5.80399e-06
-1.74686e-05
-3.38205e-06
-1.66506e-05
-1.12879e-06
-1.28767e-05
-5.45683e-06
-1.11027e-06
5.9401e-06
-3.1148e-06
1.33812e-05
-5.07788e-06
1.68645e-05
-6.57756e-06
1.75347e-05
-7.53576e-06
1.64501e-05
-8.0436e-06
1.43612e-05
-8.25066e-06
1.17406e-05
-8.30556e-06
8.85586e-06
-8.32835e-06
5.83756e-06
-8.39911e-06
2.73122e-06
-8.55226e-06
-4.64859e-07
-8.77105e-06
-3.77013e-06
-8.98047e-06
-7.19254e-06
-9.04115e-06
-1.06903e-05
-8.75273e-06
-1.41148e-05
-7.88439e-06
-1.71274e-05
-6.26035e-06
-1.90926e-05
-3.92978e-06
-1.89812e-05
-1.42576e-06
-1.53808e-05
-6.88259e-06
-1.45592e-06
7.39602e-06
-3.63325e-06
1.55585e-05
-5.32127e-06
1.85526e-05
-6.19282e-06
1.84063e-05
-6.35146e-06
1.66087e-05
-6.0426e-06
1.40523e-05
-5.51905e-06
1.1217e-05
-4.98928e-06
8.32608e-06
-4.60555e-06
5.45384e-06
-4.46661e-06
2.59228e-06
-4.62122e-06
-3.10255e-07
-5.06613e-06
-3.32522e-06
-5.73609e-06
-6.52259e-06
-6.4862e-06
-9.94015e-06
-7.07352e-06
-1.35275e-05
-7.15764e-06
-1.70432e-05
-6.36306e-06
-1.98872e-05
-4.4716e-06
-2.08727e-05
-1.83413e-06
-1.80182e-05
-8.71672e-06
-1.9783e-06
9.37432e-06
-4.16132e-06
1.77416e-05
-5.12532e-06
1.95166e-05
-4.87482e-06
1.81558e-05
-3.82714e-06
1.55611e-05
-2.41612e-06
1.26413e-05
-9.82643e-07
9.78354e-06
2.36701e-07
7.10674e-06
1.0884e-06
4.60214e-06
1.47759e-06
2.20309e-06
1.35206e-06
-1.84727e-07
6.98318e-07
-2.67147e-06
-4.48178e-07
-5.37609e-06
-1.97581e-06
-8.41252e-06
-3.65256e-06
-1.18507e-05
-5.07714e-06
-1.56187e-05
-5.67068e-06
-1.92936e-05
-4.81334e-06
-2.173e-05
-2.36839e-06
-2.04632e-05
-1.10851e-05
-2.65533e-06
1.20296e-05
-4.29387e-06
1.93801e-05
-3.7141e-06
1.89368e-05
-1.67685e-06
1.61185e-05
9.78059e-07
1.29062e-05
3.67175e-06
9.94764e-06
6.0558e-06
7.39949e-06
7.93831e-06
5.22424e-06
9.21779e-06
3.32265e-06
9.8377e-06
1.58319e-06
9.76048e-06
-1.07507e-07
8.95812e-06
-1.86911e-06
7.41822e-06
-3.83619e-06
5.17193e-06
-6.16623e-06
2.3541e-06
-9.03287e-06
-6.94927e-07
-1.25696e-05
-3.3018e-06
-1.66868e-05
-4.39597e-06
-2.06358e-05
-2.91527e-06
-2.19439e-05
-1.40004e-05
-3.09874e-06
1.51284e-05
-2.68445e-06
1.89658e-05
7.32222e-07
1.55201e-05
5.18348e-06
1.16673e-05
9.55613e-06
8.5335e-06
1.33618e-05
6.14202e-06
1.64207e-05
4.34055e-06
1.8693e-05
2.95195e-06
2.01885e-05
1.82712e-06
2.09209e-05
8.50813e-07
2.0885e-05
-7.16649e-08
2.00472e-05
-1.03122e-06
1.83433e-05
-2.1323e-06
1.56921e-05
-3.51512e-06
1.204e-05
-5.38071e-06
7.47269e-06
-8.00233e-06
2.45015e-06
-1.16642e-05
-1.78629e-06
-1.63994e-05
-2.93214e-06
-2.0798e-05
-1.69325e-05
-1.01504e-06
1.61434e-05
4.73762e-06
1.32132e-05
1.2136e-05
8.12173e-06
1.87045e-05
5.09876e-06
2.39476e-05
3.29034e-06
2.79365e-05
2.15314e-06
3.08615e-05
1.41553e-06
3.2902e-05
9.11492e-07
3.41904e-05
5.38749e-07
3.48065e-05
2.3471e-07
3.47781e-05
-4.33302e-08
3.40783e-05
-3.31377e-07
3.26181e-05
-6.72097e-07
3.02327e-05
-1.12968e-06
2.66693e-05
-1.81733e-06
2.16101e-05
-2.9431e-06
1.48308e-05
-4.88503e-06
6.74647e-06
-8.31502e-06
-7.13011e-08
-1.39803e-05
-1.70038e-05
1.61434e-05
2.93566e-05
3.74783e-05
4.25771e-05
4.58674e-05
4.80206e-05
4.94361e-05
5.03476e-05
5.08863e-05
5.1121e-05
5.10777e-05
5.07463e-05
5.00742e-05
4.89446e-05
4.71272e-05
4.41841e-05
3.92991e-05
3.09841e-05
1.70038e-05
)
;

boundaryField
{
    movingWall
    {
        type            calculated;
        value           uniform 0;
    }
    fixedWalls
    {
        type            calculated;
        value           uniform 0;
    }
    frontAndBack
    {
        type            empty;
        value           nonuniform List<scalar> 0();
    }
}


// ************************************************************************* //
