/*--------------------------------*- C++ -*----------------------------------*\
  =========                 |
  \\      /  F ield         | OpenFOAM: The Open Source CFD Toolbox
   \\    /   O peration     | Website:  https://openfoam.org
    \\  /    A nd           | Version:  8
     \\/     M anipulation  |
\*---------------------------------------------------------------------------*/
FoamFile
{
    version     2.0;
    format      ascii;
    class       volVectorField;
    location    "0.5";
    object      U;
}
// * * * * * * * * * * * * * * * * * * * * * * * * * * * * * * * * * * * * * //

dimensions      [0 1 -1 0 0 0 0];

internalField   nonuniform List<vector> 
400
(
(0.000302621 -0.000299373 0)
(0.000164032 0.000135666 0)
(-0.00142085 0.000678017 0)
(-0.00418395 0.00106021 0)
(-0.00765281 0.00125159 0)
(-0.0113546 0.00127093 0)
(-0.0148682 0.00114791 0)
(-0.0178452 0.000913548 0)
(-0.0200152 0.000597002 0)
(-0.0211869 0.000226266 0)
(-0.02125 -0.000169743 0)
(-0.0201815 -0.00055922 0)
(-0.0180538 -0.000906365 0)
(-0.0150437 -0.00117159 0)
(-0.0114361 -0.00131335 0)
(-0.00761995 -0.00129232 0)
(-0.0040677 -0.00107908 0)
(-0.00129024 -0.000666127 0)
(0.000243611 -0.000105288 0)
(0.000323441 0.000316601 0)
(-9.65095e-05 -0.000197525 0)
(-0.00194576 0.00198191 0)
(-0.00684899 0.00434247 0)
(-0.0140763 0.00603428 0)
(-0.0226719 0.00687839 0)
(-0.0316665 0.0068992 0)
(-0.0401372 0.00619968 0)
(-0.0472846 0.0049149 0)
(-0.0524743 0.00319068 0)
(-0.0552555 0.00117916 0)
(-0.0553739 -0.000958147 0)
(-0.0527868 -0.00304617 0)
(-0.0476788 -0.00489516 0)
(-0.0404724 -0.00630558 0)
(-0.0318275 -0.0070812 0)
(-0.0226165 -0.00705344 0)
(-0.0138564 -0.00612037 0)
(-0.00658984 -0.00430205 0)
(-0.00177495 -0.00185828 0)
(-4.62345e-05 0.000281267 0)
(-0.000639787 0.0013244 0)
(-0.00447077 0.00690169 0)
(-0.0127302 0.0122723 0)
(-0.0240067 0.0160719 0)
(-0.0369166 0.0179056 0)
(-0.0501651 0.0177781 0)
(-0.0625085 0.0158933 0)
(-0.0728574 0.0125562 0)
(-0.080342 0.00811992 0)
(-0.0843431 0.00296748 0)
(-0.0845127 -0.00248977 0)
(-0.0807947 -0.00780887 0)
(-0.0734439 -0.0125179 0)
(-0.0630379 -0.0161318 0)
(-0.0504728 -0.0181881 0)
(-0.0369283 -0.0183076 0)
(-0.0237713 -0.016285 0)
(-0.0124049 -0.012206 0)
(-0.00423588 -0.00663438 0)
(-0.000565176 -0.00111854 0)
(-0.00112112 0.00420234 0)
(-0.00685028 0.0146945 0)
(-0.0183857 0.0239075 0)
(-0.033509 0.0302045 0)
(-0.0503642 0.0330638 0)
(-0.0673692 0.0325171 0)
(-0.0830414 0.02891 0)
(-0.0960939 0.0227628 0)
(-0.105506 0.0146886 0)
(-0.11055 0.00535932 0)
(-0.110816 -0.00450101 0)
(-0.106228 -0.0141153 0)
(-0.0970705 -0.0226605 0)
(-0.0840056 -0.0292956 0)
(-0.0680732 -0.0332229 0)
(-0.0506639 -0.0337902 0)
(-0.0334207 -0.0306353 0)
(-0.0180849 -0.023863 0)
(-0.00658131 -0.0142716 0)
(-0.00102508 -0.0038347 0)
(-0.00154309 0.00829382 0)
(-0.00906236 0.0251826 0)
(-0.0237765 0.0390032 0)
(-0.0426208 0.0480633 0)
(-0.0632272 0.0518626 0)
(-0.0837274 0.050559 0)
(-0.102437 0.0447077 0)
(-0.117927 0.0350936 0)
(-0.129083 0.0226277 0)
(-0.135112 0.00830252 0)
(-0.135556 -0.00681679 0)
(-0.130312 -0.0215892 0)
(-0.119656 -0.0348046 0)
(-0.104272 -0.0452199 0)
(-0.0852764 -0.0516421 0)
(-0.0642143 -0.0530693 0)
(-0.0429786 -0.0488905 0)
(-0.0236749 -0.0391196 0)
(-0.0088235 -0.0246581 0)
(-0.00143458 -0.00774634 0)
(-0.00193689 0.0135117 0)
(-0.0111904 0.0382845 0)
(-0.0290271 0.0575019 0)
(-0.0515168 0.0695755 0)
(-0.0757513 0.074188 0)
(-0.0995728 0.0717534 0)
(-0.121122 0.06313 0)
(-0.138876 0.0494279 0)
(-0.151669 0.0318905 0)
(-0.158678 0.0118467 0)
(-0.159415 -0.00929155 0)
(-0.153733 -0.030014 0)
(-0.14186 -0.0487085 0)
(-0.124446 -0.0636939 0)
(-0.102617 -0.0733157 0)
(-0.0780221 -0.0761207 0)
(-0.052786 -0.0711143 0)
(-0.0294121 -0.0580646 0)
(-0.0110978 -0.0378256 0)
(-0.00183623 -0.0128091 0)
(-0.00233262 0.0198306 0)
(-0.0133299 0.0539759 0)
(-0.0342896 0.0793727 0)
(-0.0603746 0.0946741 0)
(-0.0881109 0.0999223 0)
(-0.11506 0.0959448 0)
(-0.139225 0.0840186 0)
(-0.159041 0.0656491 0)
(-0.173347 0.0424421 0)
(-0.181334 0.0160624 0)
(-0.182496 -0.0117492 0)
(-0.176635 -0.0391348 0)
(-0.163886 -0.0640886 0)
(-0.144797 -0.0844694 0)
(-0.120427 -0.0980917 0)
(-0.0924522 -0.102925 0)
(-0.0631954 -0.0974141 0)
(-0.035576 -0.0808726 0)
(-0.0135627 -0.0539228 0)
(-0.0022748 -0.0190722 0)
(-0.00275715 0.0272811 0)
(-0.0155709 0.0722965 0)
(-0.0397016 0.104606 0)
(-0.0693177 0.123261 0)
(-0.100351 0.128874 0)
(-0.130109 0.122881 0)
(-0.156523 0.107115 0)
(-0.178064 0.0835562 0)
(-0.193654 0.0541937 0)
(-0.202553 0.0210081 0)
(-0.204273 -0.0139777 0)
(-0.198554 -0.0486134 0)
(-0.185396 -0.08054 0)
(-0.165161 -0.107158 0)
(-0.138729 -0.125689 0)
(-0.107693 -0.133382 0)
(-0.0744862 -0.127889 0)
(-0.0424321 -0.107794 0)
(-0.0163773 -0.0732268 0)
(-0.00279469 -0.0266779 0)
(-0.003238 0.0359448 0)
(-0.0180025 0.0933462 0)
(-0.0453794 0.133196 0)
(-0.0783927 0.155158 0)
(-0.112345 0.160705 0)
(-0.144353 0.152122 0)
(-0.172382 0.131967 0)
(-0.195059 0.102777 0)
(-0.2115 0.0669348 0)
(-0.221119 0.0266896 0)
(-0.223494 -0.0157369 0)
(-0.218312 -0.0579985 0)
(-0.205392 -0.0974696 0)
(-0.184811 -0.131135 0)
(-0.157121 -0.155586 0)
(-0.123657 -0.167198 0)
(-0.0868003 -0.162553 0)
(-0.0502041 -0.139115 0)
(-0.0197003 -0.0961335 0)
(-0.00344356 -0.0358593 0)
(-0.00381296 0.0459585 0)
(-0.0207355 0.117277 0)
(-0.0514372 0.165091 0)
(-0.0875647 0.190026 0)
(-0.123765 0.194812 0)
(-0.157079 0.182907 0)
(-0.185677 0.157798 0)
(-0.208518 0.122655 0)
(-0.225064 0.0802442 0)
(-0.235002 0.033002 0)
(-0.238048 -0.0167774 0)
(-0.233861 -0.0667015 0)
(-0.222044 -0.114023 0)
(-0.20228 -0.155419 0)
(-0.174609 -0.186865 0)
(-0.139851 -0.203729 0)
(-0.100071 -0.201191 0)
(-0.0590585 -0.175073 0)
(-0.0237037 -0.123132 0)
(-0.0042817 -0.046945 0)
(-0.00454747 0.0575403 0)
(-0.0239433 0.144294 0)
(-0.0580184 0.200142 0)
(-0.0967074 0.227238 0)
(-0.134014 0.230171 0)
(-0.167121 0.214 0)
(-0.194664 0.183359 0)
(-0.216176 0.142123 0)
(-0.23166 0.0933904 0)
(-0.241219 0.039659 0)
(-0.244808 -0.0168788 0)
(-0.242103 -0.0739907 0)
(-0.232481 -0.129027 0)
(-0.215135 -0.178548 0)
(-0.189382 -0.218025 0)
(-0.1552 -0.241752 0)
(-0.113914 -0.243152 0)
(-0.0690809 -0.215718 0)
(-0.0285974 -0.154769 0)
(-0.00539868 -0.0603803 0)
(-0.00556588 0.0710517 0)
(-0.0279231 0.174675 0)
(-0.0653214 0.237997 0)
(-0.105548 0.265704 0)
(-0.142098 0.265136 0)
(-0.17268 0.243488 0)
(-0.196785 0.206772 0)
(-0.214828 0.159582 0)
(-0.227572 0.105236 0)
(-0.23569 0.0461178 0)
(-0.239482 -0.0159048 0)
(-0.238718 -0.0790181 0)
(-0.232574 -0.14096 0)
(-0.219704 -0.198477 0)
(-0.198515 -0.246789 0)
(-0.16776 -0.279185 0)
(-0.127443 -0.287047 0)
(-0.0802162 -0.26069 0)
(-0.0346636 -0.191585 0)
(-0.00694291 -0.0767773 0)
(-0.00710677 0.0871235 0)
(-0.0331801 0.208774 0)
(-0.0735765 0.27792 0)
(-0.113485 0.303582 0)
(-0.146319 0.297146 0)
(-0.170982 0.268566 0)
(-0.188355 0.225382 0)
(-0.200079 0.172807 0)
(-0.20788 0.114177 0)
(-0.213115 0.0515207 0)
(-0.216515 -0.0138711 0)
(-0.218031 -0.0808873 0)
(-0.21673 -0.147994 0)
(-0.21077 -0.212535 0)
(-0.197563 -0.269915 0)
(-0.174291 -0.31275 0)
(-0.13891 -0.330308 0)
(-0.0921133 -0.308848 0)
(-0.0422921 -0.233996 0)
(-0.0091724 -0.0970157 0)
(-0.00961381 0.106877 0)
(-0.040508 0.246958 0)
(-0.0828478 0.318406 0)
(-0.119089 0.33781 0)
(-0.143632 0.322362 0)
(-0.157644 0.285326 0)
(-0.164048 0.235691 0)
(-0.166005 0.178972 0)
(-0.166284 0.118179 0)
(-0.166927 0.0546987 0)
(-0.169103 -0.0110058 0)
(-0.17302 -0.0787784 0)
(-0.177793 -0.148143 0)
(-0.181292 -0.217517 0)
(-0.180067 -0.283131 0)
(-0.16959 -0.337638 0)
(-0.145062 -0.368601 0)
(-0.103736 -0.357638 0)
(-0.0519615 -0.282006 0)
(-0.0125285 -0.122404 0)
(-0.0138374 0.132246 0)
(-0.0509101 0.289274 0)
(-0.0923182 0.356399 0)
(-0.118906 0.363394 0)
(-0.128351 0.335273 0)
(-0.125579 0.2887 0)
(-0.116131 0.233524 0)
(-0.104727 0.174901 0)
(-0.0949818 0.115018 0)
(-0.0893887 0.0543067 0)
(-0.0894168 -0.00776797 0)
(-0.0955475 -0.0721382 0)
(-0.10716 -0.139596 0)
(-0.122242 -0.210056 0)
(-0.13699 -0.281361 0)
(-0.145504 -0.34736 0)
(-0.139921 -0.395152 0)
(-0.112396 -0.402065 0)
(-0.063941 -0.334509 0)
(-0.0176724 -0.154856 0)
(-0.0207286 0.166457 0)
(-0.0647489 0.3344 0)
(-0.0981564 0.385761 0)
(-0.104799 0.37243 0)
(-0.0897825 0.328489 0)
(-0.0632982 0.272812 0)
(-0.033485 0.214658 0)
(-0.00603731 0.157746 0)
(0.0152645 0.102836 0)
(0.0280305 0.0491727 0)
(0.0308391 -0.00477238 0)
(0.0230222 -0.0609178 0)
(0.0047178 -0.121263 0)
(-0.022766 -0.187404 0)
(-0.0562343 -0.259492 0)
(-0.0895727 -0.334085 0)
(-0.112619 -0.40017 0)
(-0.111471 -0.433136 0)
(-0.076995 -0.38783 0)
(-0.0251694 -0.197131 0)
(-0.0302655 0.215116 0)
(-0.0783833 0.376867 0)
(-0.0879839 0.394073 0)
(-0.058574 0.352626 0)
(-0.00841043 0.29288 0)
(0.0472259 0.231996 0)
(0.0992384 0.176091 0)
(0.14258 0.126146 0)
(0.17457 0.0810398 0)
(0.19379 0.0388714 0)
(0.199379 -0.0025835 0)
(0.190696 -0.0457907 0)
(0.167268 -0.0934878 0)
(0.129093 -0.14862 0)
(0.0774658 -0.213831 0)
(0.0165937 -0.28973 0)
(-0.0438082 -0.370532 0)
(-0.0855706 -0.435413 0)
(-0.0845253 -0.432704 0)
(-0.0338077 -0.253486 0)
(-0.0356878 0.283823 0)
(-0.0735995 0.399018 0)
(-0.0282925 0.358115 0)
(0.0574155 0.287363 0)
(0.149096 0.220059 0)
(0.23224 0.163798 0)
(0.301363 0.118632 0)
(0.354765 0.0821485 0)
(0.392407 0.0515903 0)
(0.414674 0.0244736 0)
(0.421729 -0.00144933 0)
(0.413212 -0.028433 0)
(0.388126 -0.059061 0)
(0.344904 -0.0965977 0)
(0.281902 -0.145236 0)
(0.198835 -0.209619 0)
(0.0996315 -0.292097 0)
(-0.00130282 -0.38486 0)
(-0.0647005 -0.446216 0)
(-0.0339683 -0.32474 0)
(0.00853338 0.336139 0)
(0.0213575 0.351841 0)
(0.162938 0.252236 0)
(0.312471 0.172348 0)
(0.432208 0.117406 0)
(0.523804 0.0799288 0)
(0.592201 0.0540898 0)
(0.641276 0.0355955 0)
(0.674146 0.0214784 0)
(0.692967 0.00973987 0)
(0.698836 -0.00108665 0)
(0.691783 -0.0123161 0)
(0.670683 -0.0254709 0)
(0.633034 -0.0427505 0)
(0.574707 -0.0677247 0)
(0.489931 -0.106229 0)
(0.370982 -0.166987 0)
(0.212325 -0.259993 0)
(0.052133 -0.375796 0)
(0.0234337 -0.362213 0)
(0.358471 0.174889 0)
(0.473252 0.152858 0)
(0.665654 0.091606 0)
(0.80616 0.0529472 0)
(0.889926 0.0311546 0)
(0.942415 0.0186671 0)
(0.976975 0.0113319 0)
(0.999643 0.00680786 0)
(1.01379 0.00377021 0)
(1.02134 0.00147652 0)
(1.02322 -0.00052505 0)
(1.01957 -0.00258899 0)
(1.00982 -0.00511733 0)
(0.992341 -0.00876308 0)
(0.963902 -0.014784 0)
(0.918294 -0.0257126 0)
(0.841529 -0.0465788 0)
(0.703775 -0.0866726 0)
(0.501368 -0.153366 0)
(0.371734 -0.179735 0)
)
;

boundaryField
{
    movingWall
    {
        type            fixedValue;
        value           uniform (1.2 0 0);
    }
    fixedWalls
    {
        type            noSlip;
    }
    frontAndBack
    {
        type            empty;
    }
}


// ************************************************************************* //
