/*--------------------------------*- C++ -*----------------------------------*\
  =========                 |
  \\      /  F ield         | OpenFOAM: The Open Source CFD Toolbox
   \\    /   O peration     | Website:  https://openfoam.org
    \\  /    A nd           | Version:  8
     \\/     M anipulation  |
\*---------------------------------------------------------------------------*/
FoamFile
{
    version     2.0;
    format      ascii;
    class       volVectorField;
    location    "0.2";
    object      U;
}
// * * * * * * * * * * * * * * * * * * * * * * * * * * * * * * * * * * * * * //

dimensions      [0 1 -1 0 0 0 0];

internalField   nonuniform List<vector> 
400
(
(0.000302665 -0.000298918 0)
(0.000164138 0.000135858 0)
(-0.00142034 0.000677862 0)
(-0.00418238 0.00105984 0)
(-0.00764981 0.00125111 0)
(-0.01135 0.00127044 0)
(-0.0148621 0.00114747 0)
(-0.0178379 0.000913193 0)
(-0.020007 0.000596771 0)
(-0.0211783 0.000226187 0)
(-0.0212414 -0.000169658 0)
(-0.0201734 -0.000558981 0)
(-0.0180467 -0.000905997 0)
(-0.0150379 -0.00117113 0)
(-0.0114318 -0.00131285 0)
(-0.00761729 -0.00129185 0)
(-0.00406645 -0.00107872 0)
(-0.00129003 -0.000665951 0)
(0.000243334 -0.000105349 0)
(0.000323255 0.000316398 0)
(-9.63598e-05 -0.000196899 0)
(-0.0019447 0.0019815 0)
(-0.00684575 0.00434081 0)
(-0.0140698 0.00603176 0)
(-0.0226614 0.00687544 0)
(-0.0316519 0.00689623 0)
(-0.0401188 0.00619702 0)
(-0.047263 0.00491281 0)
(-0.0524505 0.00318938 0)
(-0.0552306 0.00117876 0)
(-0.0553492 -0.000957595 0)
(-0.0527635 -0.00304471 0)
(-0.047658 -0.00489293 0)
(-0.040455 -0.00630281 0)
(-0.0318141 -0.00707818 0)
(-0.0226072 -0.00705052 0)
(-0.0138508 -0.00611795 0)
(-0.00658729 -0.00430047 0)
(-0.00177434 -0.00185776 0)
(-4.62601e-05 0.000280965 0)
(-0.000639367 0.0013241 0)
(-0.00446834 0.00689883 0)
(-0.0127237 0.0122669 0)
(-0.0239948 0.0160647 0)
(-0.0368986 0.0178975 0)
(-0.0501409 0.0177701 0)
(-0.0624786 0.0158862 0)
(-0.0728228 0.0125507 0)
(-0.0803042 0.00811653 0)
(-0.0843038 0.00296652 0)
(-0.0844737 -0.00248821 0)
(-0.0807578 -0.00780492 0)
(-0.0734107 -0.0125119 0)
(-0.0630097 -0.0161243 0)
(-0.0504506 -0.01818 0)
(-0.0369121 -0.0182997 0)
(-0.023761 -0.0162781 0)
(-0.0123995 -0.012201 0)
(-0.00423401 -0.00663185 0)
(-0.00056491 -0.00111826 0)
(-0.00112043 0.00420038 0)
(-0.00684659 0.0146876 0)
(-0.0183764 0.0238964 0)
(-0.0334926 0.0301905 0)
(-0.05034 0.0330486 0)
(-0.0673374 0.0325023 0)
(-0.0830026 0.028897 0)
(-0.0960494 0.0227528 0)
(-0.105457 0.0146825 0)
(-0.1105 0.00535769 0)
(-0.110766 -0.00449804 0)
(-0.10618 -0.014108 0)
(-0.097028 -0.0226495 0)
(-0.0839692 -0.0292819 0)
(-0.0680439 -0.033208 0)
(-0.0506423 -0.0337753 0)
(-0.0334064 -0.0306222 0)
(-0.0180771 -0.023853 0)
(-0.00657833 -0.0142656 0)
(-0.00102456 -0.00383315 0)
(-0.00154221 0.00828965 0)
(-0.00905784 0.0251706 0)
(-0.0237653 0.038985 0)
(-0.0426015 0.0480412 0)
(-0.0631993 0.0518391 0)
(-0.083691 0.0505363 0)
(-0.102393 0.044688 0)
(-0.117877 0.0350785 0)
(-0.129029 0.0226186 0)
(-0.135056 0.0083002 0)
(-0.135501 -0.00681218 0)
(-0.13026 -0.0215781 0)
(-0.119608 -0.0347879 0)
(-0.104231 -0.0451991 0)
(-0.0852431 -0.0516192 0)
(-0.0641893 -0.0530465 0)
(-0.0429618 -0.0488699 0)
(-0.0236655 -0.0391033 0)
(-0.0088198 -0.0246478 0)
(-0.0014339 -0.007743 0)
(-0.00193594 0.013505 0)
(-0.0111856 0.0382667 0)
(-0.0290154 0.0574761 0)
(-0.0514968 0.0695448 0)
(-0.0757226 0.0741557 0)
(-0.0995357 0.0717225 0)
(-0.121078 0.0631033 0)
(-0.138825 0.0494077 0)
(-0.151614 0.0318784 0)
(-0.158622 0.0118437 0)
(-0.159359 -0.00928524 0)
(-0.15368 -0.0299989 0)
(-0.141812 -0.0486859 0)
(-0.124404 -0.0636658 0)
(-0.102583 -0.0732845 0)
(-0.0779963 -0.0760893 0)
(-0.0527685 -0.0710857 0)
(-0.0294021 -0.0580415 0)
(-0.0110939 -0.0378103 0)
(-0.00183548 -0.0128037 0)
(-0.00233172 0.0198213 0)
(-0.0133254 0.0539525 0)
(-0.0342789 0.0793395 0)
(-0.0603562 0.0946351 0)
(-0.0880846 0.0998817 0)
(-0.115026 0.0959062 0)
(-0.139185 0.0839853 0)
(-0.158995 0.065624 0)
(-0.173298 0.0424271 0)
(-0.181282 0.0160587 0)
(-0.182445 -0.0117413 0)
(-0.176586 -0.039116 0)
(-0.163842 -0.0640606 0)
(-0.144759 -0.0844344 0)
(-0.120395 -0.0980527 0)
(-0.0924282 -0.102886 0)
(-0.0631789 -0.0973777 0)
(-0.0355666 -0.0808428 0)
(-0.013559 -0.0539027 0)
(-0.00227408 -0.0190647 0)
(-0.00275642 0.0272696 0)
(-0.0155673 0.0722683 0)
(-0.0396929 0.104567 0)
(-0.069303 0.123214 0)
(-0.10033 0.128827 0)
(-0.130082 0.122836 0)
(-0.156491 0.107077 0)
(-0.178027 0.0835269 0)
(-0.193614 0.0541762 0)
(-0.202512 0.0210039 0)
(-0.204232 -0.0139686 0)
(-0.198515 -0.0485916 0)
(-0.18536 -0.0805073 0)
(-0.16513 -0.107117 0)
(-0.138703 -0.125644 0)
(-0.107673 -0.133335 0)
(-0.0744725 -0.127846 0)
(-0.0424242 -0.107758 0)
(-0.0163741 -0.0732023 0)
(-0.00279407 -0.0266685 0)
(-0.00323755 0.0359318 0)
(-0.0180002 0.0933144 0)
(-0.0453739 0.133151 0)
(-0.0783834 0.155107 0)
(-0.112332 0.160652 0)
(-0.144336 0.152071 0)
(-0.172361 0.131924 0)
(-0.195035 0.102745 0)
(-0.211474 0.0669154 0)
(-0.221092 0.0266848 0)
(-0.223467 -0.015727 0)
(-0.218286 -0.0579747 0)
(-0.205368 -0.0974337 0)
(-0.18479 -0.13109 0)
(-0.157103 -0.155536 0)
(-0.123643 -0.167147 0)
(-0.0867905 -0.162504 0)
(-0.0501984 -0.139074 0)
(-0.019698 -0.0961056 0)
(-0.00344311 -0.0358484 0)
(-0.00381284 0.0459447 0)
(-0.0207349 0.117243 0)
(-0.0514357 0.165045 0)
(-0.0875619 0.189972 0)
(-0.123761 0.194756 0)
(-0.157073 0.182855 0)
(-0.18567 0.157753 0)
(-0.20851 0.122621 0)
(-0.225055 0.0802236 0)
(-0.234992 0.0329965 0)
(-0.238038 -0.0167673 0)
(-0.23385 -0.0666768 0)
(-0.222034 -0.113986 0)
(-0.202271 -0.155371 0)
(-0.174601 -0.186812 0)
(-0.139845 -0.203675 0)
(-0.100066 -0.201139 0)
(-0.0590556 -0.17503 0)
(-0.0237025 -0.123102 0)
(-0.00428144 -0.0469332 0)
(-0.00454771 0.0575267 0)
(-0.0239444 0.144261 0)
(-0.058021 0.200096 0)
(-0.0967116 0.227184 0)
(-0.13402 0.230115 0)
(-0.167127 0.213947 0)
(-0.194672 0.183313 0)
(-0.216184 0.142089 0)
(-0.231668 0.0933693 0)
(-0.241227 0.0396531 0)
(-0.244815 -0.0168692 0)
(-0.24211 -0.0739664 0)
(-0.232487 -0.12899 0)
(-0.215139 -0.178501 0)
(-0.189385 -0.217972 0)
(-0.155202 -0.241697 0)
(-0.113915 -0.243101 0)
(-0.069081 -0.215674 0)
(-0.0285973 -0.154738 0)
(-0.00539864 -0.0603681 0)
(-0.00556646 0.0710391 0)
(-0.0279259 0.174644 0)
(-0.0653279 0.237953 0)
(-0.105559 0.265653 0)
(-0.142113 0.265083 0)
(-0.172698 0.243437 0)
(-0.196807 0.206728 0)
(-0.214852 0.159548 0)
(-0.227597 0.105215 0)
(-0.235715 0.0461116 0)
(-0.239507 -0.0158962 0)
(-0.23874 -0.0789955 0)
(-0.232594 -0.140925 0)
(-0.219721 -0.198433 0)
(-0.198528 -0.246738 0)
(-0.16777 -0.279132 0)
(-0.127449 -0.286997 0)
(-0.0802194 -0.260647 0)
(-0.0346647 -0.191555 0)
(-0.00694309 -0.0767655 0)
(-0.00710762 0.0871128 0)
(-0.0331843 0.208747 0)
(-0.0735862 0.277881 0)
(-0.113501 0.303537 0)
(-0.146342 0.297098 0)
(-0.17101 0.268519 0)
(-0.188388 0.225342 0)
(-0.200116 0.172776 0)
(-0.207919 0.114157 0)
(-0.213155 0.0515143 0)
(-0.216555 -0.013864 0)
(-0.218068 -0.0808674 0)
(-0.216763 -0.147963 0)
(-0.210799 -0.212495 0)
(-0.197586 -0.269869 0)
(-0.174308 -0.312702 0)
(-0.138921 -0.330262 0)
(-0.0921193 -0.308809 0)
(-0.0422943 -0.233969 0)
(-0.00917279 -0.0970048 0)
(-0.00961483 0.106869 0)
(-0.0405129 0.246937 0)
(-0.0828595 0.318374 0)
(-0.119108 0.337771 0)
(-0.14366 0.322321 0)
(-0.157679 0.285286 0)
(-0.164089 0.235656 0)
(-0.166051 0.178944 0)
(-0.166334 0.118162 0)
(-0.166978 0.0546924 0)
(-0.169154 -0.0110004 0)
(-0.173068 -0.0787619 0)
(-0.177837 -0.148117 0)
(-0.181329 -0.217483 0)
(-0.180098 -0.283093 0)
(-0.169612 -0.337598 0)
(-0.145077 -0.368562 0)
(-0.103744 -0.357604 0)
(-0.0519647 -0.281982 0)
(-0.0125291 -0.122395 0)
(-0.0138385 0.13224 0)
(-0.0509152 0.289258 0)
(-0.0923304 0.356375 0)
(-0.118927 0.363364 0)
(-0.12838 0.335241 0)
(-0.125616 0.288668 0)
(-0.116176 0.233495 0)
(-0.104778 0.174878 0)
(-0.0950368 0.115004 0)
(-0.0894457 0.054301 0)
(-0.0894735 -0.00776418 0)
(-0.0956016 -0.0721254 0)
(-0.10721 -0.139575 0)
(-0.122285 -0.210029 0)
(-0.137025 -0.28133 0)
(-0.14553 -0.347328 0)
(-0.139939 -0.395121 0)
(-0.112406 -0.402038 0)
(-0.0639449 -0.334489 0)
(-0.0176731 -0.154848 0)
(-0.0207294 0.166454 0)
(-0.0647533 0.33439 0)
(-0.0981674 0.385744 0)
(-0.104818 0.372409 0)
(-0.08981 0.328465 0)
(-0.0633342 0.272788 0)
(-0.0335286 0.214636 0)
(-0.00608731 0.157729 0)
(0.0152099 0.102824 0)
(0.0279736 0.049168 0)
(0.0307821 -0.00476991 0)
(0.0229675 -0.0609086 0)
(0.0046676 -0.121248 0)
(-0.0228098 -0.187384 0)
(-0.0562703 -0.25947 0)
(-0.0896001 -0.334061 0)
(-0.112638 -0.400148 0)
(-0.111482 -0.433116 0)
(-0.0769991 -0.387816 0)
(-0.0251702 -0.197126 0)
(-0.0302661 0.215115 0)
(-0.0783864 0.376862 0)
(-0.0879922 0.394063 0)
(-0.0585891 0.352613 0)
(-0.00843312 0.292865 0)
(0.0471955 0.23198 0)
(0.0992006 0.176076 0)
(0.142536 0.126134 0)
(0.174522 0.081032 0)
(0.193739 0.0388681 0)
(0.199328 -0.00258198 0)
(0.190647 -0.0457848 0)
(0.167222 -0.0934782 0)
(0.129053 -0.148608 0)
(0.0774329 -0.213817 0)
(0.0165686 -0.289715 0)
(-0.0438254 -0.370517 0)
(-0.0855804 -0.435401 0)
(-0.0845291 -0.432695 0)
(-0.0338084 -0.253483 0)
(-0.035688 0.283824 0)
(-0.073601 0.399016 0)
(-0.0282975 0.35811 0)
(0.0574056 0.287356 0)
(0.14908 0.22005 0)
(0.232217 0.163789 0)
(0.301334 0.118623 0)
(0.354731 0.0821418 0)
(0.392369 0.0515859 0)
(0.414634 0.0244719 0)
(0.421688 -0.00144843 0)
(0.413173 -0.0284297 0)
(0.38809 -0.0590557 0)
(0.344873 -0.0965909 0)
(0.281876 -0.145228 0)
(0.198815 -0.209611 0)
(0.099618 -0.29209 0)
(-0.00131049 -0.384853 0)
(-0.0647035 -0.446212 0)
(-0.0339688 -0.324739 0)
(0.00853359 0.33614 0)
(0.0213575 0.351841 0)
(0.162936 0.252235 0)
(0.312466 0.172345 0)
(0.432199 0.117402 0)
(0.523791 0.0799253 0)
(0.592183 0.0540866 0)
(0.641254 0.035593 0)
(0.674122 0.0214768 0)
(0.692942 0.00973934 0)
(0.698811 -0.00108616 0)
(0.691758 -0.0123147 0)
(0.670661 -0.0254689 0)
(0.633014 -0.042748 0)
(0.574691 -0.0677219 0)
(0.489919 -0.106226 0)
(0.370974 -0.166985 0)
(0.21232 -0.259991 0)
(0.0521315 -0.375794 0)
(0.0234335 -0.362213 0)
(0.358471 0.174889 0)
(0.473253 0.152859 0)
(0.665654 0.091606 0)
(0.806159 0.0529468 0)
(0.889924 0.031154 0)
(0.942411 0.0186665 0)
(0.976969 0.0113313 0)
(0.999635 0.00680745 0)
(1.01378 0.00376998 0)
(1.02133 0.00147649 0)
(1.02321 -0.000524892 0)
(1.01957 -0.00258869 0)
(1.00981 -0.00511693 0)
(0.992335 -0.00876263 0)
(0.963897 -0.0147835 0)
(0.91829 -0.0257121 0)
(0.841527 -0.0465784 0)
(0.703774 -0.0866723 0)
(0.501368 -0.153366 0)
(0.371734 -0.179735 0)
)
;

boundaryField
{
    movingWall
    {
        type            fixedValue;
        value           uniform (1.2 0 0);
    }
    fixedWalls
    {
        type            noSlip;
    }
    frontAndBack
    {
        type            empty;
    }
}


// ************************************************************************* //
