/*--------------------------------*- C++ -*----------------------------------*\
  =========                 |
  \\      /  F ield         | OpenFOAM: The Open Source CFD Toolbox
   \\    /   O peration     | Website:  https://openfoam.org
    \\  /    A nd           | Version:  8
     \\/     M anipulation  |
\*---------------------------------------------------------------------------*/
FoamFile
{
    version     2.0;
    format      ascii;
    class       surfaceScalarField;
    location    "0.3";
    object      phi;
}
// * * * * * * * * * * * * * * * * * * * * * * * * * * * * * * * * * * * * * //

dimensions      [0 3 -1 0 0 0 0];

internalField   nonuniform List<scalar> 
760
(
2.48565e-08
-2.48111e-08
-4.199e-08
6.68473e-08
-2.07844e-07
1.65855e-07
-4.42616e-07
2.34773e-07
-7.11261e-07
2.68644e-07
-9.81183e-07
2.69921e-07
-1.22445e-06
2.43263e-07
-1.4184e-06
1.93951e-07
-1.5457e-06
1.27304e-07
-1.5945e-06
4.87964e-08
-1.55894e-06
-3.55639e-08
-1.44002e-06
-1.18919e-07
-1.24655e-06
-1.93467e-07
-9.95845e-07
-2.50707e-07
-7.13743e-07
-2.82103e-07
-4.33513e-07
-2.8023e-07
-1.93014e-07
-2.40498e-07
-2.96634e-08
-1.63349e-07
2.95115e-08
-5.91749e-08
2.95107e-08
-6.35024e-08
3.86905e-08
-3.28866e-07
3.3221e-07
-7.85463e-07
6.22452e-07
-1.37755e-06
8.26862e-07
-2.03513e-06
9.26222e-07
-2.68803e-06
9.2282e-07
-3.27298e-06
8.28216e-07
-3.73708e-06
6.58041e-07
-4.03946e-06
4.29686e-07
-4.15264e-06
1.61982e-07
-4.06396e-06
-1.24245e-07
-3.77724e-06
-4.05641e-07
-3.31435e-06
-6.56355e-07
-2.71597e-06
-8.49092e-07
-2.04063e-06
-9.57437e-07
-1.36117e-06
-9.59697e-07
-7.57314e-07
-8.44352e-07
-3.03824e-07
-6.1684e-07
-5.24282e-08
-3.10571e-07
-2.29175e-08
-1.68925e-07
2.07613e-07
-6.48426e-07
8.1171e-07
-1.3817e-06
1.35573e-06
-2.28477e-06
1.72993e-06
-3.26199e-06
1.90344e-06
-4.21856e-06
1.87939e-06
-5.0685e-06
1.67815e-06
-5.73933e-06
1.32887e-06
-6.17492e-06
8.65275e-07
-6.33759e-06
3.24651e-07
-6.21017e-06
-2.51659e-07
-5.79817e-06
-8.17642e-07
-5.13158e-06
-1.32295e-06
-4.26564e-06
-1.71503e-06
-3.27946e-06
-1.94362e-06
-2.27118e-06
-1.96798e-06
-1.34873e-06
-1.76681e-06
-6.15691e-07
-1.34988e-06
-1.53003e-07
-7.7326e-07
-1.7592e-07
-2.65081e-07
4.72693e-07
-9.5227e-07
1.4989e-06
-1.95136e-06
2.35481e-06
-3.14338e-06
2.92195e-06
-4.40732e-06
3.16738e-06
-5.62849e-06
3.10056e-06
-6.7048e-06
2.75447e-06
-7.55086e-06
2.17493e-06
-8.1006e-06
1.41501e-06
-8.30944e-06
5.33486e-07
-8.15648e-06
-4.04616e-07
-7.64695e-06
-1.32717e-06
-6.81449e-06
-2.15541e-06
-5.7225e-06
-2.80702e-06
-4.46337e-06
-3.20275e-06
-3.1542e-06
-3.27715e-06
-1.92773e-06
-2.99327e-06
-9.18502e-07
-2.35911e-06
-2.45875e-07
-1.44589e-06
-4.21794e-07
-3.52339e-07
8.25032e-07
-1.23755e-06
2.38411e-06
-2.4925e-06
3.60975e-06
-3.95995e-06
4.3894e-06
-5.49244e-06
4.69987e-06
-6.9572e-06
4.56533e-06
-8.23972e-06
4.03699e-06
-9.24586e-06
3.18106e-06
-9.90312e-06
2.07227e-06
-1.0162e-05
7.9235e-07
-9.99774e-06
-5.6886e-07
-9.41306e-06
-1.91185e-06
-8.44106e-06
-3.1274e-06
-7.1481e-06
-4.09998e-06
-5.63494e-06
-4.71591e-06
-4.03454e-06
-4.87755e-06
-2.50489e-06
-4.52292e-06
-1.21609e-06
-3.6479e-06
-3.33273e-07
-2.32871e-06
-7.55066e-07
-4.34557e-07
1.25959e-06
-1.51085e-06
3.4604e-06
-3.01401e-06
5.11291e-06
-4.74704e-06
6.12243e-06
-6.5354e-06
6.48823e-06
-8.22956e-06
6.25949e-06
-9.70539e-06
5.51283e-06
-1.08633e-05
4.339e-06
-1.16273e-05
2.83625e-06
-1.19444e-05
1.1094e-06
-1.17855e-05
-7.27687e-07
-1.11485e-05
-2.54892e-06
-1.00615e-05
-4.21435e-06
-8.5888e-06
-5.5727e-06
-6.83464e-06
-6.47007e-06
-4.94524e-06
-6.76695e-06
-3.10485e-06
-6.36332e-06
-1.52434e-06
-5.22841e-06
-4.22185e-07
-3.43086e-06
-1.17725e-06
-5.15508e-07
1.7751e-06
-1.77998e-06
4.72488e-06
-3.52575e-06
6.85868e-06
-5.5146e-06
8.11127e-06
-7.54501e-06
8.51865e-06
-9.45268e-06
8.16716e-06
-1.11073e-05
7.16742e-06
-1.24077e-05
5.63938e-06
-1.32775e-05
3.70607e-06
-1.36622e-05
1.49412e-06
-1.35285e-05
-8.61417e-07
-1.28664e-05
-3.21099e-06
-1.16949e-05
-5.38588e-06
-1.00695e-05
-7.19807e-06
-8.09181e-06
-8.44776e-06
-5.91678e-06
-8.94198e-06
-3.75455e-06
-8.52556e-06
-1.86184e-06
-7.12111e-06
-5.20231e-07
-4.77247e-06
-1.69748e-06
-5.98478e-07
2.37358e-06
-2.05195e-06
6.17835e-06
-4.03511e-06
8.84183e-06
-6.26605e-06
1.03422e-05
-8.51707e-06
1.07697e-05
-1.06126e-05
1.02627e-05
-1.24213e-05
8.97606e-06
-1.38458e-05
7.0639e-06
-1.48143e-05
4.67457e-06
-1.52738e-05
1.9536e-06
-1.51872e-05
-9.47996e-07
-1.4535e-05
-3.86322e-06
-1.33212e-05
-6.59961e-06
-1.15852e-05
-8.93414e-06
-9.41608e-06
-1.06168e-05
-6.96944e-06
-1.13886e-05
-4.47745e-06
-1.10175e-05
-2.24675e-06
-9.35181e-06
-6.34977e-07
-6.38425e-06
-2.33246e-06
-6.86652e-07
3.06023e-06
-2.33313e-06
7.82482e-06
-4.54644e-06
1.10551e-05
-6.99675e-06
1.27925e-05
-9.43198e-06
1.32049e-05
-1.16713e-05
1.2502e-05
-1.359e-05
1.08948e-05
-1.51029e-05
8.57679e-06
-1.61495e-05
5.72121e-06
-1.66835e-05
2.48755e-06
-1.66663e-05
-9.65134e-07
-1.60676e-05
-4.46198e-06
-1.48711e-05
-7.79606e-06
-1.30898e-05
-1.07154e-05
-1.07875e-05
-1.29192e-05
-8.10581e-06
-1.40703e-05
-5.28938e-06
-1.3834e-05
-2.69553e-06
-1.19457e-05
-7.74076e-07
-8.3057e-06
-3.10654e-06
-7.84327e-07
3.84456e-06
-2.6312e-06
9.6717e-06
-5.06234e-06
1.34863e-05
-7.69364e-06
1.54238e-05
-1.02525e-05
1.57638e-05
-1.25626e-05
1.48121e-05
-1.45178e-05
1.28499e-05
-1.60562e-05
1.01152e-05
-1.71388e-05
6.80378e-06
-1.77331e-05
3.08189e-06
-1.78039e-05
-8.9431e-07
-1.73103e-05
-4.95564e-06
-1.62112e-05
-8.89514e-06
-1.44821e-05
-1.24445e-05
-1.21435e-05
-1.52578e-05
-9.30171e-06
-1.69121e-05
-6.19412e-06
-1.69416e-05
-3.22243e-06
-1.49173e-05
-9.46043e-07
-1.05821e-05
-4.05258e-06
-8.99061e-07
4.74362e-06
-2.95857e-06
1.17312e-05
-5.58571e-06
1.61134e-05
-8.33443e-06
1.81726e-05
-1.09202e-05
1.83495e-05
-1.31867e-05
1.70786e-05
-1.50634e-05
1.47266e-05
-1.65272e-05
1.1579e-05
-1.75729e-05
7.84953e-06
-1.81922e-05
3.70117e-06
-1.83598e-05
-7.26701e-07
-1.80276e-05
-5.28783e-06
-1.71274e-05
-9.79532e-06
-1.55867e-05
-1.39853e-05
-1.33618e-05
-1.74827e-05
-1.0493e-05
-1.97809e-05
-7.17693e-06
-2.02576e-05
-3.83898e-06
-1.82553e-05
-1.16169e-06
-1.32594e-05
-5.21427e-06
-1.04525e-06
5.78888e-06
-3.33672e-06
1.40227e-05
-6.12055e-06
1.88973e-05
-8.883e-06
2.0935e-05
-1.13457e-05
2.08122e-05
-1.3398e-05
1.91309e-05
-1.50282e-05
1.63569e-05
-1.62708e-05
1.28216e-05
-1.71689e-05
8.74759e-06
-1.77491e-05
4.28137e-06
-1.80054e-05
-4.70434e-07
-1.78891e-05
-5.4041e-06
-1.73071e-05
-1.03773e-05
-1.61323e-05
-1.51601e-05
-1.42365e-05
-1.93785e-05
-1.15553e-05
-2.24621e-05
-8.19281e-06
-2.36201e-05
-4.55201e-06
-2.18961e-05
-1.43647e-06
-1.63749e-05
-6.65074e-06
-1.24995e-06
7.03883e-06
-3.80036e-06
1.65731e-05
-6.66675e-06
2.17637e-05
-9.27416e-06
2.35424e-05
-1.13882e-05
2.29263e-05
-1.29833e-05
2.07259e-05
-1.41371e-05
1.75106e-05
-1.49614e-05
1.3646e-05
-1.55603e-05
9.34654e-06
-1.60053e-05
4.7263e-06
-1.63185e-05
-1.57252e-07
-1.64609e-05
-5.26166e-06
-1.63235e-05
-1.05148e-05
-1.57275e-05
-1.5756e-05
-1.44468e-05
-2.06592e-05
-1.22726e-05
-2.46363e-05
-9.14459e-06
-2.67481e-05
-5.35751e-06
-2.56832e-05
-1.79408e-06
-1.99383e-05
-8.44482e-06
-1.56162e-06
8.60044e-06
-4.39599e-06
1.94074e-05
-7.19732e-06
2.4565e-05
-9.37367e-06
2.57188e-05
-1.08083e-05
2.4361e-05
-1.16183e-05
2.15359e-05
-1.20043e-05
1.78966e-05
-1.21709e-05
1.38125e-05
-1.22882e-05
9.46387e-06
-1.24749e-05
4.91303e-06
-1.27873e-05
1.55168e-07
-1.32076e-05
-4.84135e-06
-1.36285e-05
-1.00939e-05
-1.3838e-05
-1.55466e-05
-1.35181e-05
-2.0979e-05
-1.22882e-05
-2.58662e-05
-9.84062e-06
-2.91957e-05
-6.22249e-06
-2.93013e-05
-2.27021e-06
-2.38906e-05
-1.0715e-05
-2.05875e-06
1.06592e-05
-5.1572e-06
2.25059e-05
-7.58938e-06
2.69972e-05
-8.88482e-06
2.70142e-05
-9.17454e-06
2.46507e-05
-8.79e-06
2.11514e-05
-8.07994e-06
1.71866e-05
-7.33955e-06
1.30721e-05
-6.79276e-06
8.91709e-06
-6.59375e-06
4.71401e-06
-6.82923e-06
3.90647e-07
-7.51198e-06
-4.15859e-06
-8.56176e-06
-9.04411e-06
-9.77232e-06
-1.4336e-05
-1.07747e-05
-1.99766e-05
-1.10282e-05
-2.56127e-05
-9.91151e-06
-3.03124e-05
-7.03292e-06
-3.21799e-05
-2.90799e-06
-2.80156e-05
-1.3623e-05
-2.83542e-06
1.34946e-05
-5.99803e-06
2.56685e-05
-7.44221e-06
2.84413e-05
-7.15056e-06
2.67226e-05
-5.69392e-06
2.3194e-05
-3.67479e-06
1.91322e-05
-1.57624e-06
1.5088e-05
2.55671e-07
1.12402e-05
1.58546e-06
7.5873e-06
2.25632e-06
4.04315e-06
2.16934e-06
4.77623e-07
1.2795e-06
-3.26874e-06
-3.87251e-07
-7.37736e-06
-2.68911e-06
-1.20342e-05
-5.29326e-06
-1.73725e-05
-7.58695e-06
-2.3319e-05
-8.64802e-06
-2.92513e-05
-7.45158e-06
-3.33763e-05
-3.7102e-06
-3.17569e-05
-1.73332e-05
-3.8873e-06
1.73819e-05
-6.36848e-06
2.81497e-05
-5.64547e-06
2.77183e-05
-2.7767e-06
2.38538e-05
1.0526e-06
1.93647e-05
5.01549e-06
1.51693e-05
8.60011e-06
1.15034e-05
1.15102e-05
8.33007e-06
1.35764e-05
5.52113e-06
1.46931e-05
2.92643e-06
1.4782e-05
3.88733e-07
1.37769e-05
-2.26366e-06
1.16314e-05
-5.23177e-06
8.35911e-06
-8.76194e-06
4.12835e-06
-1.31417e-05
-5.71311e-07
-1.86193e-05
-4.70869e-06
-2.51139e-05
-6.58672e-06
-3.14983e-05
-4.46772e-06
-3.38759e-05
-2.18009e-05
-4.68839e-06
2.20703e-05
-4.299e-06
2.77603e-05
5.40506e-07
2.28788e-05
6.98882e-06
1.74055e-05
1.3431e-05
1.29225e-05
1.91419e-05
9.45854e-06
2.38323e-05
6.81296e-06
2.74152e-05
4.74721e-06
2.98802e-05
3.05609e-06
3.12277e-05
1.57889e-06
3.14343e-05
1.82208e-07
3.04355e-05
-1.26494e-06
2.81189e-05
-2.91513e-06
2.43377e-05
-4.98071e-06
1.89727e-05
-7.77676e-06
1.21041e-05
-1.17508e-05
4.38878e-06
-1.73986e-05
-2.27986e-06
-2.48297e-05
-4.31069e-06
-3.18451e-05
-2.61116e-05
-1.84099e-06
2.39113e-05
6.40715e-06
1.95122e-05
1.7224e-05
1.2062e-05
2.69438e-05
7.68567e-06
3.48192e-05
5.04712e-06
4.09184e-05
3.35928e-06
4.54845e-05
2.24686e-06
4.87547e-05
1.47703e-06
5.09081e-05
9.02749e-07
5.20541e-05
4.32862e-07
5.22296e-05
6.70366e-09
5.13961e-05
-4.31432e-07
4.94203e-05
-9.39382e-07
4.6052e-05
-1.61241e-06
4.08947e-05
-2.61944e-06
3.34273e-05
-4.28329e-06
2.32424e-05
-7.21378e-06
1.09021e-05
-1.24893e-05
2.76122e-07
-2.12192e-05
-2.58355e-05
2.39113e-05
4.34234e-05
5.54854e-05
6.31711e-05
6.82182e-05
7.15775e-05
7.38244e-05
7.53014e-05
7.62041e-05
7.6637e-05
7.66437e-05
7.62123e-05
7.52729e-05
7.36605e-05
7.1041e-05
6.67577e-05
5.9544e-05
4.70547e-05
2.58355e-05
)
;

boundaryField
{
    movingWall
    {
        type            calculated;
        value           uniform 0;
    }
    fixedWalls
    {
        type            calculated;
        value           uniform 0;
    }
    frontAndBack
    {
        type            empty;
        value           nonuniform List<scalar> 0();
    }
}


// ************************************************************************* //
