/*--------------------------------*- C++ -*----------------------------------*\
  =========                 |
  \\      /  F ield         | OpenFOAM: The Open Source CFD Toolbox
   \\    /   O peration     | Website:  https://openfoam.org
    \\  /    A nd           | Version:  8
     \\/     M anipulation  |
\*---------------------------------------------------------------------------*/
FoamFile
{
    version     2.0;
    format      ascii;
    class       volScalarField;
    location    "0.2";
    object      p;
}
// * * * * * * * * * * * * * * * * * * * * * * * * * * * * * * * * * * * * * //

dimensions      [0 2 -2 0 0 0 0];

internalField   nonuniform List<scalar> 
400
(
2.56082e-05
-0.0198032
-0.0434502
-0.0612257
-0.0678744
-0.0611591
-0.0408355
-0.00798099
0.0353466
0.0862133
0.140846
0.194748
0.243001
0.280796
0.304179
0.310948
0.30156
0.279885
0.253616
0.234009
0.0197608
-0.000759193
-0.0192297
-0.0313085
-0.0347839
-0.028138
-0.0110686
0.0157255
0.0507606
0.0918126
0.135938
0.179582
0.218841
0.24991
0.269698
0.276526
0.270809
0.255363
0.234627
0.214662
0.0448208
0.0164854
-0.00331242
-0.0141966
-0.0169729
-0.0110023
0.00380074
0.0268497
0.0570151
0.0925641
0.131097
0.169592
0.204608
0.232685
0.250882
0.257425
0.252353
0.237586
0.214872
0.186977
0.0660849
0.0273043
0.00300428
-0.00923357
-0.0128046
-0.00786521
0.00539174
0.0263832
0.0542113
0.0874864
0.12415
0.161428
0.195965
0.224175
0.242775
0.24945
0.243634
0.22649
0.197748
0.15841
0.0771138
0.0277465
-0.00180656
-0.0161889
-0.0210306
-0.0171409
-0.0049293
0.0150445
0.0421035
0.0751611
0.112424
0.15124
0.188144
0.219162
0.240339
0.248495
0.242219
0.221911
0.185615
0.133364
0.0729272
0.013428
-0.0214055
-0.0381045
-0.0442613
-0.0412071
-0.0294785
-0.00954869
0.0181655
0.0528989
0.0931158
0.136234
0.178566
0.215541
0.242228
0.254205
0.248884
0.225719
0.181103
0.114548
0.0492758
-0.0197818
-0.0596021
-0.0784333
-0.0856719
-0.0830849
-0.0712531
-0.0504779
-0.0208326
0.017321
0.0627774
0.113068
0.164251
0.211011
0.247134
0.266502
0.264835
0.240206
0.186986
0.104274
0.00218193
-0.0758673
-0.120166
-0.140651
-0.148498
-0.145893
-0.133402
-0.111058
-0.0784654
-0.0354255
0.0173598
0.077696
0.141483
0.202611
0.253298
0.285184
0.291556
0.268302
0.206851
0.105608
-0.0723177
-0.15888
-0.206956
-0.228283
-0.235968
-0.23269
-0.218987
-0.194528
-0.158282
-0.109264
-0.0473871
0.0257336
0.106103
0.186925
0.258668
0.310124
0.331155
0.31417
0.245976
0.123472
-0.178335
-0.273105
-0.323935
-0.34472
-0.350923
-0.345938
-0.330316
-0.303282
-0.262977
-0.207334
-0.135089
-0.0468135
0.0540809
0.160474
0.261118
0.341432
0.386643
0.383794
0.312325
0.165921
-0.320408
-0.423338
-0.475204
-0.49292
-0.495235
-0.486679
-0.467937
-0.437718
-0.393116
-0.330635
-0.247361
-0.142208
-0.0172892
0.120659
0.259112
0.379895
0.46238
0.485741
0.417861
0.245898
-0.504229
-0.615497
-0.665123
-0.675023
-0.669026
-0.653484
-0.629376
-0.594795
-0.545528
-0.476263
-0.381908
-0.259017
-0.107479
0.0674582
0.253034
0.427942
0.564869
0.632225
0.580388
0.383969
-0.738454
-0.857848
-0.898564
-0.891811
-0.869664
-0.841195
-0.807737
-0.766529
-0.711672
-0.6356
-0.530514
-0.389892
-0.210372
0.0057351
0.247216
0.491215
0.704007
0.840587
0.826249
0.612906
-1.03898
-1.16332
-1.18115
-1.1418
-1.09045
-1.03957
-0.990456
-0.938861
-0.876575
-0.793221
-0.677781
-0.52004
-0.312421
-0.0526901
0.251966
0.580256
0.894435
1.13505
1.19435
0.986001
-1.43857
-1.55342
-1.51882
-1.41931
-1.31865
-1.23183
-1.15847
-1.09143
-1.01908
-0.92748
-0.801875
-0.6279
-0.393033
-0.0890253
0.283859
0.710685
1.15545
1.54736
1.74097
1.59113
-2.00618
-2.06357
-1.9158
-1.71132
-1.53324
-1.39365
-1.28656
-1.19912
-1.11447
-1.01396
-0.878623
-0.689647
-0.429126
-0.0816538
0.36232
0.900402
1.50821
2.11404
2.54136
2.56752
-2.88547
-2.74785
-2.37152
-1.99646
-1.70568
-1.49575
-1.34757
-1.2377
-1.14108
-1.03316
-0.890221
-0.688869
-0.405572
-0.0167976
0.499782
1.16156
1.96903
2.86909
3.6883
4.13162
-4.42741
-3.67551
-2.85361
-2.22761
-1.79153
-1.50163
-1.31483
-1.18934
-1.0884
-0.980524
-0.837411
-0.63154
-0.3341
0.0873258
0.671208
1.46359
2.50727
3.80618
5.3069
6.7344
-7.61621
-4.86951
-3.12867
-2.19849
-1.64614
-1.31678
-1.1312
-1.0244
-0.947321
-0.863586
-0.74293
-0.556346
-0.272791
0.146409
0.754895
1.63351
2.89543
4.70312
7.47952
11.4343
-13.5243
-6.02361
-2.71939
-1.59218
-1.09143
-0.847821
-0.752792
-0.729085
-0.724113
-0.703548
-0.640735
-0.510634
-0.28514
0.0711425
0.612523
1.43748
2.74203
4.98898
9.62627
18.4709
)
;

boundaryField
{
    movingWall
    {
        type            zeroGradient;
    }
    fixedWalls
    {
        type            zeroGradient;
    }
    frontAndBack
    {
        type            empty;
    }
}


// ************************************************************************* //
