/*--------------------------------*- C++ -*----------------------------------*\
  =========                 |
  \\      /  F ield         | OpenFOAM: The Open Source CFD Toolbox
   \\    /   O peration     | Website:  https://openfoam.org
    \\  /    A nd           | Version:  8
     \\/     M anipulation  |
\*---------------------------------------------------------------------------*/
FoamFile
{
    version     2.0;
    format      ascii;
    class       volScalarField;
    location    "0.5";
    object      p;
}
// * * * * * * * * * * * * * * * * * * * * * * * * * * * * * * * * * * * * * //

dimensions      [0 2 -2 0 0 0 0];

internalField   nonuniform List<scalar> 
400
(
1.05128e-05
-0.0186718
-0.0409844
-0.0577696
-0.0640335
-0.057644
-0.0383781
-0.00728504
0.033649
0.081617
0.133044
0.183707
0.229016
0.264501
0.286498
0.292958
0.284288
0.264064
0.239442
0.220967
0.018571
-0.000747175
-0.0181764
-0.0295894
-0.0328606
-0.0265401
-0.0103502
0.015022
0.0481379
0.0868659
0.128414
0.169444
0.206311
0.235484
0.2541
0.260602
0.255363
0.240982
0.221555
0.202732
0.0421944
0.0155222
-0.00316647
-0.013463
-0.0160743
-0.010378
0.00369719
0.0255662
0.0541199
0.0876845
0.123977
0.160155
0.193015
0.21935
0.23645
0.242672
0.238046
0.224324
0.203058
0.176774
0.0623326
0.0258145
0.00286238
-0.00872149
-0.0120694
-0.00730718
0.00536796
0.025363
0.0517738
0.0832367
0.11778
0.152792
0.185153
0.211554
0.228978
0.235296
0.229978
0.214063
0.187181
0.150164
0.0729746
0.0264541
-0.00147853
-0.0150877
-0.0195975
-0.0157507
-0.00395949
0.0151874
0.0409735
0.0723009
0.107432
0.143862
0.178374
0.207312
0.227057
0.234697
0.228934
0.210091
0.176192
0.127109
0.0694868
0.0133597
-0.0195876
-0.0353681
-0.0410464
-0.0378623
-0.0263649
-0.00708535
0.0194768
0.0524984
0.0904603
0.130911
0.170424
0.204803
0.229552
0.240645
0.235718
0.214224
0.172619
0.110233
0.0479139
-0.0173236
-0.0550152
-0.0727662
-0.0793416
-0.0764029
-0.0645638
-0.0442248
-0.0155982
0.0208345
0.0638298
0.111017
0.158723
0.202073
0.235414
0.253201
0.251554
0.228674
0.179121
0.101777
0.00452863
-0.0693412
-0.1113
-0.130529
-0.137485
-0.13424
-0.121424
-0.0992227
-0.06745
-0.0261116
0.0239721
0.0806443
0.14006
0.196608
0.243224
0.272352
0.277948
0.256251
0.1991
0.104671
-0.0644315
-0.146547
-0.192107
-0.211991
-0.218508
-0.214222
-0.199766
-0.175027
-0.139276
-0.0918391
-0.0328676
0.0359591
0.110844
0.185524
0.251345
0.298206
0.317016
0.300912
0.237514
0.123543
-0.162939
-0.253077
-0.301256
-0.320415
-0.325141
-0.318696
-0.301765
-0.273863
-0.23354
-0.179179
-0.109915
-0.0265455
0.0675943
0.165891
0.258114
0.331135
0.371744
0.36831
0.301784
0.165876
-0.29546
-0.393634
-0.442776
-0.458736
-0.459279
-0.44877
-0.428053
-0.396201
-0.350843
-0.289099
-0.20866
-0.108894
0.00795115
0.135524
0.262379
0.372143
0.446388
0.466493
0.402996
0.243613
-0.46767
-0.574071
-0.621026
-0.629208
-0.621275
-0.603339
-0.576549
-0.539441
-0.488467
-0.419127
-0.327179
-0.209921
-0.0676842
0.0944147
0.264615
0.423664
0.547145
0.606857
0.557588
0.375628
-0.688184
-0.802571
-0.840942
-0.832898
-0.808987
-0.777907
-0.74116
-0.69651
-0.638875
-0.561709
-0.458335
-0.323316
-0.154118
0.0466848
0.268594
0.490839
0.683193
0.805457
0.789811
0.591904
-0.972638
-1.09183
-1.10825
-1.06881
-1.01651
-0.963267
-0.910551
-0.854755
-0.788664
-0.703147
-0.588599
-0.436236
-0.239742
0.0023458
0.283048
0.582839
0.867732
1.0845
1.1354
0.94117
-1.35285
-1.46274
-1.42902
-1.332
-1.23225
-1.14403
-1.06725
-0.995608
-0.918684
-0.824035
-0.698618
-0.529834
-0.306844
-0.0227117
0.321811
0.712811
1.11766
1.47278
1.64602
1.50398
-1.89499
-1.94933
-1.80763
-1.6105
-1.43662
-1.29754
-1.18786
-1.0959
-1.00631
-0.902274
-0.766815
-0.583187
-0.335546
-0.0103178
0.400781
0.895249
1.45086
2.00299
2.39083
2.40878
-2.73574
-2.60293
-2.24369
-1.88416
-1.60267
-1.39614
-1.24684
-1.13298
-1.03151
-0.920073
-0.777207
-0.581881
-0.312966
0.0507411
0.529471
1.13907
1.88015
2.70492
3.45513
3.85678
-4.20734
-3.48862
-2.70599
-2.10784
-1.68787
-1.40504
-1.21879
-1.08994
-0.984345
-0.873111
-0.730472
-0.531512
-0.250133
0.143209
0.683889
1.41455
2.375
3.57008
4.95308
6.26852
-7.23876
-4.62804
-2.97387
-2.08631
-1.55547
-1.23508
-1.05001
-0.938949
-0.85617
-0.768158
-0.647322
-0.467374
-0.200129
0.189741
0.751754
1.56099
2.72243
4.38831
6.95954
10.6382
-12.8194
-5.73139
-2.59935
-1.52183
-1.03842
-0.799209
-0.699922
-0.66745
-0.652822
-0.624522
-0.558409
-0.432014
-0.220095
0.109459
0.606612
1.36279
2.55966
4.62943
8.94123
17.2187
)
;

boundaryField
{
    movingWall
    {
        type            zeroGradient;
    }
    fixedWalls
    {
        type            zeroGradient;
    }
    frontAndBack
    {
        type            empty;
    }
}


// ************************************************************************* //
