/*--------------------------------*- C++ -*----------------------------------*\
  =========                 |
  \\      /  F ield         | OpenFOAM: The Open Source CFD Toolbox
   \\    /   O peration     | Website:  https://openfoam.org
    \\  /    A nd           | Version:  8
     \\/     M anipulation  |
\*---------------------------------------------------------------------------*/
FoamFile
{
    version     2.0;
    format      ascii;
    class       surfaceScalarField;
    location    "0.5";
    object      phi;
}
// * * * * * * * * * * * * * * * * * * * * * * * * * * * * * * * * * * * * * //

dimensions      [0 3 -1 0 0 0 0];

internalField   nonuniform List<scalar> 
760
(
4.21071e-08
-4.21953e-08
-7.96795e-08
1.21786e-07
-3.74514e-07
2.94835e-07
-7.87683e-07
4.13169e-07
-1.25859e-06
4.70901e-07
-1.73242e-06
4.73834e-07
-2.16247e-06
4.3005e-07
-2.50994e-06
3.47474e-07
-2.74347e-06
2.33525e-07
-2.83956e-06
9.60928e-08
-2.7844e-06
-5.51618e-08
-2.57657e-06
-2.07829e-07
-2.23e-06
-3.46569e-07
-1.77607e-06
-4.53938e-07
-1.26371e-06
-5.12353e-07
-7.56563e-07
-5.0715e-07
-3.26e-07
-4.30562e-07
-3.99097e-08
-2.86089e-07
5.70561e-08
-9.69644e-08
5.70562e-08
-1.18063e-07
7.5868e-08
-5.95898e-07
5.9962e-07
-1.40781e-06
1.10675e-06
-2.45321e-06
1.45857e-06
-3.61093e-06
1.62861e-06
-4.76183e-06
1.62474e-06
-5.7986e-06
1.46682e-06
-6.62962e-06
1.1785e-06
-7.18109e-06
7.84985e-07
-7.39962e-06
3.14627e-07
-7.25647e-06
-1.98308e-07
-6.75269e-06
-7.11609e-07
-5.92411e-06
-1.17515e-06
-4.84417e-06
-1.53389e-06
-3.62236e-06
-1.73416e-06
-2.39623e-06
-1.73328e-06
-1.31503e-06
-1.51176e-06
-5.14627e-07
-1.0865e-06
-8.24009e-08
-5.29192e-07
-2.53434e-08
-3.08614e-07
3.84481e-07
-1.16975e-06
1.46076e-06
-2.4734e-06
2.41039e-06
-4.06924e-06
3.05441e-06
-5.79222e-06
3.3516e-06
-7.48131e-06
3.31382e-06
-8.99011e-06
2.97562e-06
-1.01927e-05
2.38105e-06
-1.09874e-05
1.57971e-06
-1.13014e-05
6.28618e-07
-1.1096e-05
-4.03673e-07
-1.03734e-05
-1.4342e-06
-9.18251e-06
-2.36607e-06
-7.62223e-06
-3.09417e-06
-5.83955e-06
-3.51683e-06
-4.01931e-06
-3.55352e-06
-2.36393e-06
-3.16715e-06
-1.06325e-06
-2.38717e-06
-2.57283e-07
-1.33516e-06
-2.82625e-07
-4.82373e-07
8.66854e-07
-1.71343e-06
2.69181e-06
-3.48638e-06
4.18334e-06
-5.59036e-06
5.1584e-06
-7.81797e-06
5.57921e-06
-9.97537e-06
5.47122e-06
-1.18891e-05
4.8894e-06
-1.34107e-05
3.90265e-06
-1.44201e-05
2.58908e-06
-1.48303e-05
1.0388e-06
-1.45935e-05
-6.40478e-07
-1.37085e-05
-2.31921e-06
-1.2228e-05
-3.84659e-06
-1.02637e-05
-5.05847e-06
-7.98626e-06
-5.79425e-06
-5.61653e-06
-5.92325e-06
-3.40545e-06
-5.37823e-06
-1.60292e-06
-4.1897e-06
-4.20389e-07
-2.51769e-06
-7.03014e-07
-6.38564e-07
1.50542e-06
-2.21734e-06
4.27059e-06
-4.43522e-06
6.40122e-06
-7.01687e-06
7.74004e-06
-9.71232e-06
8.27467e-06
-1.22994e-05
8.05825e-06
-1.45847e-05
7.17473e-06
-1.64046e-05
5.7226e-06
-1.76265e-05
3.81093e-06
-1.81518e-05
1.56407e-06
-1.79219e-05
-8.70293e-07
-1.69266e-05
-3.31458e-06
-1.52127e-05
-5.56049e-06
-1.28935e-05
-7.37759e-06
-1.01535e-05
-8.53429e-06
-7.24407e-06
-8.83267e-06
-4.46738e-06
-8.15492e-06
-2.14503e-06
-6.51206e-06
-5.76694e-07
-4.08603e-06
-1.27971e-06
-7.82e-07
2.28742e-06
-2.68737e-06
6.17596e-06
-5.32597e-06
9.03983e-06
-8.3582e-06
1.07723e-05
-1.14926e-05
1.14091e-05
-1.44823e-05
1.10479e-05
-1.71196e-05
9.81204e-06
-1.92316e-05
7.83459e-06
-2.06773e-05
5.25666e-06
-2.13483e-05
2.23507e-06
-2.1173e-05
-1.04564e-06
-2.0125e-05
-4.36256e-06
-1.82356e-05
-7.44988e-06
-1.56078e-05
-1.00054e-05
-1.24288e-05
-1.17132e-05
-8.97571e-06
-1.22858e-05
-5.60537e-06
-1.15253e-05
-2.72471e-06
-9.39272e-06
-7.40854e-07
-6.06988e-06
-2.02056e-06
-9.17044e-07
3.20446e-06
-3.13093e-06
8.38985e-06
-6.16569e-06
1.20746e-05
-9.61876e-06
1.42253e-05
-1.31598e-05
1.49501e-05
-1.65219e-05
1.441e-05
-1.94892e-05
1.27794e-05
-2.18861e-05
1.02315e-05
-2.35685e-05
6.93905e-06
-2.44203e-05
3.08681e-06
-2.4355e-05
-1.1109e-06
-2.33243e-05
-5.39327e-06
-2.13326e-05
-9.44162e-06
-1.8458e-05
-1.288e-05
-1.48764e-05
-1.52949e-05
-1.08798e-05
-1.62823e-05
-6.88009e-06
-1.5525e-05
-3.38325e-06
-1.28896e-05
-9.29294e-07
-8.52384e-06
-2.94986e-06
-1.04705e-06
4.25151e-06
-3.55394e-06
1.08967e-05
-6.9575e-06
1.54781e-05
-1.07926e-05
1.80604e-05
-1.46936e-05
1.88512e-05
-1.83805e-05
1.80969e-05
-2.1638e-05
1.60369e-05
-2.42963e-05
1.28898e-05
-2.62159e-05
8.85864e-06
-2.7278e-05
4.14886e-06
-2.73822e-05
-1.00666e-06
-2.64533e-05
-6.32217e-06
-2.44576e-05
-1.14373e-05
-2.14311e-05
-1.59065e-05
-1.75164e-05
-1.92096e-05
-1.30015e-05
-2.07972e-05
-8.34449e-06
-2.0182e-05
-4.16155e-06
-1.70725e-05
-1.15881e-06
-1.15266e-05
-4.10866e-06
-1.17523e-06
5.42673e-06
-3.96186e-06
1.36834e-05
-7.70113e-06
1.92174e-05
-1.18631e-05
2.22223e-05
-1.6052e-05
2.30401e-05
-1.99842e-05
2.20291e-05
-2.34572e-05
1.95098e-05
-2.63198e-05
1.57525e-05
-2.84488e-05
1.09875e-05
-2.97316e-05
5.43176e-06
-3.00594e-05
-6.78867e-07
-2.93289e-05
-7.05274e-06
-2.74586e-05
-1.33076e-05
-2.44223e-05
-1.89428e-05
-2.03002e-05
-2.33317e-05
-1.53436e-05
-2.57538e-05
-1.00328e-05
-2.54927e-05
-5.09643e-06
-2.20089e-05
-1.44663e-06
-1.51764e-05
-5.55529e-06
-1.3071e-06
6.73384e-06
-4.36439e-06
1.67407e-05
-8.39796e-06
2.3251e-05
-1.28071e-05
2.66315e-05
-1.71728e-05
2.74059e-05
-2.12224e-05
2.60787e-05
-2.47832e-05
2.30706e-05
-2.77404e-05
1.87097e-05
-3.00033e-05
1.32505e-05
-3.14809e-05
6.90935e-06
-3.20664e-05
-9.3406e-08
-3.16335e-05
-7.4856e-06
-3.00483e-05
-1.48928e-05
-2.7203e-05
-2.17881e-05
-2.30794e-05
-2.74553e-05
-1.78423e-05
-3.09909e-05
-1.19474e-05
-3.13877e-05
-6.2176e-06
-2.77386e-05
-1.81158e-06
-1.95824e-05
-7.36687e-06
-1.45468e-06
8.18852e-06
-4.7833e-06
2.00693e-05
-9.05868e-06
2.75263e-05
-1.35996e-05
3.11724e-05
-1.79757e-05
3.1782e-05
-2.19472e-05
3.00501e-05
-2.53952e-05
2.65186e-05
-2.82644e-05
2.15789e-05
-3.05185e-05
1.55046e-05
-3.21076e-05
8.49841e-06
-3.29452e-05
7.44167e-07
-3.28956e-05
-7.53514e-06
-3.17763e-05
-1.60121e-05
-2.93848e-05
-2.41796e-05
-2.55664e-05
-3.12737e-05
-2.0334e-05
-3.62233e-05
-1.4039e-05
-3.76828e-05
-7.54301e-06
-3.42346e-05
-2.27609e-06
-2.48493e-05
-9.64296e-06
-1.64339e-06
9.83191e-06
-5.2631e-06
2.3689e-05
-9.71093e-06
3.19742e-05
-1.4215e-05
3.56764e-05
-1.83577e-05
3.59247e-05
-2.19659e-05
3.36584e-05
-2.50079e-05
2.95606e-05
-2.75162e-05
2.40872e-05
-2.95336e-05
1.7522e-05
-3.10748e-05
1.00396e-05
-3.20975e-05
1.7669e-06
-3.24797e-05
-7.15301e-06
-3.20072e-05
-1.64846e-05
-3.03843e-05
-2.58024e-05
-2.72899e-05
-3.43682e-05
-2.25105e-05
-4.10027e-05
-1.61757e-05
-4.40176e-05
-9.06906e-06
-4.13412e-05
-2.86931e-06
-3.10491e-05
-1.25123e-05
-1.92326e-06
1.17552e-05
-5.88295e-06
2.76487e-05
-1.03994e-05
3.64906e-05
-1.46127e-05
3.98898e-05
-1.81682e-05
3.94802e-05
-2.10139e-05
3.65041e-05
-2.32483e-05
3.1795e-05
-2.5023e-05
2.58619e-05
-2.64839e-05
1.89829e-05
-2.77325e-05
1.12882e-05
-2.87953e-05
2.82968e-06
-2.95941e-05
-6.35421e-06
-2.99166e-05
-1.61621e-05
-2.93989e-05
-2.63201e-05
-2.75483e-05
-3.62188e-05
-2.38595e-05
-4.46914e-05
-1.80928e-05
-4.97843e-05
-1.07499e-05
-4.86841e-05
-3.6309e-06
-3.8168e-05
-1.61432e-05
-2.38634e-06
1.41415e-05
-6.7625e-06
3.20248e-05
-1.11593e-05
4.08874e-05
-1.46808e-05
4.34113e-05
-1.71375e-05
4.19368e-05
-1.86819e-05
3.80485e-05
-1.95948e-05
3.27079e-05
-2.01746e-05
2.64418e-05
-2.06841e-05
1.94925e-05
-2.13226e-05
1.19266e-05
-2.22027e-05
3.7098e-06
-2.33207e-05
-5.23622e-06
-2.45127e-05
-1.49701e-05
-2.54025e-05
-2.54302e-05
-2.53677e-05
-3.62536e-05
-2.35892e-05
-4.64699e-05
-1.93102e-05
-5.40633e-05
-1.24505e-05
-5.55439e-05
-4.61171e-06
-4.60068e-05
-2.07549e-05
-3.18738e-06
1.73289e-05
-8.03374e-06
3.68712e-05
-1.19119e-05
4.47656e-05
-1.40796e-05
4.5579e-05
-1.47047e-05
4.2562e-05
-1.4258e-05
3.76017e-05
-1.32505e-05
3.17004e-05
-1.21354e-05
2.53267e-05
-1.12817e-05
1.86387e-05
-1.09728e-05
1.16177e-05
-1.14045e-05
4.14153e-06
-1.26654e-05
-3.97531e-06
-1.46897e-05
-1.29458e-05
-1.71753e-05
-2.29447e-05
-1.94768e-05
-3.39521e-05
-2.05334e-05
-4.54133e-05
-1.89942e-05
-5.56025e-05
-1.38366e-05
-6.07015e-05
-5.85115e-06
-5.39923e-05
-2.6606e-05
-4.53447e-06
2.18634e-05
-9.68109e-06
4.20178e-05
-1.21556e-05
4.724e-05
-1.18707e-05
4.52942e-05
-9.66293e-06
4.03542e-05
-6.43169e-06
3.43705e-05
-2.92139e-06
2.81901e-05
3.03856e-07
2.21014e-05
2.82574e-06
1.61168e-05
4.32791e-06
1.01156e-05
4.56835e-06
3.90109e-06
3.37605e-06
-2.78301e-06
6.8519e-07
-1.0255e-05
-3.37448e-06
-1.8885e-05
-8.31032e-06
-2.90163e-05
-1.30365e-05
-4.06871e-05
-1.57212e-05
-5.29178e-05
-1.41159e-05
-6.23068e-05
-7.26375e-06
-6.08445e-05
-3.38698e-05
-6.52481e-06
2.83882e-05
-1.09568e-05
4.64498e-05
-1.01579e-05
4.64411e-05
-5.73456e-06
4.08709e-05
4.72006e-07
3.41476e-05
7.15795e-06
2.76846e-05
1.34776e-05
2.18705e-05
1.88981e-05
1.66809e-05
2.30723e-05
1.19427e-05
2.57471e-05
7.4408e-06
2.6706e-05
2.94217e-06
2.57418e-05
-1.81878e-06
2.26623e-05
-7.17549e-06
1.73527e-05
-1.35754e-05
9.94708e-06
-2.16106e-05
1.17738e-06
-3.19174e-05
-7.09985e-06
-4.46406e-05
-1.15141e-05
-5.78925e-05
-8.30615e-06
-6.40525e-05
-4.21759e-05
-8.44506e-06
3.68332e-05
-8.59669e-06
4.66014e-05
-1.08131e-06
3.89257e-05
9.45215e-06
3.03374e-05
2.0353e-05
2.32468e-05
3.03907e-05
1.76469e-05
3.90088e-05
1.32523e-05
4.59689e-05
9.72086e-06
5.11642e-05
6.7474e-06
5.45166e-05
4.08832e-06
5.59188e-05
1.53998e-06
5.51984e-05
-1.09835e-06
5.20932e-05
-4.07031e-06
4.62521e-05
-7.73431e-06
3.73125e-05
-1.2671e-05
2.51965e-05
-1.98013e-05
1.08721e-05
-3.03163e-05
-2.24069e-06
-4.47797e-05
-7.22093e-06
-5.90722e-05
-4.93968e-05
-4.49349e-06
4.13267e-05
8.69421e-06
3.34137e-05
2.67638e-05
2.08562e-05
4.33974e-05
1.37038e-05
5.72962e-05
9.34794e-06
6.84746e-05
6.46856e-06
7.72195e-05
4.50737e-06
8.3831e-05
3.10936e-06
8.854e-05
2.03837e-06
9.14834e-05
1.14487e-06
9.26947e-05
3.28776e-07
9.20929e-05
-4.9663e-07
8.94442e-05
-1.42154e-06
8.43058e-05
-2.59593e-06
7.59353e-05
-4.30053e-06
6.32605e-05
-7.12653e-06
4.52603e-05
-1.23161e-05
2.26063e-05
-2.21257e-05
2.12905e-06
-3.85949e-05
-4.72678e-05
4.13267e-05
7.47404e-05
9.55966e-05
0.0001093
0.000118648
0.000125117
0.000129624
0.000132734
0.000134772
0.000135917
0.000136246
0.000135749
0.000134327
0.000131732
0.000127431
0.000120304
0.000107988
8.58627e-05
4.72678e-05
)
;

boundaryField
{
    movingWall
    {
        type            calculated;
        value           uniform 0;
    }
    fixedWalls
    {
        type            calculated;
        value           uniform 0;
    }
    frontAndBack
    {
        type            empty;
        value           nonuniform List<scalar> 0();
    }
}


// ************************************************************************* //
