/*--------------------------------*- C++ -*----------------------------------*\
  =========                 |
  \\      /  F ield         | OpenFOAM: The Open Source CFD Toolbox
   \\    /   O peration     | Website:  https://openfoam.org
    \\  /    A nd           | Version:  8
     \\/     M anipulation  |
\*---------------------------------------------------------------------------*/
FoamFile
{
    version     2.0;
    format      ascii;
    class       volVectorField;
    location    "0.5";
    object      U;
}
// * * * * * * * * * * * * * * * * * * * * * * * * * * * * * * * * * * * * * //

dimensions      [0 1 -1 0 0 0 0];

internalField   nonuniform List<vector> 
400
(
(0.000776063 -0.000773196 0)
(0.000322625 0.000402002 0)
(-0.00396129 0.00181151 0)
(-0.0112686 0.00277731 0)
(-0.0203453 0.00325539 0)
(-0.0300092 0.00331468 0)
(-0.0392351 0.00303219 0)
(-0.0471644 0.00247266 0)
(-0.053093 0.00168843 0)
(-0.056467 0.000730773 0)
(-0.0569043 -0.000336474 0)
(-0.0542422 -0.00142675 0)
(-0.0485972 -0.00242718 0)
(-0.0404196 -0.00320386 0)
(-0.0305206 -0.00361634 0)
(-0.0200483 -0.00354125 0)
(-0.0103929 -0.00290422 0)
(-0.00300394 -0.00171814 0)
(0.000896631 -0.000179242 0)
(0.000923537 0.000897796 0)
(-0.000336693 -0.000400892 0)
(-0.00545228 0.00545562 0)
(-0.0186412 0.0115923 0)
(-0.037804 0.0158881 0)
(-0.0604152 0.0180107 0)
(-0.0840393 0.0180988 0)
(-0.106391 0.0164179 0)
(-0.125463 0.0132541 0)
(-0.139589 0.0088924 0)
(-0.14748 0.00364387 0)
(-0.148296 -0.00211292 0)
(-0.141736 -0.00790105 0)
(-0.128152 -0.0131415 0)
(-0.108634 -0.0171862 0)
(-0.0850352 -0.0193925 0)
(-0.0598825 -0.0192377 0)
(-0.0361289 -0.0164679 0)
(-0.0167283 -0.0112661 0)
(-0.00420913 -0.00454524 0)
(2.55534e-05 0.00100777 0)
(-0.00183411 0.00385716 0)
(-0.0123225 0.0187989 0)
(-0.0344931 0.0327515 0)
(-0.0643986 0.042413 0)
(-0.0984098 0.0470336 0)
(-0.133284 0.046775 0)
(-0.165932 0.0421546 0)
(-0.193603 0.0338224 0)
(-0.213999 0.0224958 0)
(-0.225354 0.00899344 0)
(-0.226524 -0.00569773 0)
(-0.217116 -0.020373 0)
(-0.19762 -0.0336162 0)
(-0.169511 -0.0438852 0)
(-0.135276 -0.0496885 0)
(-0.0983081 -0.0498518 0)
(-0.062574 -0.0438551 0)
(-0.0320801 -0.0321922 0)
(-0.0106077 -0.0168241 0)
(-0.00129435 -0.00236348 0)
(-0.00316634 0.0118221 0)
(-0.0187726 0.039861 0)
(-0.0496271 0.063751 0)
(-0.0896323 0.0797462 0)
(-0.133974 0.0869523 0)
(-0.178732 0.0856793 0)
(-0.220245 0.076784 0)
(-0.255264 0.0613713 0)
(-0.281081 0.0407003 0)
(-0.295601 0.0162276 0)
(-0.297448 -0.0102998 0)
(-0.286097 -0.0367767 0)
(-0.262036 -0.0607546 0)
(-0.226895 -0.0795827 0)
(-0.183519 -0.0906956 0)
(-0.135898 -0.0920531 0)
(-0.0888286 -0.0826917 0)
(-0.0473664 -0.0632881 0)
(-0.0168024 -0.036724 0)
(-0.00247076 -0.00915158 0)
(-0.00432439 0.0230836 0)
(-0.0246667 0.0680664 0)
(-0.0637606 0.103795 0)
(-0.113322 0.126765 0)
(-0.167306 0.136365 0)
(-0.221161 0.133304 0)
(-0.270777 0.118922 0)
(-0.312566 0.0948677 0)
(-0.343551 0.0630031 0)
(-0.3614 0.0254728 0)
(-0.364514 -0.0151649 0)
(-0.352163 -0.0558383 0)
(-0.324671 -0.092968 0)
(-0.283609 -0.122642 0)
(-0.231951 -0.141003 0)
(-0.174108 -0.144862 0)
(-0.115675 -0.132488 0)
(-0.0628967 -0.104413 0)
(-0.0228965 -0.0641418 0)
(-0.00353601 -0.0191 0)
(-0.00536698 0.0373308 0)
(-0.0301198 0.102998 0)
(-0.0769993 0.152476 0)
(-0.135598 0.183037 0)
(-0.198652 0.194804 0)
(-0.261019 0.189199 0)
(-0.31824 0.168237 0)
(-0.366513 0.134209 0)
(-0.4027 0.0896143 0)
(-0.424299 0.0372771 0)
(-0.429481 -0.0194573 0)
(-0.417224 -0.0765624 0)
(-0.387514 -0.12929 0)
(-0.341629 -0.172339 0)
(-0.28243 -0.200303 0)
(-0.214575 -0.208448 0)
(-0.144419 -0.193786 0)
(-0.0795742 -0.156207 0)
(-0.0293722 -0.0994653 0)
(-0.00462835 -0.0322005 0)
(-0.00634471 0.0543523 0)
(-0.0352635 0.144274 0)
(-0.0894987 0.209339 0)
(-0.156581 0.248057 0)
(-0.228065 0.261747 0)
(-0.298289 0.252898 0)
(-0.362561 0.224424 0)
(-0.416995 0.179361 0)
(-0.45842 0.120852 0)
(-0.484243 0.0523394 0)
(-0.49242 -0.0221455 0)
(-0.481552 -0.0977192 0)
(-0.451116 -0.168504 0)
(-0.401833 -0.227721 0)
(-0.336141 -0.268138 0)
(-0.258671 -0.282982 0)
(-0.176408 -0.267319 0)
(-0.0984551 -0.219677 0)
(-0.0368052 -0.143543 0)
(-0.005902 -0.0487684 0)
(-0.00729635 0.0740143 0)
(-0.0402077 0.191561 0)
(-0.101377 0.273874 0)
(-0.17627 0.321165 0)
(-0.255303 0.336448 0)
(-0.332404 0.32368 0)
(-0.402806 0.286929 0)
(-0.462726 0.230083 0)
(-0.509127 0.15691 0)
(-0.539458 0.0713518 0)
(-0.551525 -0.0220559 0)
(-0.543522 -0.117772 0)
(-0.514259 -0.208936 0)
(-0.463604 -0.287298 0)
(-0.393167 -0.343556 0)
(-0.307109 -0.368319 0)
(-0.212715 -0.353812 0)
(-0.120554 -0.296152 0)
(-0.0457937 -0.197721 0)
(-0.00751929 -0.0694572 0)
(-0.00826029 0.0962446 0)
(-0.0450645 0.244568 0)
(-0.11273 0.345491 0)
(-0.194546 0.401455 0)
(-0.279818 0.417772 0)
(-0.362223 0.400342 0)
(-0.437153 0.354683 0)
(-0.50118 0.285649 0)
(-0.551655 0.19759 0)
(-0.586285 0.0947797 0)
(-0.602875 -0.0180091 0)
(-0.599265 -0.134896 0)
(-0.573498 -0.248338 0)
(-0.524303 -0.348779 0)
(-0.451956 -0.424726 0)
(-0.359485 -0.463593 0)
(-0.25383 -0.453653 0)
(-0.146709 -0.387101 0)
(-0.0569428 -0.263806 0)
(-0.00966186 -0.0952635 0)
(-0.00930202 0.121048 0)
(-0.050026 0.303061 0)
(-0.123741 0.423457 0)
(-0.211265 0.487622 0)
(-0.300815 0.503953 0)
(-0.386056 0.480891 0)
(-0.46287 0.425751 0)
(-0.528547 0.344479 0)
(-0.581169 0.24195 0)
(-0.619019 0.122551 0)
(-0.640169 -0.00905251 0)
(-0.642278 -0.147087 0)
(-0.622649 -0.283818 0)
(-0.578644 -0.408797 0)
(-0.508656 -0.508469 0)
(-0.413694 -0.566624 0)
(-0.299271 -0.566323 0)
(-0.177433 -0.493757 0)
(-0.0708781 -0.343942 0)
(-0.0125576 -0.127545 0)
(-0.010563 0.148589 0)
(-0.0554984 0.366931 0)
(-0.134844 0.506854 0)
(-0.226394 0.577778 0)
(-0.317317 0.592304 0)
(-0.40166 0.562187 0)
(-0.476284 0.496944 0)
(-0.539671 0.403745 0)
(-0.591085 0.287901 0)
(-0.629801 0.153668 0)
(-0.654542 0.00519656 0)
(-0.663123 -0.15241 0)
(-0.652304 -0.311918 0)
(-0.618032 -0.462727 0)
(-0.556338 -0.589772 0)
(-0.465166 -0.673166 0)
(-0.347032 -0.689572 0)
(-0.212685 -0.616501 0)
(-0.088268 -0.440382 0)
(-0.0165266 -0.168073 0)
(-0.0123467 0.179382 0)
(-0.0623064 0.436351 0)
(-0.146926 0.594508 0)
(-0.240095 0.669184 0)
(-0.328122 0.678844 0)
(-0.406113 0.639536 0)
(-0.472616 0.56342 0)
(-0.527924 0.45897 0)
(-0.573006 0.331813 0)
(-0.608602 0.185796 0)
(-0.634559 0.024125 0)
(-0.649322 -0.14939 0)
(-0.649546 -0.328891 0)
(-0.630006 -0.504714 0)
(-0.584164 -0.661413 0)
(-0.505907 -0.776086 0)
(-0.392752 -0.818312 0)
(-0.251452 -0.753886 0)
(-0.109829 -0.555106 0)
(-0.0220565 -0.219144 0)
(-0.0152708 0.214675 0)
(-0.0719852 0.512002 0)
(-0.161485 0.684817 0)
(-0.252584 0.757811 0)
(-0.331382 0.757776 0)
(-0.395251 0.706223 0)
(-0.445445 0.618298 0)
(-0.484804 0.503727 0)
(-0.516526 0.368229 0)
(-0.543248 0.214934 0)
(-0.566391 0.0457064 0)
(-0.585578 -0.137532 0)
(-0.598024 -0.331219 0)
(-0.597983 -0.528008 0)
(-0.576673 -0.713859 0)
(-0.523369 -0.864594 0)
(-0.4285 -0.943216 0)
(-0.290976 -0.901151 0)
(-0.136249 -0.68909 0)
(-0.0299175 -0.283782 0)
(-0.0205258 0.257122 0)
(-0.0871304 0.595251 0)
(-0.180441 0.775188 0)
(-0.263244 0.83747 0)
(-0.323245 0.820706 0)
(-0.362163 0.752978 0)
(-0.385338 0.652412 0)
(-0.398904 0.52959 0)
(-0.408651 0.389891 0)
(-0.419316 0.235382 0)
(-0.434136 0.066273 0)
(-0.454366 -0.117814 0)
(-0.478552 -0.316372 0)
(-0.501518 -0.52579 0)
(-0.513364 -0.735756 0)
(-0.499221 -0.923884 0)
(-0.441023 -1.04921 0)
(-0.325283 -1.04801 0)
(-0.167789 -0.840861 0)
(-0.0412796 -0.36597 0)
(-0.0302263 0.311846 0)
(-0.111522 0.687869 0)
(-0.204816 0.860583 0)
(-0.267879 0.898234 0)
(-0.294413 0.855543 0)
(-0.293781 0.767545 0)
(-0.276934 0.654441 0)
(-0.253738 0.526633 0)
(-0.232457 0.388394 0)
(-0.219625 0.240303 0)
(-0.220074 0.080772 0)
(-0.236784 -0.0929417 0)
(-0.270266 -0.283675 0)
(-0.317275 -0.492555 0)
(-0.368867 -0.715382 0)
(-0.408167 -0.935817 0)
(-0.409198 -1.11444 0)
(-0.342324 -1.17578 0)
(-0.202819 -1.00373 0)
(-0.0575589 -0.470643 0)
(-0.0474392 0.388137 0)
(-0.148668 0.790187 0)
(-0.229812 0.930015 0)
(-0.2515 0.923669 0)
(-0.222606 0.845252 0)
(-0.164249 0.734796 0)
(-0.0937493 0.61198 0)
(-0.0240638 0.485018 0)
(0.0351781 0.355905 0)
(0.0767911 0.223295 0)
(0.0952798 0.0838911 0)
(0.0864647 -0.0669711 0)
(0.0477298 -0.234963 0)
(-0.0208388 -0.425932 0)
(-0.113984 -0.643296 0)
(-0.21704 -0.881271 0)
(-0.300387 -1.11046 0)
(-0.318429 -1.25414 0)
(-0.233394 -1.16129 0)
(-0.0789233 -0.603649 0)
(-0.0739852 0.502978 0)
(-0.194262 0.894594 0)
(-0.229933 0.957635 0)
(-0.171493 0.885275 0)
(-0.0580805 0.766258 0)
(0.0758597 0.637849 0)
(0.209097 0.514038 0)
(0.328568 0.397982 0)
(0.425959 0.288147 0)
(0.495593 0.181058 0)
(0.532976 0.072195 0)
(0.533944 -0.0439998 0)
(0.494401 -0.174547 0)
(0.410826 -0.328389 0)
(0.282293 -0.515855 0)
(0.115552 -0.744354 0)
(-0.0654938 -1.00434 0)
(-0.208653 -1.2376 0)
(-0.234867 -1.27962 0)
(-0.0986103 -0.772137 0)
(-0.0973112 0.678808 0)
(-0.208443 0.964749 0)
(-0.119986 0.886232 0)
(0.0763401 0.73737 0)
(0.299183 0.591107 0)
(0.512403 0.463965 0)
(0.700775 0.357425 0)
(0.857446 0.267515 0)
(0.979504 0.189021 0)
(1.06545 0.116997 0)
(1.11366 0.0467848 0)
(1.12147 -0.0265538 0)
(1.08462 -0.10916 0)
(0.996895 -0.209799 0)
(0.850525 -0.341558 0)
(0.639488 -0.522308 0)
(0.368068 -0.767985 0)
(0.0697339 -1.06497 0)
(-0.143734 -1.28715 0)
(-0.0842099 -0.964463 0)
(-0.00630564 0.843829 0)
(-0.000922454 0.881217 0)
(0.33687 0.642862 0)
(0.708138 0.457553 0)
(1.01862 0.328338 0)
(1.26853 0.236475 0)
(1.46662 0.170131 0)
(1.6193 0.120535 0)
(1.73184 0.0812393 0)
(1.80803 0.0477412 0)
(1.84966 0.0167229 0)
(1.85636 -0.0147407 0)
(1.82515 -0.0500911 0)
(1.74952 -0.0945292 0)
(1.61802 -0.157394 0)
(1.41284 -0.256298 0)
(1.10807 -0.422045 0)
(0.677328 -0.693159 0)
(0.214319 -1.04247 0)
(0.0995764 -1.02405 0)
(0.929366 0.455384 0)
(1.20476 0.402012 0)
(1.69008 0.249564 0)
(2.0609 0.151922 0)
(2.29363 0.094765 0)
(2.44709 0.0601159 0)
(2.55393 0.0385663 0)
(2.62859 0.0246234 0)
(2.67917 0.0149275 0)
(2.7105 0.00748848 0)
(2.72505 0.00109385 0)
(2.72351 -0.00511514 0)
(2.70484 -0.0120488 0)
(2.66576 -0.0210546 0)
(2.59893 -0.034862 0)
(2.48923 -0.0597049 0)
(2.30135 -0.110004 0)
(1.94984 -0.21527 0)
(1.39871 -0.40336 0)
(1.02266 -0.487641 0)
)
;

boundaryField
{
    movingWall
    {
        type            fixedValue;
        value           uniform (3.2 0 0);
    }
    fixedWalls
    {
        type            noSlip;
    }
    frontAndBack
    {
        type            empty;
    }
}


// ************************************************************************* //
