/*--------------------------------*- C++ -*----------------------------------*\
  =========                 |
  \\      /  F ield         | OpenFOAM: The Open Source CFD Toolbox
   \\    /   O peration     | Website:  https://openfoam.org
    \\  /    A nd           | Version:  8
     \\/     M anipulation  |
\*---------------------------------------------------------------------------*/
FoamFile
{
    version     2.0;
    format      ascii;
    class       volScalarField;
    location    "0.2";
    object      p;
}
// * * * * * * * * * * * * * * * * * * * * * * * * * * * * * * * * * * * * * //

dimensions      [0 2 -2 0 0 0 0];

internalField   nonuniform List<scalar> 
400
(
8.80476e-06
-0.0104759
-0.0231838
-0.0328184
-0.0363654
-0.0325077
-0.0211361
-0.00297628
0.0206575
0.048004
0.0769544
0.105161
0.130195
0.149769
0.162034
0.165945
0.161662
0.150951
0.137507
0.127069
0.0104221
-0.0003909
-0.0103268
-0.0169057
-0.0187447
-0.0149353
-0.00533972
0.00953981
0.0287273
0.0508682
0.074306
0.0971802
0.117566
0.133666
0.144052
0.147945
0.145506
0.137999
0.127427
0.116753
0.0238845
0.00893425
-0.00176517
-0.00775897
-0.00922589
-0.00572347
0.00275811
0.0157574
0.0324658
0.0517683
0.0722796
0.0924119
0.11049
0.124915
0.134373
0.138065
0.135983
0.12892
0.117402
0.102555
0.0357558
0.0152021
0.00198766
-0.00479775
-0.00664428
-0.0035273
0.00438423
0.0165775
0.0323045
0.0505739
0.0701397
0.0895323
0.107144
0.121371
0.130798
0.134428
0.131981
0.123842
0.109384
0.0886489
0.0428702
0.0165229
0.00034035
-0.00763118
-0.0100092
-0.00712454
0.000683456
0.0128298
0.0285881
0.047039
0.0670113
0.0870735
0.105587
0.120828
0.131154
0.13525
0.132495
0.122887
0.104819
0.0776355
0.0428545
0.0107859
-0.00843025
-0.0176118
-0.0203839
-0.0173852
-0.00910792
0.00378997
0.0205888
0.0404151
0.0621354
0.0843056
0.105188
0.122843
0.135294
0.140784
0.138255
0.127283
0.105334
0.0712581
0.0336692
-0.00404407
-0.0261791
-0.0363495
-0.0391521
-0.0355179
-0.0260815
-0.0115671
0.00731553
0.0297379
0.0545968
0.0804154
0.105315
0.127072
0.143258
0.151539
0.150267
0.138477
0.112597
0.0710257
0.0132829
-0.0300561
-0.0548566
-0.0655627
-0.0678039
-0.062832
-0.0514293
-0.0343761
-0.0123501
0.0138938
0.0433117
0.0744144
0.10518
0.133053
0.155055
0.1681
0.169735
0.158211
0.128604
0.0787327
-0.0205567
-0.0695849
-0.0966477
-0.107163
-0.107974
-0.100738
-0.0864128
-0.0658235
-0.0395753
-0.00828827
0.0271246
0.065232
0.103917
0.140295
0.170752
0.191254
0.198247
0.188802
0.156065
0.0969273
-0.0705144
-0.125387
-0.154061
-0.163241
-0.161338
-0.150578
-0.13215
-0.106914
-0.0753391
-0.0378131
0.00500336
0.0518678
0.100689
0.148326
0.190496
0.222031
0.237898
0.233403
0.198813
0.129417
-0.139937
-0.200884
-0.230025
-0.235994
-0.229407
-0.213329
-0.189266
-0.158089
-0.120043
-0.0751419
-0.0236176
0.0336803
0.094901
0.156829
0.214597
0.261772
0.291432
0.296316
0.26235
0.181952
-0.233381
-0.300579
-0.328029
-0.327596
-0.31321
-0.289169
-0.257387
-0.218696
-0.172971
-0.119662
-0.058334
0.0108374
0.0865681
0.16591
0.243679
0.312233
0.362408
0.383389
0.35461
0.263303
-0.35775
-0.430793
-0.452292
-0.439944
-0.412798
-0.376871
-0.334505
-0.286341
-0.231658
-0.169071
-0.0971828
-0.0151399
0.076786
0.176446
0.278901
0.375696
0.455355
0.502483
0.487086
0.387139
-0.524821
-0.600955
-0.607855
-0.574104
-0.526451
-0.472975
-0.416212
-0.356231
-0.291313
-0.218874
-0.136188
-0.0409574
0.0680875
0.190333
0.322025
0.454878
0.575693
0.663871
0.676545
0.575638
-0.756752
-0.825652
-0.80017
-0.729023
-0.649318
-0.570674
-0.494913
-0.420685
-0.34459
-0.262316
-0.1694
-0.0616651
0.064263
0.210186
0.374891
0.552112
0.72881
0.879982
0.947256
0.866252
-1.09642
-1.12703
-1.03361
-0.89941
-0.771684
-0.658757
-0.559463
-0.469354
-0.382214
-0.291303
-0.18997
-0.0718035
0.0691943
0.238147
0.438087
0.667698
0.918074
1.16364
1.33226
1.32155
-1.62684
-1.53595
-1.30889
-1.07441
-0.878758
-0.722334
-0.596711
-0.491323
-0.395403
-0.298962
-0.192785
-0.067997
0.0843518
0.27353
0.508793
0.797855
1.14229
1.52428
1.87261
2.0451
-2.54263
-2.0899
-1.60635
-1.22624
-0.944887
-0.740933
-0.592093
-0.477178
-0.378799
-0.283134
-0.178447
-0.0536108
0.103116
0.305584
0.571238
0.921847
1.37837
1.94885
2.62051
3.25914
-4.3749
-2.80339
-1.79939
-1.24174
-0.89123
-0.664004
-0.515569
-0.411156
-0.326639
-0.245561
-0.155196
-0.0437168
0.101648
0.297697
0.569397
0.955525
1.5094
2.31501
3.60789
5.51513
-7.60427
-3.49859
-1.63762
-0.953958
-0.624984
-0.444606
-0.345834
-0.286228
-0.240278
-0.193018
-0.133934
-0.053878
0.0578223
0.215716
0.444712
0.792258
1.34963
2.34782
4.57979
9.06016
)
;

boundaryField
{
    movingWall
    {
        type            zeroGradient;
    }
    fixedWalls
    {
        type            zeroGradient;
    }
    frontAndBack
    {
        type            empty;
    }
}


// ************************************************************************* //
