/*--------------------------------*- C++ -*----------------------------------*\
  =========                 |
  \\      /  F ield         | OpenFOAM: The Open Source CFD Toolbox
   \\    /   O peration     | Website:  https://openfoam.org
    \\  /    A nd           | Version:  8
     \\/     M anipulation  |
\*---------------------------------------------------------------------------*/
FoamFile
{
    version     2.0;
    format      ascii;
    class       surfaceScalarField;
    location    "0.2";
    object      phi;
}
// * * * * * * * * * * * * * * * * * * * * * * * * * * * * * * * * * * * * * //

dimensions      [0 3 -1 0 0 0 0];

internalField   nonuniform List<scalar> 
760
(
2.47867e-08
-2.48549e-08
-4.202e-08
6.68055e-08
-2.07814e-07
1.65794e-07
-4.42514e-07
2.347e-07
-7.11078e-07
2.68565e-07
-9.80923e-07
2.69844e-07
-1.22412e-06
2.43196e-07
-1.41802e-06
1.93899e-07
-1.54529e-06
1.27271e-07
-1.59407e-06
4.87875e-08
-1.55853e-06
-3.55482e-08
-1.43964e-06
-1.1888e-07
-1.24624e-06
-1.93408e-07
-9.95602e-07
-2.50634e-07
-7.13578e-07
-2.82025e-07
-4.33422e-07
-2.80156e-07
-1.92983e-07
-2.40438e-07
-2.96703e-08
-1.63312e-07
2.94966e-08
-5.91656e-08
2.9498e-08
-6.35068e-08
3.86537e-08
-3.28784e-07
3.32079e-07
-7.85227e-07
6.22237e-07
-1.37712e-06
8.26594e-07
-2.03449e-06
9.25934e-07
-2.68719e-06
9.22542e-07
-3.27196e-06
8.27974e-07
-3.73592e-06
6.57856e-07
-4.03822e-06
4.29574e-07
-4.15138e-06
1.61955e-07
-4.06275e-06
-1.24185e-07
-3.77613e-06
-4.05498e-07
-3.31339e-06
-6.56142e-07
-2.7152e-06
-8.4883e-07
-2.04007e-06
-9.57154e-07
-1.3608e-06
-9.59424e-07
-7.57115e-07
-8.44123e-07
-3.03749e-07
-6.16681e-07
-5.24193e-08
-3.10499e-07
-2.29205e-08
-1.68873e-07
2.07522e-07
-6.48204e-07
8.11412e-07
-1.38123e-06
1.35526e-06
-2.28399e-06
1.72935e-06
-3.26088e-06
1.90283e-06
-4.21715e-06
1.87881e-06
-5.06682e-06
1.67765e-06
-5.73745e-06
1.32849e-06
-6.17293e-06
8.65048e-07
-6.33557e-06
3.246e-07
-6.20822e-06
-2.51529e-07
-5.79638e-06
-8.17342e-07
-5.13002e-06
-1.32251e-06
-4.26436e-06
-1.71449e-06
-3.27849e-06
-1.94303e-06
-2.27051e-06
-1.9674e-06
-1.34833e-06
-1.7663e-06
-6.15507e-07
-1.3495e-06
-1.52957e-07
-7.73052e-07
-1.75877e-07
-2.64983e-07
4.72505e-07
-9.51929e-07
1.49836e-06
-1.95067e-06
2.35401e-06
-3.14231e-06
2.92098e-06
-4.40584e-06
3.16637e-06
-5.62663e-06
3.0996e-06
-6.70262e-06
2.75364e-06
-7.54844e-06
2.1743e-06
-8.09803e-06
1.41465e-06
-8.30684e-06
5.33409e-07
-8.15397e-06
-4.04398e-07
-7.64464e-06
-1.32667e-06
-6.81246e-06
-2.15468e-06
-5.72082e-06
-2.80613e-06
-4.46207e-06
-3.20177e-06
-3.15328e-06
-3.27619e-06
-1.92717e-06
-2.99242e-06
-9.18224e-07
-2.35844e-06
-2.45797e-07
-1.44548e-06
-4.21673e-07
-3.52212e-07
8.24719e-07
-1.23713e-06
2.38328e-06
-2.49168e-06
3.60855e-06
-3.95869e-06
4.38799e-06
-5.49073e-06
4.69841e-06
-6.95507e-06
4.56394e-06
-8.23724e-06
4.03581e-06
-9.24312e-06
3.18018e-06
-9.90023e-06
2.07176e-06
-1.01591e-05
7.92247e-07
-9.99491e-06
-5.68546e-07
-9.41044e-06
-1.91114e-06
-8.43876e-06
-3.12637e-06
-7.14618e-06
-4.09871e-06
-5.63344e-06
-4.71452e-06
-4.03346e-06
-4.87616e-06
-2.50421e-06
-4.52167e-06
-1.21575e-06
-3.6469e-06
-3.33173e-07
-2.32806e-06
-7.54846e-07
-4.34419e-07
1.25914e-06
-1.5104e-06
3.45926e-06
-3.01316e-06
5.11131e-06
-4.74573e-06
6.12057e-06
-6.53364e-06
6.48632e-06
-8.22739e-06
6.25768e-06
-9.70287e-06
5.51129e-06
-1.08605e-05
4.33786e-06
-1.16244e-05
2.83559e-06
-1.19414e-05
1.10927e-06
-1.17827e-05
-7.2728e-07
-1.11458e-05
-2.54801e-06
-1.00592e-05
-4.21302e-06
-8.58682e-06
-5.57105e-06
-6.83308e-06
-6.46826e-06
-4.94411e-06
-6.76513e-06
-3.10413e-06
-6.36165e-06
-1.52398e-06
-5.22705e-06
-4.22078e-07
-3.42996e-06
-1.17692e-06
-5.15378e-07
1.77451e-06
-1.77956e-06
4.72345e-06
-3.52496e-06
6.8567e-06
-5.51339e-06
8.109e-06
-7.54339e-06
8.51632e-06
-9.45069e-06
8.16498e-06
-1.1105e-05
7.16557e-06
-1.24051e-05
5.63801e-06
-1.32748e-05
3.70527e-06
-1.36595e-05
1.49396e-06
-1.35258e-05
-8.6093e-07
-1.28639e-05
-3.2099e-06
-1.16927e-05
-5.38428e-06
-1.00676e-05
-7.19608e-06
-8.09034e-06
-8.44556e-06
-5.91572e-06
-8.93975e-06
-3.75386e-06
-8.52351e-06
-1.86149e-06
-7.11943e-06
-5.20127e-07
-4.77132e-06
-1.69705e-06
-5.98374e-07
2.37289e-06
-2.05161e-06
6.17669e-06
-4.03447e-06
8.83956e-06
-6.26509e-06
1.03396e-05
-8.51577e-06
1.0767e-05
-1.0611e-05
1.02602e-05
-1.24194e-05
8.97395e-06
-1.38437e-05
7.06234e-06
-1.48121e-05
4.67366e-06
-1.52716e-05
1.95341e-06
-1.5185e-05
-9.47456e-07
-1.45329e-05
-3.86199e-06
-1.33194e-05
-6.59781e-06
-1.15836e-05
-8.9319e-06
-9.41484e-06
-1.06143e-05
-6.96853e-06
-1.13861e-05
-4.47686e-06
-1.10152e-05
-2.24645e-06
-9.34984e-06
-6.34886e-07
-6.38289e-06
-2.33194e-06
-6.86588e-07
3.05947e-06
-2.33292e-06
7.82302e-06
-4.54604e-06
1.10527e-05
-6.99614e-06
1.27897e-05
-9.43115e-06
1.3202e-05
-1.16703e-05
1.24993e-05
-1.35888e-05
1.08925e-05
-1.51015e-05
8.57509e-06
-1.61481e-05
5.72022e-06
-1.6682e-05
2.48732e-06
-1.66649e-05
-9.64577e-07
-1.60662e-05
-4.46069e-06
-1.48699e-05
-7.79413e-06
-1.30887e-05
-1.0713e-05
-1.07866e-05
-1.29165e-05
-8.10514e-06
-1.40675e-05
-5.28893e-06
-1.38314e-05
-2.6953e-06
-1.19435e-05
-7.74006e-07
-8.30418e-06
-3.10594e-06
-7.84311e-07
3.84379e-06
-2.63115e-06
9.66986e-06
-5.06223e-06
1.34838e-05
-7.69346e-06
1.5421e-05
-1.02523e-05
1.57608e-05
-1.25623e-05
1.48094e-05
-1.45174e-05
1.28476e-05
-1.60557e-05
1.01134e-05
-1.71382e-05
6.80272e-06
-1.77325e-05
3.08162e-06
-1.78033e-05
-8.93775e-07
-1.73097e-05
-4.95435e-06
-1.62106e-05
-8.89319e-06
-1.44816e-05
-1.24421e-05
-1.2143e-05
-1.5255e-05
-9.30134e-06
-1.69092e-05
-6.19386e-06
-1.69389e-05
-3.22229e-06
-1.4915e-05
-9.45998e-07
-1.05805e-05
-4.05194e-06
-8.99099e-07
4.74289e-06
-2.95868e-06
1.17294e-05
-5.58591e-06
1.6111e-05
-8.33472e-06
1.81698e-05
-1.09205e-05
1.83466e-05
-1.31871e-05
1.70759e-05
-1.50638e-05
1.47243e-05
-1.65276e-05
1.15772e-05
-1.75733e-05
7.84845e-06
-1.81926e-05
3.70086e-06
-1.83601e-05
-7.26226e-07
-1.80278e-05
-5.28661e-06
-1.71276e-05
-9.79345e-06
-1.55868e-05
-1.39829e-05
-1.33618e-05
-1.748e-05
-1.0493e-05
-1.97781e-05
-7.17688e-06
-2.02549e-05
-3.83894e-06
-1.8253e-05
-1.16167e-06
-1.32577e-05
-5.21361e-06
-1.04534e-06
5.78823e-06
-3.33699e-06
1.40211e-05
-6.12105e-06
1.8895e-05
-8.88373e-06
2.09324e-05
-1.13466e-05
2.08095e-05
-1.33991e-05
1.91283e-05
-1.50294e-05
1.63546e-05
-1.62721e-05
1.282e-05
-1.71702e-05
8.74653e-06
-1.77504e-05
4.28103e-06
-1.80066e-05
-4.70046e-07
-1.78902e-05
-5.40301e-06
-1.7308e-05
-1.03756e-05
-1.6133e-05
-1.51579e-05
-1.4237e-05
-1.9376e-05
-1.15556e-05
-2.24594e-05
-8.19299e-06
-2.36175e-05
-4.55208e-06
-2.18939e-05
-1.43649e-06
-1.63733e-05
-6.6501e-06
-1.25009e-06
7.03831e-06
-3.80076e-06
1.65718e-05
-6.66749e-06
2.17618e-05
-9.27525e-06
2.35402e-05
-1.13896e-05
2.29239e-05
-1.2985e-05
2.07237e-05
-1.4139e-05
1.75086e-05
-1.49635e-05
1.36444e-05
-1.55625e-05
9.34555e-06
-1.60074e-05
4.72594e-06
-1.63205e-05
-1.56963e-07
-1.64627e-05
-5.26075e-06
-1.63251e-05
-1.05133e-05
-1.57288e-05
-1.57541e-05
-1.44478e-05
-2.0657e-05
-1.22733e-05
-2.4634e-05
-9.14499e-06
-2.67458e-05
-5.35769e-06
-2.56812e-05
-1.79413e-06
-1.99369e-05
-8.44424e-06
-1.56177e-06
8.60008e-06
-4.39647e-06
1.94065e-05
-7.19821e-06
2.45635e-05
-9.37499e-06
2.5717e-05
-1.08101e-05
2.4359e-05
-1.16204e-05
2.1534e-05
-1.20067e-05
1.78949e-05
-1.21734e-05
1.38112e-05
-1.22909e-05
9.463e-06
-1.24776e-05
4.91268e-06
-1.279e-05
1.55361e-07
-1.32101e-05
-4.84063e-06
-1.36307e-05
-1.00927e-05
-1.38397e-05
-1.55451e-05
-1.35195e-05
-2.09772e-05
-1.22892e-05
-2.58642e-05
-9.84122e-06
-2.91938e-05
-6.22278e-06
-2.92996e-05
-2.27029e-06
-2.38894e-05
-1.07145e-05
-2.05891e-06
1.0659e-05
-5.15769e-06
2.25052e-05
-7.59029e-06
2.69961e-05
-8.8862e-06
2.70129e-05
-9.17637e-06
2.46492e-05
-8.79224e-06
2.11499e-05
-8.08253e-06
1.71852e-05
-7.34239e-06
1.3071e-05
-6.79576e-06
8.91637e-06
-6.59678e-06
4.7137e-06
-6.83218e-06
3.90763e-07
-7.51475e-06
-4.15807e-06
-8.56423e-06
-9.04324e-06
-9.77441e-06
-1.43349e-05
-1.07763e-05
-1.99753e-05
-1.10293e-05
-2.56112e-05
-9.91226e-06
-3.03109e-05
-7.03329e-06
-3.21786e-05
-2.90809e-06
-2.80146e-05
-1.36226e-05
-2.83555e-06
1.34945e-05
-5.99846e-06
2.56682e-05
-7.44303e-06
2.84407e-05
-7.15182e-06
2.67217e-05
-5.69563e-06
2.3193e-05
-3.67692e-06
1.91312e-05
-1.57874e-06
1.5087e-05
2.52887e-07
1.12394e-05
1.58249e-06
7.58676e-06
2.25328e-06
4.04291e-06
2.16636e-06
4.77687e-07
1.27668e-06
-3.26839e-06
-3.89787e-07
-7.37676e-06
-2.69128e-06
-1.20334e-05
-5.295e-06
-1.73716e-05
-7.58823e-06
-2.3318e-05
-8.64884e-06
-2.92503e-05
-7.45199e-06
-3.33754e-05
-3.71033e-06
-3.17563e-05
-1.73329e-05
-3.88739e-06
1.73819e-05
-6.36879e-06
2.81496e-05
-5.64608e-06
2.7718e-05
-2.77769e-06
2.38533e-05
1.05121e-06
1.93641e-05
5.0137e-06
1.51687e-05
8.59796e-06
1.15028e-05
1.15078e-05
8.32956e-06
1.35738e-05
5.52078e-06
1.46904e-05
2.92627e-06
1.47793e-05
3.8877e-07
1.37744e-05
-2.26345e-06
1.1629e-05
-5.23141e-06
8.35712e-06
-8.76146e-06
4.12674e-06
-1.31412e-05
-5.72509e-07
-1.86188e-05
-4.70947e-06
-2.51133e-05
-6.58712e-06
-3.14978e-05
-4.46784e-06
-3.38755e-05
-2.18008e-05
-4.68842e-06
2.20703e-05
-4.29914e-06
2.77603e-05
5.4015e-07
2.28787e-05
6.98818e-06
1.74052e-05
1.34301e-05
1.29222e-05
1.91406e-05
9.4582e-06
2.38307e-05
6.81265e-06
2.74133e-05
4.74695e-06
2.98782e-05
3.05592e-06
3.12256e-05
1.57882e-06
3.14322e-05
1.82233e-07
3.04335e-05
-1.26483e-06
2.81171e-05
-2.91495e-06
2.43361e-05
-4.98049e-06
1.89714e-05
-7.77651e-06
1.21032e-05
-1.17505e-05
4.38815e-06
-1.73983e-05
-2.28019e-06
-2.48294e-05
-4.31079e-06
-3.18449e-05
-2.61116e-05
-1.84097e-06
2.39113e-05
6.40714e-06
1.95122e-05
1.72239e-05
1.2062e-05
2.69435e-05
7.6856e-06
3.48187e-05
5.04703e-06
4.09177e-05
3.35918e-06
4.54836e-05
2.24677e-06
4.87536e-05
1.47696e-06
5.09068e-05
9.02704e-07
5.20528e-05
4.32848e-07
5.22283e-05
6.71874e-09
5.13948e-05
-4.31394e-07
4.94192e-05
-9.39327e-07
4.60511e-05
-1.61235e-06
4.0894e-05
-2.61938e-06
3.34267e-05
-4.28323e-06
2.32421e-05
-7.21372e-06
1.09019e-05
-1.24893e-05
2.76064e-07
-2.12191e-05
-2.58355e-05
2.39113e-05
4.34235e-05
5.54855e-05
6.31711e-05
6.82181e-05
7.15773e-05
7.3824e-05
7.5301e-05
7.62037e-05
7.66365e-05
7.66433e-05
7.62119e-05
7.52725e-05
7.36602e-05
7.10408e-05
6.67576e-05
5.95439e-05
4.70546e-05
2.58355e-05
)
;

boundaryField
{
    movingWall
    {
        type            calculated;
        value           uniform 0;
    }
    fixedWalls
    {
        type            calculated;
        value           uniform 0;
    }
    frontAndBack
    {
        type            empty;
        value           nonuniform List<scalar> 0();
    }
}


// ************************************************************************* //
