/*--------------------------------*- C++ -*----------------------------------*\
  =========                 |
  \\      /  F ield         | OpenFOAM: The Open Source CFD Toolbox
   \\    /   O peration     | Website:  https://openfoam.org
    \\  /    A nd           | Version:  8
     \\/     M anipulation  |
\*---------------------------------------------------------------------------*/
FoamFile
{
    version     2.0;
    format      ascii;
    class       volVectorField;
    location    "0.2";
    object      U;
}
// * * * * * * * * * * * * * * * * * * * * * * * * * * * * * * * * * * * * * //

dimensions      [0 1 -1 0 0 0 0];

internalField   nonuniform List<vector> 
400
(
(0.000447716 -0.000443692 0)
(0.00022334 0.000211686 0)
(-0.00216491 0.00101816 0)
(-0.0062981 0.00158135 0)
(-0.0114683 0.00186203 0)
(-0.0169803 0.00189181 0)
(-0.0222203 0.00171493 0)
(-0.0266787 0.00137483 0)
(-0.0299539 0.000910831 0)
(-0.0317522 0.000360838 0)
(-0.0318935 -0.000234147 0)
(-0.0303261 -0.000826248 0)
(-0.0271454 -0.00135899 0)
(-0.0226117 -0.00176837 0)
(-0.01716 -0.00198722 0)
(-0.0113911 -0.00195345 0)
(-0.00603404 -0.00162339 0)
(-0.00186968 -0.000990884 0)
(0.000402632 -0.000142767 0)
(0.000494306 0.000482828 0)
(-0.000159488 -0.000271764 0)
(-0.00296654 0.00300495 0)
(-0.0103396 0.00651535 0)
(-0.0211559 0.00901196 0)
(-0.0339858 0.0102525 0)
(-0.0474024 0.0102871 0)
(-0.0600536 0.00926912 0)
(-0.0707639 0.0073885 0)
(-0.0785882 0.00484593 0)
(-0.0828371 0.0018529 0)
(-0.083102 -0.00135784 0)
(-0.0792875 -0.0045227 0)
(-0.0716453 -0.00734549 0)
(-0.0608012 -0.00950805 0)
(-0.0477578 -0.0106964 0)
(-0.0338549 -0.0106453 0)
(-0.0206561 -0.00920396 0)
(-0.00975354 -0.00642242 0)
(-0.00258126 -0.002725 0)
(-4.63895e-05 0.000460974 0)
(-0.000982292 0.00204654 0)
(-0.00677454 0.0104216 0)
(-0.0191821 0.0184062 0)
(-0.0360558 0.0240155 0)
(-0.0553313 0.0267121 0)
(-0.0751046 0.0265306 0)
(-0.0935526 0.0237732 0)
(-0.10907 0.0188695 0)
(-0.120359 0.0123101 0)
(-0.126472 0.00463345 0)
(-0.126852 -0.00356364 0)
(-0.121373 -0.0116145 0)
(-0.110383 -0.0187863 0)
(-0.0947356 -0.024311 0)
(-0.0757889 -0.0274525 0)
(-0.0553499 -0.0276143 0)
(-0.03552 -0.0244913 0)
(-0.0184462 -0.0182529 0)
(-0.00624434 -0.00981676 0)
(-0.000814131 -0.00158196 0)
(-0.00171186 0.00641234 0)
(-0.0103573 0.0221529 0)
(-0.0276629 0.0358411 0)
(-0.0502709 0.0451342 0)
(-0.0754229 0.0493392 0)
(-0.1008 0.0485454 0)
(-0.124233 0.0432612 0)
(-0.143825 0.0342182 0)
(-0.15805 0.0222703 0)
(-0.165793 0.00836592 0)
(-0.166389 -0.00644287 0)
(-0.15967 -0.0209874 0)
(-0.146016 -0.0339927 0)
(-0.126394 -0.0441306 0)
(-0.102376 -0.0501328 0)
(-0.0760895 -0.0509702 0)
(-0.0500658 -0.0460981 0)
(-0.0269817 -0.0357347 0)
(-0.00974999 -0.0211957 0)
(-0.00149532 -0.00558293 0)
(-0.00234961 0.0126064 0)
(-0.0136695 0.0379133 0)
(-0.0356938 0.0584268 0)
(-0.06381 0.0717897 0)
(-0.094517 0.0773819 0)
(-0.125091 0.0754929 0)
(-0.153075 0.0669321 0)
(-0.176369 0.0527993 0)
(-0.193298 0.034361 0)
(-0.202638 0.0130172 0)
(-0.203635 -0.00968564 0)
(-0.196059 -0.0320338 0)
(-0.180251 -0.0521551 0)
(-0.157197 -0.068087 0)
(-0.128568 -0.077929 0)
(-0.0967303 -0.0800931 0)
(-0.0646082 -0.0736442 0)
(-0.0354599 -0.0586799 0)
(-0.0131292 -0.0367251 0)
(-0.00210483 -0.0113711 0)
(-0.00293823 0.0204843 0)
(-0.0168176 0.0575451 0)
(-0.0434225 0.0860314 0)
(-0.0768773 0.103831 0)
(-0.112912 0.110641 0)
(-0.148403 0.10714 0)
(-0.180652 0.0945685 0)
(-0.207418 0.0744719 0)
(-0.226949 0.0485711 0)
(-0.237955 0.0187329 0)
(-0.239611 -0.012999 0)
(-0.231587 -0.0443611 0)
(-0.214124 -0.0728604 0)
(-0.188119 -0.0958397 0)
(-0.155244 -0.110654 0)
(-0.118013 -0.114985 0)
(-0.0797251 -0.107285 0)
(-0.0442818 -0.0872865 0)
(-0.0166054 -0.0565015 0)
(-0.00271071 -0.0188982 0)
(-0.00351768 0.0299828 0)
(-0.0199235 0.080956 0)
(-0.0510333 0.118543 0)
(-0.0896777 0.141099 0)
(-0.1308 0.148905 0)
(-0.170896 0.143249 0)
(-0.207086 0.125958 0)
(-0.237068 0.0991133 0)
(-0.259085 0.0649223 0)
(-0.271838 0.0257076 0)
(-0.274449 -0.0160244 0)
(-0.266467 -0.0574974 0)
(-0.247952 -0.0956109 0)
(-0.219604 -0.126974 0)
(-0.182956 -0.148077 0)
(-0.140555 -0.155657 0)
(-0.0960133 -0.147256 0)
(-0.053918 -0.121905 0)
(-0.0204414 -0.0808218 0)
(-0.00338592 -0.0282685 0)
(-0.00412238 0.0411104 0)
(-0.0230988 0.108128 0)
(-0.0586881 0.155862 0)
(-0.102339 0.18338 0)
(-0.148186 0.19185 0)
(-0.192396 0.183439 0)
(-0.231996 0.160744 0)
(-0.264738 0.126481 0)
(-0.288965 0.0833617 0)
(-0.303455 0.0341242 0)
(-0.307315 -0.0183406 0)
(-0.299961 -0.0708317 0)
(-0.281198 -0.119706 0)
(-0.251393 -0.160839 0)
(-0.211758 -0.18975 0)
(-0.164682 -0.201983 0)
(-0.11395 -0.193784 0)
(-0.0648174 -0.163017 0)
(-0.0249042 -0.1102 0)
(-0.00420417 -0.0397409 0)
(-0.00478719 0.0539383 0)
(-0.0264543 0.139112 0)
(-0.0665239 0.197877 0)
(-0.11489 0.230335 0)
(-0.164852 0.238935 0)
(-0.212334 0.227055 0)
(-0.254424 0.198284 0)
(-0.289089 0.156075 0)
(-0.314934 0.103646 0)
(-0.330933 0.0440748 0)
(-0.336258 -0.0194932 0)
(-0.330205 -0.0835854 0)
(-0.312262 -0.144154 0)
(-0.282307 -0.196407 0)
(-0.24099 -0.234833 0)
(-0.19025 -0.253525 0)
(-0.133772 -0.246954 0)
(-0.0773567 -0.211173 0)
(-0.0302611 -0.145355 0)
(-0.00524566 -0.0537269 0)
(-0.00556201 0.068608 0)
(-0.0301369 0.174023 0)
(-0.0746901 0.244413 0)
(-0.127274 0.281391 0)
(-0.180326 0.28924 0)
(-0.229691 0.27298 0)
(-0.272747 0.237454 0)
(-0.307918 0.186956 0)
(-0.334286 0.125188 0)
(-0.351202 0.0554468 0)
(-0.358022 -0.0190546 0)
(-0.353981 -0.0948021 0)
(-0.33821 -0.167575 0)
(-0.309947 -0.232094 0)
(-0.268992 -0.281846 0)
(-0.216415 -0.309259 0)
(-0.155346 -0.306472 0)
(-0.0918007 -0.266834 0)
(-0.0367965 -0.187156 0)
(-0.0066111 -0.0707983 0)
(-0.00653846 0.0853713 0)
(-0.0343954 0.213053 0)
(-0.0834125 0.295155 0)
(-0.139361 0.335583 0)
(-0.193837 0.341258 0)
(-0.24289 0.319405 0)
(-0.284538 0.276425 0)
(-0.317998 0.217541 0)
(-0.343105 0.146877 0)
(-0.359813 0.0677798 0)
(-0.367836 -0.0167217 0)
(-0.366453 -0.103382 0)
(-0.35446 -0.188154 0)
(-0.330339 -0.265596 0)
(-0.29273 -0.328394 0)
(-0.24131 -0.367218 0)
(-0.177954 -0.371305 0)
(-0.108242 -0.330133 0)
(-0.044842 -0.236558 0)
(-0.00844688 -0.0917177 0)
(-0.00789716 0.104689 0)
(-0.0396812 0.25652 0)
(-0.0930577 0.349548 0)
(-0.150914 0.391326 0)
(-0.204167 0.392611 0)
(-0.249579 0.363554 0)
(-0.286332 0.31242 0)
(-0.314854 0.2454 0)
(-0.336067 0.166907 0)
(-0.35077 0.0801108 0)
(-0.359235 -0.0124499 0)
(-0.360948 -0.108177 0)
(-0.354475 -0.203652 0)
(-0.337521 -0.293775 0)
(-0.307322 -0.370877 0)
(-0.261584 -0.424047 0)
(-0.199964 -0.439176 0)
(-0.12647 -0.400478 0)
(-0.0548154 -0.29447 0)
(-0.0109887 -0.11751 0)
(-0.00999191 0.127429 0)
(-0.0467868 0.304913 0)
(-0.104139 0.406569 0)
(-0.161371 0.446038 0)
(-0.209263 0.439664 0)
(-0.246177 0.401363 0)
(-0.273183 0.34149 0)
(-0.292421 0.267099 0)
(-0.306203 0.182655 0)
(-0.316383 0.0908493 0)
(-0.323966 -0.0066 0)
(-0.328836 -0.108149 0)
(-0.329539 -0.211531 0)
(-0.323155 -0.312659 0)
(-0.305468 -0.404273 0)
(-0.271727 -0.4745 0)
(-0.218242 -0.505865 0)
(-0.145684 -0.47592 0)
(-0.0672482 -0.361511 0)
(-0.0146352 -0.149603 0)
(-0.0134896 0.155211 0)
(-0.0569939 0.358869 0)
(-0.117081 0.464243 0)
(-0.169177 0.495503 0)
(-0.205317 0.476991 0)
(-0.226927 0.427159 0)
(-0.237885 0.358381 0)
(-0.24249 0.278198 0)
(-0.244609 0.190708 0)
(-0.247197 0.0977664 0)
(-0.252052 -4.76675e-05 0)
(-0.259625 -0.10259 0)
(-0.268739 -0.209238 0)
(-0.276252 -0.317671 0)
(-0.276819 -0.422121 0)
(-0.263136 -0.511004 0)
(-0.227146 -0.564306 0)
(-0.163826 -0.552104 0)
(-0.082708 -0.437481 0)
(-0.0200481 -0.190038 0)
(-0.0195387 0.190934 0)
(-0.0720185 0.418773 0)
(-0.13125 0.518572 0)
(-0.170045 0.532844 0)
(-0.184802 0.496763 0)
(-0.18214 0.433501 0)
(-0.169634 0.35672 0)
(-0.153879 0.273602 0)
(-0.140086 0.187232 0)
(-0.132024 0.098235 0)
(-0.132108 0.00583767 0)
(-0.14139 -0.0913763 0)
(-0.159313 -0.194713 0)
(-0.183181 -0.304266 0)
(-0.207404 -0.417004 0)
(-0.222835 -0.523585 0)
(-0.216777 -0.603658 0)
(-0.176069 -0.620682 0)
(-0.101246 -0.52016 0)
(-0.0281709 -0.241669 0)
(-0.0296696 0.239572 0)
(-0.0928819 0.483366 0)
(-0.141869 0.561317 0)
(-0.152902 0.546992 0)
(-0.132651 0.488281 0)
(-0.0952465 0.411564 0)
(-0.0521082 0.329867 0)
(-0.0114297 0.248557 0)
(0.0211262 0.168873 0)
(0.0417583 0.0898839 0)
(0.0479725 0.00947412 0)
(0.0383073 -0.0751574 0)
(0.0124401 -0.167108 0)
(-0.0282209 -0.269087 0)
(-0.079348 -0.381831 0)
(-0.131896 -0.500628 0)
(-0.170036 -0.608704 0)
(-0.171417 -0.667052 0)
(-0.12028 -0.602988 0)
(-0.0396561 -0.308409 0)
(-0.0442034 0.309923 0)
(-0.115102 0.545701 0)
(-0.131632 0.575084 0)
(-0.0913263 0.520139 0)
(-0.0197564 0.437837 0)
(0.0612792 0.352404 0)
(0.138609 0.272704 0)
(0.204637 0.200431 0)
(0.255051 0.134262 0)
(0.287324 0.0716975 0)
(0.299738 0.00967092 0)
(0.290876 -0.055368 0)
(0.259521 -0.127549 0)
(0.205063 -0.211577 0)
(0.12874 -0.312046 0)
(0.0362308 -0.430796 0)
(-0.0580237 -0.559865 0)
(-0.125918 -0.66715 0)
(-0.128718 -0.670525 0)
(-0.0521377 -0.396004 0)
(-0.0539759 0.411808 0)
(-0.112832 0.581189 0)
(-0.0507935 0.52573 0)
(0.0721072 0.426927 0)
(0.206086 0.331804 0)
(0.329726 0.251186 0)
(0.434573 0.18553 0)
(0.517568 0.131767 0)
(0.5781 0.086209 0)
(0.616293 0.0454622 0)
(0.632037 0.00639288 0)
(0.624516 -0.0342291 0)
(0.59196 -0.0802187 0)
(0.531633 -0.136595 0)
(0.440451 -0.210103 0)
(0.317096 -0.308699 0)
(0.166529 -0.437368 0)
(0.00979437 -0.585121 0)
(-0.0927081 -0.686491 0)
(-0.0500484 -0.503513 0)
(0.00767263 0.494972 0)
(0.0216506 0.518122 0)
(0.227089 0.373801 0)
(0.446956 0.258867 0)
(0.625547 0.179292 0)
(0.76442 0.124211 0)
(0.870115 0.0856447 0)
(0.94772 0.0576718 0)
(1.00139 0.0361126 0)
(1.03408 0.0181136 0)
(1.04729 0.00156991 0)
(1.04104 -0.0153936 0)
(1.0137 -0.0349987 0)
(0.961509 -0.0604925 0)
(0.878112 -0.0973027 0)
(0.754315 -0.154668 0)
(0.577506 -0.24698 0)
(0.337485 -0.39091 0)
(0.0906652 -0.571396 0)
(0.0412011 -0.55329 0)
(0.533056 0.260446 0)
(0.699833 0.228509 0)
(0.983899 0.138576 0)
(1.19446 0.0814559 0)
(1.32208 0.0488061 0)
(1.4033 0.029733 0)
(1.45767 0.0183202 0)
(1.49401 0.0111815 0)
(1.51728 0.00634994 0)
(1.53035 0.00270241 0)
(1.53466 -0.00044511 0)
(1.53054 -0.00359575 0)
(1.51721 -0.00733994 0)
(1.49245 -0.0125967 0)
(1.45159 -0.0211669 0)
(1.38548 -0.03682 0)
(1.27328 -0.0673589 0)
(1.0689 -0.127522 0)
(0.762693 -0.229488 0)
(0.562833 -0.271202 0)
)
;

boundaryField
{
    movingWall
    {
        type            fixedValue;
        value           uniform (1.8 0 0);
    }
    fixedWalls
    {
        type            noSlip;
    }
    frontAndBack
    {
        type            empty;
    }
}


// ************************************************************************* //
