/*--------------------------------*- C++ -*----------------------------------*\
  =========                 |
  \\      /  F ield         | OpenFOAM: The Open Source CFD Toolbox
   \\    /   O peration     | Website:  https://openfoam.org
    \\  /    A nd           | Version:  8
     \\/     M anipulation  |
\*---------------------------------------------------------------------------*/
FoamFile
{
    version     2.0;
    format      ascii;
    class       volScalarField;
    location    "0.4";
    object      p;
}
// * * * * * * * * * * * * * * * * * * * * * * * * * * * * * * * * * * * * * //

dimensions      [0 2 -2 0 0 0 0];

internalField   nonuniform List<scalar> 
400
(
1.22055e-05
-0.0221966
-0.0485871
-0.0684064
-0.0758906
-0.0685973
-0.046237
-0.00993109
0.0381354
0.0947853
0.155851
0.216281
0.270475
0.312912
0.339042
0.346347
0.335395
0.310684
0.28103
0.259146
0.0220874
-0.000903824
-0.0215142
-0.0349773
-0.0389218
-0.0316975
-0.0129496
0.0166114
0.0554243
0.101092
0.15037
0.199269
0.24334
0.278213
0.300317
0.307725
0.30094
0.28325
0.259818
0.23756
0.0500287
0.0182968
-0.00376648
-0.0158698
-0.019035
-0.0125946
0.00356987
0.0288828
0.0621903
0.101656
0.144654
0.187797
0.227157
0.258732
0.279107
0.286222
0.280151
0.263173
0.237472
0.206327
0.0735346
0.0301497
0.00311143
-0.0104742
-0.0145567
-0.00935986
0.00493882
0.0277944
0.058344
0.0951663
0.136042
0.177868
0.216803
0.248673
0.269629
0.276963
0.270038
0.250293
0.217707
0.173673
0.0852694
0.0301248
-0.00270576
-0.0186758
-0.0242636
-0.0204189
-0.00753448
0.0139126
0.043355
0.0797586
0.121239
0.164848
0.206611
0.241877
0.265973
0.275136
0.267726
0.244321
0.203062
0.144367
0.0795198
0.0132045
-0.0254282
-0.0440138
-0.0512421
-0.0486323
-0.0366796
-0.0157074
0.0140741
0.0520575
0.0967055
0.145186
0.193273
0.235598
0.266295
0.280088
0.273903
0.247212
0.196348
0.121272
0.0514228
-0.0253116
-0.0694023
-0.0904619
-0.0991915
-0.0975712
-0.0860936
-0.0648178
-0.0334847
0.00784131
0.0580805
0.114595
0.172896
0.226738
0.26869
0.291393
0.289691
0.261391
0.200549
0.10681
-0.0035061
-0.0898896
-0.138864
-0.161959
-0.171826
-0.170872
-0.159512
-0.137418
-0.103702
-0.0576806
0.000256648
0.0678929
0.140628
0.211303
0.270597
0.30838
0.316477
0.290005
0.219606
0.104298
-0.089616
-0.184959
-0.238044
-0.2624
-0.272752
-0.272009
-0.26048
-0.237338
-0.20086
-0.149333
-0.0820906
-0.000522079
0.0910263
0.184662
0.268974
0.33033
0.356272
0.337593
0.25944
0.119248
-0.211253
-0.315056
-0.371145
-0.395383
-0.404994
-0.403622
-0.391523
-0.367273
-0.328091
-0.270877
-0.193423
-0.0956948
0.0188468
0.142083
0.260613
0.356678
0.412038
0.410768
0.329117
0.160879
-0.373017
-0.485092
-0.542337
-0.563834
-0.570282
-0.566534
-0.552931
-0.527379
-0.485799
-0.423297
-0.335552
-0.220351
-0.0793492
0.0800421
0.243061
0.387632
0.488241
0.519114
0.442402
0.244236
-0.580521
-0.700997
-0.755875
-0.769551
-0.768155
-0.758522
-0.741277
-0.713564
-0.669721
-0.602632
-0.505256
-0.37236
-0.202659
-0.00145415
0.21651
0.425538
0.591922
0.676477
0.619945
0.39346
-0.842333
-0.971062
-1.01636
-1.0126
-0.994839
-0.97293
-0.94787
-0.915795
-0.869062
-0.797856
-0.69184
-0.541955
-0.342782
-0.0957595
0.186625
0.477161
0.734482
0.90286
0.892481
0.647264
-1.17466
-1.30851
-1.32907
-1.29037
-1.24188
-1.19727
-1.15749
-1.11698
-1.06544
-0.989757
-0.875769
-0.709956
-0.481728
-0.186844
0.167421
0.556232
0.933763
1.22678
1.30562
1.06871
-1.61191
-1.73588
-1.69954
-1.59559
-1.49419
-1.41189
-1.34777
-1.29305
-1.23352
-1.15196
-1.02987
-0.848857
-0.592479
-0.249299
0.181844
0.684166
1.21454
1.68646
1.92547
1.76126
-2.22816
-2.29117
-2.13154
-1.91307
-1.7278
-1.58918
-1.48995
-1.41504
-1.34434
-1.25529
-1.12455
-0.928645
-0.644946
-0.25379
0.257412
0.886815
1.60564
2.3269
2.84016
2.88671
-3.18063
-3.03388
-2.62418
-2.21908
-1.9112
-1.69687
-1.55385
-1.45569
-1.37312
-1.27691
-1.13834
-0.928762
-0.619206
-0.180901
0.413179
1.18385
2.13153
3.19168
4.15851
4.69291
-4.85722
-4.04179
-3.14327
-2.46318
-1.99681
-1.69529
-1.51054
-1.39567
-1.30844
-1.21192
-1.07222
-0.856053
-0.528542
-0.0509334
0.62194
1.54324
2.76201
4.27999
6.02926
7.69344
-8.35184
-5.34072
-3.43057
-2.41749
-1.82438
-1.4796
-1.29613
-1.2016
-1.14016
-1.06935
-0.953074
-0.756293
-0.441617
0.0369753
0.741939
1.7661
3.23964
5.3459
8.55064
13.0758
-14.9087
-6.5918
-2.94913
-1.72623
-1.19332
-0.943211
-0.85948
-0.856766
-0.875077
-0.874099
-0.821659
-0.686975
-0.435563
-0.0246838
0.609374
1.57984
3.11261
5.73303
11.044
21.0423
)
;

boundaryField
{
    movingWall
    {
        type            zeroGradient;
    }
    fixedWalls
    {
        type            zeroGradient;
    }
    frontAndBack
    {
        type            empty;
    }
}


// ************************************************************************* //
