/*--------------------------------*- C++ -*----------------------------------*\
  =========                 |
  \\      /  F ield         | OpenFOAM: The Open Source CFD Toolbox
   \\    /   O peration     | Website:  https://openfoam.org
    \\  /    A nd           | Version:  8
     \\/     M anipulation  |
\*---------------------------------------------------------------------------*/
FoamFile
{
    version     2.0;
    format      ascii;
    class       surfaceScalarField;
    location    "0.4";
    object      phi;
}
// * * * * * * * * * * * * * * * * * * * * * * * * * * * * * * * * * * * * * //

dimensions      [0 3 -1 0 0 0 0];

internalField   nonuniform List<scalar> 
760
(
4.92092e-08
-4.93125e-08
-9.66463e-08
1.45855e-07
-4.46674e-07
3.50027e-07
-9.35391e-07
4.88715e-07
-1.49167e-06
5.5628e-07
-2.05193e-06
5.60255e-07
-2.56202e-06
5.10097e-07
-2.97651e-06
4.14481e-07
-3.25773e-06
2.81223e-07
-3.37653e-06
1.18798e-07
-3.31475e-06
-6.17867e-08
-3.06912e-06
-2.45631e-07
-2.6554e-06
-4.1372e-07
-2.1113e-06
-5.44093e-07
-1.4967e-06
-6.14605e-07
-8.89587e-07
-6.0711e-07
-3.7692e-07
-5.12669e-07
-3.9937e-08
-3.36986e-07
7.03827e-08
-1.10323e-07
7.038e-08
-1.4248e-07
9.31655e-08
-7.1273e-07
7.16105e-07
-1.67716e-06
1.31446e-06
-2.9157e-06
1.72725e-06
-4.28601e-06
1.92659e-06
-5.64925e-06
1.9235e-06
-6.88029e-06
1.74113e-06
-7.87128e-06
1.40548e-06
-8.53373e-06
9.43677e-07
-8.80188e-06
3.8694e-07
-8.6384e-06
-2.2527e-07
-8.04172e-06
-8.42312e-07
-7.05307e-06
-1.40238e-06
-5.76052e-06
-1.83663e-06
-4.29727e-06
-2.07786e-06
-2.83107e-06
-2.0733e-06
-1.5432e-06
-1.80054e-06
-5.96391e-07
-1.2838e-06
-9.16873e-08
-6.15026e-07
-2.13102e-08
-3.70461e-07
4.63624e-07
-1.39757e-06
1.74321e-06
-2.94647e-06
2.86336e-06
-4.83822e-06
3.619e-06
-6.87915e-06
3.96751e-06
-8.88145e-06
3.9258e-06
-1.06742e-05
3.53385e-06
-1.21088e-05
2.84013e-06
-1.30636e-05
1.89846e-06
-1.34488e-05
7.72165e-07
-1.32145e-05
-4.59567e-07
-1.23595e-05
-1.69733e-06
-1.09398e-05
-2.82206e-06
-9.07375e-06
-3.70273e-06
-6.93943e-06
-4.21218e-06
-4.76207e-06
-4.25067e-06
-2.78775e-06
-3.77486e-06
-1.24485e-06
-2.82669e-06
-2.97228e-07
-1.56265e-06
-3.1854e-07
-5.7846e-07
1.04208e-06
-2.04583e-06
3.21058e-06
-4.15135e-06
4.96888e-06
-6.64481e-06
6.11247e-06
-9.28347e-06
6.60617e-06
-1.18417e-05
6.48404e-06
-1.41172e-05
5.80937e-06
-1.59349e-05
4.65779e-06
-1.71506e-05
3.11418e-06
-1.76572e-05
1.27872e-06
-1.73925e-05
-7.2424e-07
-1.63499e-05
-2.73988e-06
-1.45887e-05
-4.58333e-06
-1.22411e-05
-6.0503e-06
-9.51351e-06
-6.93977e-06
-6.6751e-06
-7.08908e-06
-4.03202e-06
-6.41793e-06
-1.88684e-06
-4.97187e-06
-4.89965e-07
-2.95952e-06
-8.08504e-07
-7.64815e-07
1.80689e-06
-2.64388e-06
5.08965e-06
-5.2741e-06
7.5991e-06
-8.33021e-06
9.16857e-06
-1.15209e-05
9.79684e-06
-1.45885e-05
9.55165e-06
-1.73082e-05
8.52906e-06
-1.94872e-05
6.83678e-06
-2.09659e-05
4.59292e-06
-2.16223e-05
1.93512e-06
-2.13797e-05
-9.6687e-07
-2.0218e-05
-3.90159e-06
-1.8187e-05
-6.6143e-06
-1.5419e-05
-8.81835e-06
-1.21355e-05
-1.02232e-05
-8.64357e-06
-1.0581e-05
-5.31362e-06
-9.74788e-06
-2.53814e-06
-7.74735e-06
-6.7621e-07
-4.82145e-06
-1.48471e-06
-9.34234e-07
2.74113e-06
-3.19584e-06
7.35126e-06
-6.31716e-06
1.07204e-05
-9.89932e-06
1.27507e-05
-1.36047e-05
1.35022e-05
-1.71486e-05
1.30955e-05
-2.02905e-05
1.1671e-05
-2.28271e-05
9.3734e-06
-2.45885e-05
6.35427e-06
-2.5439e-05
2.78567e-06
-2.52839e-05
-1.12201e-06
-2.40807e-05
-5.10475e-06
-2.18566e-05
-8.83843e-06
-1.87277e-05
-1.19473e-05
-1.49171e-05
-1.40338e-05
-1.07628e-05
-1.47353e-05
-6.70479e-06
-1.38059e-05
-3.24407e-06
-1.12081e-05
-8.7449e-07
-7.19103e-06
-2.3592e-06
-1.09076e-06
3.83189e-06
-3.70743e-06
9.96792e-06
-7.28386e-06
1.42968e-05
-1.13509e-05
1.68177e-05
-1.55285e-05
1.76799e-05
-1.95113e-05
1.70783e-05
-2.30506e-05
1.52103e-05
-2.59402e-05
1.2263e-05
-2.80058e-05
8.4198e-06
-2.91006e-05
3.88055e-06
-2.91094e-05
-1.11329e-06
-2.79589e-05
-6.25525e-06
-2.5639e-05
-1.11583e-05
-2.22309e-05
-1.53553e-05
-1.79398e-05
-1.83249e-05
-1.31209e-05
-1.95541e-05
-8.28411e-06
-1.86427e-05
-4.05795e-06
-1.54342e-05
-1.10581e-06
-1.01432e-05
-3.465e-06
-1.23721e-06
5.0691e-06
-4.18256e-06
1.29133e-05
-8.17306e-06
1.82873e-05
-1.26717e-05
2.13163e-05
-1.72616e-05
2.22698e-05
-2.16247e-05
2.14414e-05
-2.55146e-05
1.91002e-05
-2.87323e-05
1.54807e-05
-3.11079e-05
1.07954e-05
-3.24897e-05
5.26238e-06
-3.27425e-05
-8.60464e-07
-3.17567e-05
-7.24109e-06
-2.94705e-05
-1.34445e-05
-2.59077e-05
-1.89182e-05
-2.1227e-05
-2.30056e-05
-1.57752e-05
-2.5006e-05
-1.012e-05
-2.42979e-05
-5.03281e-06
-2.05214e-05
-1.39185e-06
-1.37841e-05
-4.85686e-06
-1.37629e-06
6.44539e-06
-4.62499e-06
1.6162e-05
-8.98057e-06
2.26429e-05
-1.38377e-05
2.61735e-05
-1.87494e-05
2.71815e-05
-2.33962e-05
2.60882e-05
-2.75477e-05
2.32517e-05
-3.10267e-05
1.89598e-05
-3.36817e-05
1.34503e-05
-3.53669e-05
6.94763e-06
-3.59343e-05
-2.93034e-07
-3.52372e-05
-7.93824e-06
-3.31511e-05
-1.55306e-05
-2.96174e-05
-2.24519e-05
-2.47108e-05
-2.79121e-05
-1.87258e-05
-3.0991e-05
-1.22555e-05
-3.07682e-05
-6.21623e-06
-2.65607e-05
-1.75503e-06
-1.82453e-05
-6.61189e-06
-1.51361e-06
7.95901e-06
-5.04441e-06
1.96928e-05
-9.70619e-06
2.73047e-05
-1.48206e-05
3.12879e-05
-1.99185e-05
3.22795e-05
-2.46954e-05
3.0865e-05
-2.89558e-05
2.75121e-05
-3.25644e-05
2.25684e-05
-3.54069e-05
1.62929e-05
-3.73621e-05
8.90283e-06
-3.82837e-05
6.2863e-07
-3.79963e-05
-8.2257e-06
-3.63089e-05
-1.72179e-05
-3.30584e-05
-2.57024e-05
-2.81904e-05
-3.27802e-05
-2.18826e-05
-3.72989e-05
-1.46892e-05
-3.79616e-05
-7.64554e-06
-3.36043e-05
-2.21972e-06
-2.36711e-05
-8.83161e-06
-1.66287e-06
9.62188e-06
-5.4665e-06
2.34964e-05
-1.03647e-05
3.22029e-05
-1.55961e-05
3.65192e-05
-2.06828e-05
3.73663e-05
-2.53586e-05
3.55408e-05
-2.9489e-05
3.16424e-05
-3.3006e-05
2.60854e-05
-3.58581e-05
1.9145e-05
-3.79729e-05
1.10176e-05
-3.923e-05
1.88577e-06
-3.9445e-05
-8.01072e-06
-3.837e-05
-1.82929e-05
-3.57254e-05
-2.8347e-05
-3.12831e-05
-3.72224e-05
-2.50209e-05
-4.35611e-05
-1.73481e-05
-4.56344e-05
-9.34003e-06
-4.16124e-05
-2.81443e-06
-3.01967e-05
-1.1646e-05
-1.85422e-06
1.14761e-05
-5.94675e-06
2.75889e-05
-1.09974e-05
3.72535e-05
-1.61501e-05
4.16719e-05
-2.09436e-05
4.21598e-05
-2.51862e-05
3.97834e-05
-2.88397e-05
3.52959e-05
-3.19347e-05
2.91804e-05
-3.4511e-05
2.17213e-05
-3.65739e-05
1.30806e-05
-3.80602e-05
3.37202e-06
-3.88087e-05
-7.26219e-06
-3.85421e-05
-1.85595e-05
-3.6874e-05
-3.00151e-05
-3.33723e-05
-4.07241e-05
-2.7725e-05
-4.92083e-05
-2.00447e-05
-5.33147e-05
-1.12858e-05
-5.03713e-05
-3.57478e-06
-3.79078e-05
-1.52208e-05
-2.14789e-06
1.3624e-05
-6.58651e-06
3.20276e-05
-1.16764e-05
4.23434e-05
-1.64672e-05
4.64627e-05
-2.05673e-05
4.626e-05
-2.39175e-05
4.31336e-05
-2.66225e-05
3.80009e-05
-2.88459e-05
3.14038e-05
-3.0746e-05
2.36215e-05
-3.24334e-05
1.47679e-05
-3.39339e-05
4.87255e-06
-3.51513e-05
-6.04484e-06
-3.58261e-05
-1.78847e-05
-3.55058e-05
-3.03354e-05
-3.35609e-05
-4.26689e-05
-2.9319e-05
-5.34503e-05
-2.24125e-05
-6.02212e-05
-1.34054e-05
-5.93784e-05
-4.54655e-06
-4.67667e-05
-1.97674e-05
-2.65558e-06
1.62796e-05
-7.54347e-06
3.69155e-05
-1.24797e-05
4.72796e-05
-1.64714e-05
5.04545e-05
-1.9307e-05
4.90955e-05
-2.11498e-05
4.49764e-05
-2.23048e-05
3.91559e-05
-2.30999e-05
3.21989e-05
-2.38294e-05
2.4351e-05
-2.4723e-05
1.56615e-05
-2.59186e-05
6.06815e-06
-2.74242e-05
-4.53929e-06
-2.90602e-05
-1.62487e-05
-3.03864e-05
-2.90093e-05
-3.06425e-05
-4.24128e-05
-2.87883e-05
-5.53045e-05
-2.38082e-05
-6.52013e-05
-1.5495e-05
-6.76915e-05
-5.78246e-06
-5.64792e-05
-2.55498e-05
-3.56717e-06
1.98467e-05
-9.00562e-06
4.23539e-05
-1.3377e-05
5.16509e-05
-1.58484e-05
5.29259e-05
-1.65997e-05
4.98467e-05
-1.61444e-05
4.45211e-05
-1.50436e-05
3.80551e-05
-1.38021e-05
3.09574e-05
-1.28411e-05
2.339e-05
-1.24962e-05
1.53167e-05
-1.30143e-05
6.5862e-06
-1.45283e-05
-3.02524e-06
-1.69984e-05
-1.37786e-05
-2.01051e-05
-2.59026e-05
-2.31016e-05
-3.94163e-05
-2.46942e-05
-5.37119e-05
-2.31575e-05
-6.6738e-05
-1.7086e-05
-7.3763e-05
-7.30679e-06
-6.62585e-05
-3.28566e-05
-5.14689e-06
2.49936e-05
-1.10162e-05
4.82233e-05
-1.38735e-05
5.45082e-05
-1.36022e-05
5.26547e-05
-1.11262e-05
4.73707e-05
-7.44226e-06
4.08372e-05
-3.37932e-06
3.39921e-05
4.21611e-07
2.71565e-05
3.4717e-06
2.03399e-05
5.38604e-06
1.34023e-05
5.85337e-06
6.11887e-06
4.63264e-06
-1.8045e-06
1.59322e-06
-1.07391e-05
-3.17615e-06
-2.11333e-05
-9.15542e-06
-3.3437e-05
-1.50828e-05
-4.77845e-05
-1.87091e-05
-6.31117e-05
-1.71419e-05
-7.53302e-05
-8.96617e-06
-7.44342e-05
-4.18228e-05
-7.55629e-06
3.25499e-05
-1.27981e-05
5.3465e-05
-1.20405e-05
5.37506e-05
-7.08035e-06
4.76945e-05
9.00048e-09
4.02814e-05
7.76071e-06
3.30855e-05
1.52051e-05
2.65477e-05
2.17175e-05
2.06441e-05
2.68742e-05
1.51833e-05
3.03513e-05
9.92521e-06
3.1861e-05
4.60922e-06
3.11183e-05
-1.06178e-06
2.78459e-05
-7.46674e-06
2.18394e-05
-1.51268e-05
1.31681e-05
-2.47658e-05
2.60833e-06
-3.72247e-05
-7.66041e-06
-5.28429e-05
-1.34822e-05
-6.95084e-05
-1.00259e-05
-7.78905e-05
-5.18487e-05
-1.00508e-05
4.26008e-05
-1.06073e-05
5.40214e-05
-2.1831e-06
4.53265e-05
9.87406e-06
3.56373e-05
2.25196e-05
2.76358e-05
3.43294e-05
2.12757e-05
4.46381e-05
1.6239e-05
5.31338e-05
1.21483e-05
5.96549e-05
8.6622e-06
6.40735e-05
5.50658e-06
6.62299e-05
2.4528e-06
6.58903e-05
-7.22112e-07
6.27145e-05
-4.29097e-06
5.62463e-05
-8.65857e-06
4.5987e-05
-1.45064e-05
3.17299e-05
-2.29677e-05
1.44962e-05
-3.56093e-05
-1.67042e-06
-5.33418e-05
-8.30709e-06
-7.12538e-05
-6.01558e-05
-5.92189e-06
4.85227e-05
9.0609e-06
3.90386e-05
2.99494e-05
2.4438e-05
4.93434e-05
1.62433e-05
6.57345e-05
1.12447e-05
7.91071e-05
7.90317e-06
8.97455e-05
5.60059e-06
9.79533e-05
3.94054e-06
0.000103962
2.65346e-06
0.000107901
1.56712e-06
0.000109788
5.66541e-07
0.000109512
-4.46445e-07
0.000106792
-1.57096e-06
0.000101106
-2.97295e-06
9.15691e-05
-4.96909e-06
7.68562e-05
-8.25473e-06
5.56141e-05
-1.43671e-05
2.84434e-05
-2.61712e-05
3.37495e-06
-4.61854e-05
-5.67809e-05
4.85227e-05
8.75613e-05
0.000111999
0.000128243
0.000139487
0.00014739
0.000152991
0.000156932
0.000159585
0.000161152
0.000161719
0.000161272
0.000159701
0.000156728
0.000151759
0.000143505
0.000129137
0.000102966
5.67809e-05
)
;

boundaryField
{
    movingWall
    {
        type            calculated;
        value           uniform 0;
    }
    fixedWalls
    {
        type            calculated;
        value           uniform 0;
    }
    frontAndBack
    {
        type            empty;
        value           nonuniform List<scalar> 0();
    }
}


// ************************************************************************* //
