/*--------------------------------*- C++ -*----------------------------------*\
  =========                 |
  \\      /  F ield         | OpenFOAM: The Open Source CFD Toolbox
   \\    /   O peration     | Website:  https://openfoam.org
    \\  /    A nd           | Version:  8
     \\/     M anipulation  |
\*---------------------------------------------------------------------------*/
FoamFile
{
    version     2.0;
    format      ascii;
    class       volVectorField;
    location    "0.4";
    object      U;
}
// * * * * * * * * * * * * * * * * * * * * * * * * * * * * * * * * * * * * * //

dimensions      [0 1 -1 0 0 0 0];

internalField   nonuniform List<vector> 
400
(
(0.000913632 -0.000912315 0)
(0.000352726 0.000487309 0)
(-0.00474895 0.00215 0)
(-0.0134058 0.00328121 0)
(-0.0241319 0.00384054 0)
(-0.0355494 0.00391555 0)
(-0.0464716 0.00359657 0)
(-0.0559001 0.00295417 0)
(-0.0630013 0.00204191 0)
(-0.0670996 0.000912831 0)
(-0.0677091 -0.000361523 0)
(-0.0646009 -0.00167729 0)
(-0.0578877 -0.00289367 0)
(-0.0481006 -0.00384093 0)
(-0.0362255 -0.00434118 0)
(-0.0236708 -0.00424135 0)
(-0.0121375 -0.00345551 0)
(-0.00337876 -0.00201262 0)
(0.00116905 -0.000169139 0)
(0.00112199 0.00108861 0)
(-0.000422974 -0.000442164 0)
(-0.00655365 0.00652601 0)
(-0.0222531 0.0137668 0)
(-0.0449816 0.0188056 0)
(-0.0717496 0.0212935 0)
(-0.099713 0.0214174 0)
(-0.126213 0.0194871 0)
(-0.148901 0.0158165 0)
(-0.1658 0.0107089 0)
(-0.175346 0.00450241 0)
(-0.176479 -0.00236951 0)
(-0.168779 -0.00933443 0)
(-0.152617 -0.0156761 0)
(-0.129283 -0.0205812 0)
(-0.101018 -0.0232423 0)
(-0.0709046 -0.023013 0)
(-0.0425438 -0.0196023 0)
(-0.0195068 -0.0132812 0)
(-0.00478003 -0.0052218 0)
(9.16003e-05 0.00130476 0)
(-0.00221885 0.00467693 0)
(-0.0147659 0.0224462 0)
(-0.041155 0.0389081 0)
(-0.0766399 0.0502463 0)
(-0.116931 0.0556654 0)
(-0.158243 0.055402 0)
(-0.196979 0.0500571 0)
(-0.229915 0.0403457 0)
(-0.254323 0.0270438 0)
(-0.268057 0.0110571 0)
(-0.269684 -0.00647528 0)
(-0.258652 -0.0241084 0)
(-0.235479 -0.0400991 0)
(-0.201902 -0.0525221 0)
(-0.16092 -0.0595111 0)
(-0.116662 -0.0596144 0)
(-0.0739634 -0.0522324 0)
(-0.0376831 -0.0380607 0)
(-0.012316 -0.0196113 0)
(-0.00145086 -0.00255032 0)
(-0.00381971 0.0142341 0)
(-0.0224741 0.0475653 0)
(-0.0591783 0.0757404 0)
(-0.106629 0.0945066 0)
(-0.15915 0.102959 0)
(-0.212178 0.101532 0)
(-0.261456 0.0912152 0)
(-0.303179 0.0732242 0)
(-0.334128 0.0489278 0)
(-0.351758 0.019946 0)
(-0.354335 -0.0117018 0)
(-0.341125 -0.0434953 0)
(-0.312612 -0.0724292 0)
(-0.270694 -0.0952024 0)
(-0.218781 -0.108607 0)
(-0.16172 -0.110112 0)
(-0.105374 -0.0985826 0)
(-0.0559054 -0.0749888 0)
(-0.0196551 -0.0430531 0)
(-0.00282971 -0.0104294 0)
(-0.00520887 0.0277346 0)
(-0.029489 0.0811715 0)
(-0.0759256 0.123278 0)
(-0.134634 0.150213 0)
(-0.198515 0.161481 0)
(-0.262295 0.158009 0)
(-0.321214 0.141336 0)
(-0.371078 0.113271 0)
(-0.408345 0.0758362 0)
(-0.430174 0.0314137 0)
(-0.434535 -0.0170467 0)
(-0.420405 -0.065878 0)
(-0.388024 -0.110697 0)
(-0.339165 -0.146638 0)
(-0.277359 -0.168869 0)
(-0.207959 -0.173411 0)
(-0.13782 -0.158178 0)
(-0.0746091 -0.124009 0)
(-0.0269427 -0.0755035 0)
(-0.00408522 -0.0220538 0)
(-0.00644746 0.0447842 0)
(-0.0359108 0.122708 0)
(-0.091446 0.180958 0)
(-0.160697 0.216778 0)
(-0.235181 0.230624 0)
(-0.308976 0.22428 0)
(-0.376947 0.200051 0)
(-0.434661 0.160435 0)
(-0.478387 0.10813 0)
(-0.505057 0.046255 0)
(-0.512328 -0.0213558 0)
(-0.498764 -0.0899177 0)
(-0.46413 -0.153631 0)
(-0.409768 -0.205902 0)
(-0.33901 -0.239941 0)
(-0.257483 -0.249803 0)
(-0.172997 -0.231808 0)
(-0.0949655 -0.186037 0)
(-0.0347948 -0.117541 0)
(-0.00539006 -0.0374558 0)
(-0.00758573 0.0650851 0)
(-0.041855 0.171621 0)
(-0.105842 0.248123 0)
(-0.184844 0.293498 0)
(-0.269067 0.309697 0)
(-0.352043 0.299768 0)
(-0.428403 0.267023 0)
(-0.493637 0.214751 0)
(-0.543968 0.146315 0)
(-0.576195 0.065471 0)
(-0.587666 -0.0232056 0)
(-0.576428 -0.113949 0)
(-0.541536 -0.199603 0)
(-0.483558 -0.271739 0)
(-0.405218 -0.321251 0)
(-0.312051 -0.339567 0)
(-0.212649 -0.320515 0)
(-0.118344 -0.262483 0)
(-0.0439522 -0.170346 0)
(-0.00694005 -0.057078 0)
(-0.00865913 0.088408 0)
(-0.0474104 0.227373 0)
(-0.119172 0.324014 0)
(-0.20696 0.379455 0)
(-0.299756 0.397724 0)
(-0.390683 0.383579 0)
(-0.474326 0.341613 0)
(-0.546313 0.276009 0)
(-0.603021 0.190745 0)
(-0.64127 0.0900526 0)
(-0.65818 -0.0209935 0)
(-0.651234 -0.135911 0)
(-0.618586 -0.246391 0)
(-0.559653 -0.342185 0)
(-0.476021 -0.411556 0)
(-0.372548 -0.442554 0)
(-0.258155 -0.42532 0)
(-0.14606 -0.355171 0)
(-0.0551905 -0.235751 0)
(-0.00894452 -0.0817977 0)
(-0.00970274 0.114573 0)
(-0.0526716 0.289442 0)
(-0.131483 0.407742 0)
(-0.22682 0.473423 0)
(-0.326507 0.493258 0)
(-0.423449 0.47424 0)
(-0.51245 0.422554 0)
(-0.589564 0.343388 0)
(-0.651612 0.241267 0)
(-0.695695 0.120678 0)
(-0.718894 -0.0131465 0)
(-0.718208 -0.153417 0)
(-0.690786 -0.291061 0)
(-0.634545 -0.414247 0)
(-0.549299 -0.508467 0)
(-0.438356 -0.557649 0)
(-0.3101 -0.546781 0)
(-0.179191 -0.4661 0)
(-0.0692982 -0.316181 0)
(-0.0116407 -0.112938 0)
(-0.0107845 0.143472 0)
(-0.0578361 0.357344 0)
(-0.142949 0.498235 0)
(-0.244222 0.5737 0)
(-0.348372 0.59411 0)
(-0.448352 0.569338 0)
(-0.539553 0.507531 0)
(-0.618853 0.415013 0)
(-0.683915 0.296771 0)
(-0.732499 0.157289 0)
(-0.761987 0.00153828 0)
(-0.769147 -0.163942 0)
(-0.750197 -0.329946 0)
(-0.701323 -0.483609 0)
(-0.619905 -0.607866 0)
(-0.506573 -0.682004 0)
(-0.367735 -0.684227 0)
(-0.21835 -0.596926 0)
(-0.0870841 -0.414492 0)
(-0.0153271 -0.15229 0)
(-0.012064 0.175168 0)
(-0.0633715 0.430737 0)
(-0.154097 0.594218 0)
(-0.259197 0.677927 0)
(-0.364342 0.697039 0)
(-0.462951 0.665125 0)
(-0.551524 0.592737 0)
(-0.62829 0.487465 0)
(-0.692256 0.354678 0)
(-0.742339 0.198576 0)
(-0.776716 0.0234057 0)
(-0.792382 -0.165219 0)
(-0.784955 -0.358827 0)
(-0.748922 -0.544488 0)
(-0.678716 -0.703353 0)
(-0.571015 -0.810098 0)
(-0.428212 -0.834676 0)
(-0.263349 -0.748114 0)
(-0.109386 -0.533644 0)
(-0.0204201 -0.202181 0)
(-0.0138951 0.210135 0)
(-0.0702677 0.509637 0)
(-0.166079 0.694185 0)
(-0.272183 0.782846 0)
(-0.373392 0.797375 0)
(-0.464314 0.756091 0)
(-0.543313 0.672417 0)
(-0.610629 0.555323 0)
(-0.667205 0.410448 0)
(-0.713675 0.24144 0)
(-0.749609 0.0513575 0)
(-0.772878 -0.15582 0)
(-0.779139 -0.373409 0)
(-0.761626 -0.589806 0)
(-0.711728 -0.785899 0)
(-0.621058 -0.932768 0)
(-0.485495 -0.991412 0)
(-0.312591 -0.917634 0)
(-0.137038 -0.676146 0)
(-0.0275411 -0.265595 0)
(-0.0170069 0.249719 0)
(-0.0804006 0.594747 0)
(-0.180914 0.796284 0)
(-0.283951 0.883868 0)
(-0.374121 0.888489 0)
(-0.448509 0.834465 0)
(-0.508434 0.738469 0)
(-0.556944 0.610825 0)
(-0.597504 0.457254 0)
(-0.632984 0.280583 0)
(-0.664917 0.0823038 0)
(-0.692778 -0.135866 0)
(-0.713182 -0.370094 0)
(-0.71908 -0.6118 0)
(-0.69945 -0.843941 0)
(-0.640403 -1.03642 0)
(-0.528873 -1.14229 0)
(-0.362018 -1.099 0)
(-0.170697 -0.843015 0)
(-0.0376424 -0.346389 0)
(-0.0228141 0.296961 0)
(-0.0969832 0.687764 0)
(-0.201383 0.897798 0)
(-0.294713 0.974186 0)
(-0.36329 0.960966 0)
(-0.408929 0.88965 0)
(-0.43741 0.780168 0)
(-0.455425 0.643821 0)
(-0.469389 0.486021 0)
(-0.484673 0.308486 0)
(-0.505093 0.110902 0)
(-0.532314 -0.107646 0)
(-0.564918 -0.346981 0)
(-0.597035 -0.603205 0)
(-0.616867 -0.86425 0)
(-0.605969 -1.10293 0)
(-0.540987 -1.2681 0)
(-0.403244 -1.27852 0)
(-0.210218 -1.03178 0)
(-0.0521043 -0.449475 0)
(-0.0338534 0.357922 0)
(-0.124807 0.791229 0)
(-0.229637 0.99362 0)
(-0.301061 1.04304 0)
(-0.331842 1.00135 0)
(-0.332201 0.907684 0)
(-0.314124 0.784269 0)
(-0.288506 0.642327 0)
(-0.264654 0.486209 0)
(-0.250146 0.316151 0)
(-0.250854 0.129977 0)
(-0.270745 -0.0757994 0)
(-0.311103 -0.304846 0)
(-0.368907 -0.558999 0)
(-0.434247 -0.833981 0)
(-0.487122 -1.11087 0)
(-0.495242 -1.34175 0)
(-0.420172 -1.43195 0)
(-0.252646 -1.23289 0)
(-0.0724338 -0.580602 0)
(-0.0539039 0.443801 0)
(-0.168762 0.906645 0)
(-0.261679 1.07236 0)
(-0.287515 1.07251 0)
(-0.255733 0.990546 0)
(-0.189769 0.871143 0)
(-0.108863 0.736048 0)
(-0.0275653 0.594266 0)
(0.043035 0.447843 0)
(0.0943762 0.295089 0)
(0.119598 0.132129 0)
(0.113125 -0.0464935 0)
(0.0709528 -0.247541 0)
(-0.00800962 -0.478319 0)
(-0.118921 -0.743861 0)
(-0.245498 -1.03884 0)
(-0.352384 -1.3293 0)
(-0.382858 -1.52129 0)
(-0.286695 -1.42425 0)
(-0.0982234 -0.746044 0)
(-0.0856581 0.575301 0)
(-0.225394 1.02715 0)
(-0.269875 1.10583 0)
(-0.205966 1.03052 0)
(-0.0774759 0.901312 0)
(0.0765989 0.759865 0)
(0.232178 0.62183 0)
(0.374198 0.490787 0)
(0.492677 0.36504 0)
(0.580495 0.240697 0)
(0.631767 0.112687 0)
(0.640862 -0.0252591 0)
(0.60207 -0.181194 0)
(0.510076 -0.365742 0)
(0.362199 -0.591919 0)
(0.1645 -0.870544 0)
(-0.0561522 -1.19328 0)
(-0.237468 -1.49186 0)
(-0.280732 -1.56241 0)
(-0.120008 -0.952507 0)
(-0.115919 0.781163 0)
(-0.250379 1.11307 0)
(-0.155168 1.02807 0)
(0.0675485 0.863027 0)
(0.324362 0.699935 0)
(0.573421 0.557007 0)
(0.796825 0.436088 0)
(0.98606 0.332891 0)
(1.13698 0.241656 0)
(1.24709 0.156875 0)
(1.31377 0.0733603 0)
(1.33325 -0.0143748 0)
(1.29994 -0.113191 0)
(1.20582 -0.233141 0)
(1.04071 -0.389862 0)
(0.795704 -0.606027 0)
(0.473382 -0.904362 0)
(0.110709 -1.27311 0)
(-0.158436 -1.55935 0)
(-0.0969598 -1.18065 0)
(-0.016744 0.984851 0)
(-0.0190299 1.02664 0)
(0.368777 0.751502 0)
(0.799472 0.540274 0)
(1.16354 0.392978 0)
(1.4604 0.287367 0)
(1.69936 0.210279 0)
(1.88697 0.151997 0)
(2.02851 0.105257 0)
(2.12771 0.0649422 0)
(2.18616 0.0272908 0)
(2.20302 -0.0109706 0)
(2.17459 -0.0536435 0)
(2.09319 -0.106499 0)
(1.94527 -0.180179 0)
(1.70936 -0.295684 0)
(1.35343 -0.491839 0)
(0.842068 -0.819632 0)
(0.281817 -1.24847 0)
(0.132229 -1.23569 0)
(1.0949 0.53711 0)
(1.412 0.47487 0)
(1.97809 0.297283 0)
(2.41555 0.183357 0)
(2.6938 0.116182 0)
(2.87987 0.0749416 0)
(3.01148 0.0489342 0)
(3.10516 0.0318862 0)
(3.17008 0.0198849 0)
(3.21171 0.0105757 0)
(3.23284 0.00252018 0)
(3.23419 -0.00527981 0)
(3.21457 -0.0138475 0)
(3.1703 -0.0246389 0)
(3.09317 -0.0406208 0)
(2.9659 -0.0688053 0)
(2.74802 -0.126267 0)
(2.33745 -0.249534 0)
(1.68159 -0.475536 0)
(1.22568 -0.581175 0)
)
;

boundaryField
{
    movingWall
    {
        type            fixedValue;
        value           uniform (3.8 0 0);
    }
    fixedWalls
    {
        type            noSlip;
    }
    frontAndBack
    {
        type            empty;
    }
}


// ************************************************************************* //
