/*--------------------------------*- C++ -*----------------------------------*\
  =========                 |
  \\      /  F ield         | OpenFOAM: The Open Source CFD Toolbox
   \\    /   O peration     | Website:  https://openfoam.org
    \\  /    A nd           | Version:  8
     \\/     M anipulation  |
\*---------------------------------------------------------------------------*/
FoamFile
{
    version     2.0;
    format      ascii;
    class       volScalarField;
    location    "0.2";
    object      p;
}
// * * * * * * * * * * * * * * * * * * * * * * * * * * * * * * * * * * * * * //

dimensions      [0 2 -2 0 0 0 0];

internalField   nonuniform List<scalar> 
400
(
2.76457e-05
-0.0209754
-0.0459806
-0.0647663
-0.0718211
-0.0648039
-0.0434484
-0.0088559
0.0368495
0.0906103
0.148456
0.205613
0.256829
0.296941
0.321702
0.328754
0.318606
0.295436
0.26749
0.246748
0.0209352
-0.00080834
-0.0203387
-0.0331001
-0.0367992
-0.0298513
-0.0119287
0.0162622
0.0531966
0.0965622
0.143264
0.189532
0.231192
0.264161
0.285113
0.292244
0.286011
0.269463
0.247393
0.226283
0.0474344
0.0174135
-0.00350878
-0.0149945
-0.0179547
-0.0117354
0.00376472
0.0279622
0.0597127
0.097229
0.137998
0.178814
0.215998
0.245821
0.265111
0.271952
0.266399
0.250548
0.226355
0.19684
0.0698207
0.0287522
0.00309073
-0.00981358
-0.0136286
-0.0085435
0.00525549
0.0272012
0.0564095
0.0914715
0.130246
0.169796
0.206524
0.236558
0.256335
0.26335
0.256999
0.238579
0.207936
0.166259
0.0812138
0.0289729
-0.00221209
-0.0173806
-0.0225806
-0.0186906
-0.00611343
0.0146281
0.0429067
0.077657
0.117037
0.158246
0.197567
0.230694
0.253322
0.261986
0.255162
0.233334
0.194585
0.13913
0.0762734
0.0133796
-0.0233482
-0.0409813
-0.0476537
-0.0447897
-0.0329079
-0.0124124
0.0163761
0.0527644
0.0952105
0.141006
0.186196
0.225819
0.254488
0.267365
0.261626
0.236729
0.189028
0.118243
0.0504478
-0.0224403
-0.0643925
-0.0843256
-0.092281
-0.0901319
-0.078419
-0.0573296
-0.0267805
0.0130056
0.0608777
0.114278
0.168992
0.219249
0.258242
0.279248
0.277562
0.251127
0.194146
0.10597
-0.000492867
-0.0827113
-0.129347
-0.151119
-0.159935
-0.158092
-0.146085
-0.123775
-0.0905315
-0.0459285
0.00947649
0.0734686
0.141696
0.207531
0.262443
0.297212
0.304417
0.279572
0.213705
0.105505
-0.0807074
-0.171677
-0.22226
-0.245076
-0.254037
-0.251939
-0.239209
-0.21528
-0.178789
-0.128404
-0.0637668
0.0136035
0.0995284
0.186668
0.264572
0.320857
0.344263
0.326418
0.253306
0.122065
-0.194432
-0.293755
-0.34722
-0.369697
-0.377527
-0.374231
-0.360217
-0.334397
-0.29447
-0.237871
-0.162891
-0.0698245
0.0378734
0.15258
0.26199
0.349981
0.400104
0.397972
0.321462
0.164283
-0.34625
-0.453812
-0.508377
-0.527938
-0.532221
-0.525917
-0.509544
-0.481422
-0.438076
-0.375336
-0.289619
-0.179314
-0.0463367
0.10222
0.252726
0.385106
0.47637
0.503313
0.431026
0.246137
-0.541833
-0.657791
-0.710057
-0.721788
-0.71797
-0.705196
-0.684269
-0.652818
-0.605922
-0.5374
-0.441227
-0.313112
-0.152409
0.0355706
0.237068
0.42863
0.579847
0.655473
0.601209
0.38995
-0.789819
-0.913993
-0.957019
-0.951694
-0.9316
-0.90619
-0.87663
-0.839613
-0.788386
-0.714293
-0.608314
-0.462722
-0.273194
-0.0416677
0.219977
0.486736
0.721172
0.873108
0.860514
0.631399
-1.10629
-1.23552
-1.25474
-1.21564
-1.16556
-1.11757
-1.07277
-1.02627
-0.968832
-0.888748
-0.773481
-0.611238
-0.39302
-0.115672
0.213517
0.571482
0.91653
1.18254
1.25114
1.02855
-1.5249
-1.64444
-1.60897
-1.50716
-1.40596
-1.32112
-1.25198
-1.19059
-1.12405
-1.0368
-0.912286
-0.734213
-0.488193
-0.164479
0.237297
0.701238
1.18784
1.61866
1.83418
1.67693
-2.11719
-2.17747
-2.02374
-1.81216
-1.6303
-1.49088
-1.38728
-1.30554
-1.22718
-1.13165
-0.99788
-0.804787
-0.532222
-0.162747
0.314614
0.897687
1.5599
2.22208
2.69118
2.72686
-3.03371
-2.89145
-2.49832
-2.10808
-1.80856
-1.59598
-1.44994
-1.34531
-1.25499
-1.15214
-1.01062
-0.804493
-0.507624
-0.0939595
0.461089
1.17656
2.05291
3.03141
3.9228
4.41034
-4.64395
-3.85984
-2.99932
-2.34603
-1.89452
-1.5984
-1.41212
-1.2913
-1.19648
-1.0935
-0.95135
-0.73972
-0.426879
0.0226562
0.650616
1.50655
2.63634
4.04287
5.66564
7.20936
-7.98712
-5.10698
-3.28085
-2.30885
-1.73578
-1.3983
-1.21327
-1.11199
-1.04203
-0.96402
-0.844866
-0.652651
-0.353264
0.0955288
0.751674
1.70193
3.06787
5.02235
8.00988
12.2468
-14.2206
-6.3103
-2.8359
-1.66027
-1.14304
-0.895826
-0.806
-0.792222
-0.798232
-0.786769
-0.7285
-0.595619
-0.35694
0.0264684
0.613494
1.50987
2.92638
5.35685
10.3272
19.7454
)
;

boundaryField
{
    movingWall
    {
        type            zeroGradient;
    }
    fixedWalls
    {
        type            zeroGradient;
    }
    frontAndBack
    {
        type            empty;
    }
}


// ************************************************************************* //
