/*--------------------------------*- C++ -*----------------------------------*\
  =========                 |
  \\      /  F ield         | OpenFOAM: The Open Source CFD Toolbox
   \\    /   O peration     | Website:  https://openfoam.org
    \\  /    A nd           | Version:  8
     \\/     M anipulation  |
\*---------------------------------------------------------------------------*/
FoamFile
{
    version     2.0;
    format      ascii;
    class       volVectorField;
    location    "0.5";
    object      U;
}
// * * * * * * * * * * * * * * * * * * * * * * * * * * * * * * * * * * * * * //

dimensions      [0 1 -1 0 0 0 0];

internalField   nonuniform List<vector> 
400
(
(0.00100466 -0.00100535 0)
(0.000369697 0.000544797 0)
(-0.00527933 0.00237535 0)
(-0.0148345 0.0036152 0)
(-0.026656 0.00422809 0)
(-0.0392387 0.00431485 0)
(-0.0512927 0.00397442 0)
(-0.0617288 0.00328019 0)
(-0.0696263 0.00228507 0)
(-0.0742245 0.00104207 0)
(-0.0749625 -0.000372733 0)
(-0.071561 -0.00184357 0)
(-0.0641265 -0.00320963 0)
(-0.0532443 -0.00427514 0)
(-0.0400225 -0.00483516 0)
(-0.0260527 -0.00471566 0)
(-0.0132536 -0.00382373 0)
(-0.00358609 -0.00220207 0)
(0.00137392 -0.00015242 0)
(0.0012598 0.00122088 0)
(-0.000483593 -0.000466989 0)
(-0.00730022 0.00724609 0)
(-0.0246833 0.0152191 0)
(-0.0497928 0.0207472 0)
(-0.0793308 0.0234766 0)
(-0.110187 0.0236293 0)
(-0.139461 0.0215436 0)
(-0.164581 0.0175476 0)
(-0.183359 0.0119508 0)
(-0.194041 0.00510466 0)
(-0.195409 -0.00252274 0)
(-0.186952 -0.0102933 0)
(-0.169049 -0.0173933 0)
(-0.143124 -0.0228906 0)
(-0.111687 -0.0258596 0)
(-0.0782093 -0.0255673 0)
(-0.0467422 -0.0217006 0)
(-0.0212815 -0.0146015 0)
(-0.00511367 -0.00563338 0)
(0.000148627 0.00152712 0)
(-0.00248207 0.00523677 0)
(-0.0164201 0.0249006 0)
(-0.0456418 0.0430269 0)
(-0.0848581 0.0554698 0)
(-0.12934 0.0614171 0)
(-0.174952 0.0611612 0)
(-0.217765 0.0553557 0)
(-0.254244 0.044749 0)
(-0.28137 0.0301445 0)
(-0.296737 0.0124959 0)
(-0.298703 -0.0069597 0)
(-0.286595 -0.026613 0)
(-0.260944 -0.0444895 0)
(-0.22366 -0.0583909 0)
(-0.178096 -0.0661826 0)
(-0.128892 -0.0662185 0)
(-0.0814886 -0.0578512 0)
(-0.0413332 -0.0419358 0)
(-0.0133962 -0.0213894 0)
(-0.00153702 -0.00261909 0)
(-0.00426616 0.0158746 0)
(-0.0249805 0.0527521 0)
(-0.0656135 0.0837682 0)
(-0.118044 0.104359 0)
(-0.176027 0.113636 0)
(-0.234581 0.112124 0)
(-0.289064 0.100897 0)
(-0.335303 0.0812268 0)
(-0.369738 0.0545358 0)
(-0.389511 0.0225375 0)
(-0.392633 -0.0125737 0)
(-0.378212 -0.0479939 0)
(-0.346717 -0.0803264 0)
(-0.300215 -0.105807 0)
(-0.242505 -0.12077 0)
(-0.179029 -0.122337 0)
(-0.116394 -0.109266 0)
(-0.0615328 -0.0827558 0)
(-0.0214971 -0.0471549 0)
(-0.00304774 -0.0111889 0)
(-0.00581283 0.0308948 0)
(-0.0327516 0.0899947 0)
(-0.0841135 0.136326 0)
(-0.148933 0.16587 0)
(-0.219418 0.178242 0)
(-0.289828 0.174526 0)
(-0.354986 0.156385 0)
(-0.4103 0.125708 0)
(-0.451852 0.084597 0)
(-0.476447 0.0355691 0)
(-0.481745 -0.0181766 0)
(-0.466504 -0.0725692 0)
(-0.430884 -0.122664 0)
(-0.376776 -0.162916 0)
(-0.308084 -0.187797 0)
(-0.230812 -0.192768 0)
(-0.152698 -0.1755 0)
(-0.0824101 -0.137083 0)
(-0.0295923 -0.0829416 0)
(-0.00442852 -0.0238934 0)
(-0.00718337 0.0498437 0)
(-0.0398176 0.13597 0)
(-0.101141 0.200022 0)
(-0.17749 0.2393 0)
(-0.259582 0.254526 0)
(-0.341003 0.247741 0)
(-0.416184 0.221425 0)
(-0.480285 0.178183 0)
(-0.529179 0.120806 0)
(-0.559407 0.0525743 0)
(-0.568254 -0.0223729 0)
(-0.553976 -0.0987409 0)
(-0.516149 -0.17 0)
(-0.456126 -0.228639 0)
(-0.377541 -0.266878 0)
(-0.286682 -0.2779 0)
(-0.192382 -0.257541 0)
(-0.105334 -0.206053 0)
(-0.0383951 -0.129479 0)
(-0.00587637 -0.0408 0)
(-0.00842614 0.0723587 0)
(-0.0462769 0.189993 0)
(-0.11675 0.27405 0)
(-0.203656 0.323798 0)
(-0.296328 0.341672 0)
(-0.387794 0.33111 0)
(-0.472258 0.295663 0)
(-0.544812 0.238747 0)
(-0.601279 0.163815 0)
(-0.638036 0.0747827 0)
(-0.651996 -0.0234432 0)
(-0.640786 -0.124515 0)
(-0.603127 -0.220396 0)
(-0.539427 -0.301492 0)
(-0.452563 -0.357349 0)
(-0.348675 -0.378096 0)
(-0.237479 -0.356665 0)
(-0.131902 -0.29138 0)
(-0.0487666 -0.188203 0)
(-0.00761717 -0.0624487 0)
(-0.00957287 0.0981359 0)
(-0.0521981 0.25137 0)
(-0.130947 0.357456 0)
(-0.227226 0.418253 0)
(-0.329098 0.438536 0)
(-0.429194 0.423615 0)
(-0.521701 0.378397 0)
(-0.601876 0.307208 0)
(-0.665713 0.214092 0)
(-0.709597 0.103407 0)
(-0.730157 -0.0194667 0)
(-0.724346 -0.147441 0)
(-0.689804 -0.271218 0)
(-0.625564 -0.379149 0)
(-0.533127 -0.457747 0)
(-0.417781 -0.493198 0)
(-0.289585 -0.47412 0)
(-0.163653 -0.395271 0)
(-0.0616133 -0.261311 0)
(-0.00989473 -0.0898845 0)
(-0.010655 0.12691 0)
(-0.0576586 0.319399 0)
(-0.143736 0.449125 0)
(-0.247886 0.521198 0)
(-0.357006 0.543439 0)
(-0.463533 0.523583 0)
(-0.561923 0.468216 0)
(-0.647913 0.382679 0)
(-0.717983 0.271519 0)
(-0.768817 0.139276 0)
(-0.796977 -0.00858548 0)
(-0.798843 -0.164717 0)
(-0.770878 -0.319025 0)
(-0.710347 -0.458093 0)
(-0.616647 -0.565255 0)
(-0.493193 -0.621896 0)
(-0.349335 -0.610581 0)
(-0.201831 -0.520118 0)
(-0.0778591 -0.351698 0)
(-0.0129876 -0.124673 0)
(-0.0117411 0.158479 0)
(-0.0628563 0.3934 0)
(-0.15528 0.54773 0)
(-0.265393 0.630637 0)
(-0.378991 0.653886 0)
(-0.488612 0.6283 0)
(-0.589363 0.562533 0)
(-0.677883 0.463066 0)
(-0.751567 0.334855 0)
(-0.80782 0.182331 0)
(-0.843535 0.0105702 0)
(-0.854827 -0.173456 0)
(-0.837098 -0.359587 0)
(-0.785627 -0.533301 0)
(-0.696969 -0.67504 0)
(-0.571364 -0.760816 0)
(-0.415748 -0.765242 0)
(-0.247113 -0.66788 0)
(-0.0984485 -0.462747 0)
(-0.0172479 -0.168931 0)
(-0.0130023 0.19282 0)
(-0.0682983 0.47284 0)
(-0.166166 0.651721 0)
(-0.279823 0.743873 0)
(-0.394037 0.766242 0)
(-0.501875 0.733595 0)
(-0.599641 0.657102 0)
(-0.685423 0.54453 0)
(-0.758072 0.401158 0)
(-0.816264 0.231017 0)
(-0.85779 0.0382869 0)
(-0.879054 -0.171185 0)
(-0.874831 -0.388167 0)
(-0.838516 -0.598166 0)
(-0.763314 -0.779681 0)
(-0.644861 -0.903468 0)
(-0.485295 -0.934534 0)
(-0.299171 -0.839058 0)
(-0.124341 -0.597939 0)
(-0.0231641 -0.225395 0)
(-0.0148257 0.230361 0)
(-0.0750867 0.557603 0)
(-0.177736 0.759349 0)
(-0.291824 0.857283 0)
(-0.401284 0.875369 0)
(-0.500454 0.833397 0)
(-0.587608 0.745544 0)
(-0.662973 0.62099 0)
(-0.727477 0.46524 0)
(-0.781686 0.281662 0)
(-0.824968 0.07307 0)
(-0.854788 -0.156578 0)
(-0.866089 -0.400148 0)
(-0.850993 -0.644784 0)
(-0.799365 -0.868861 0)
(-0.701076 -1.03918 0)
(-0.550632 -1.11048 0)
(-0.355922 -1.03113 0)
(-0.156444 -0.760147 0)
(-0.0314578 -0.29756 0)
(-0.0180143 0.272496 0)
(-0.08533 0.648386 0)
(-0.192384 0.868588 0)
(-0.302596 0.965912 0)
(-0.399725 0.974099 0)
(-0.480705 0.919251 0)
(-0.546908 0.818949 0)
(-0.601522 0.683778 0)
(-0.648174 0.519313 0)
(-0.689882 0.328026 0)
(-0.728241 0.111012 0)
(-0.762627 -0.130293 0)
(-0.789252 -0.391999 0)
(-0.800178 -0.664793 0)
(-0.782817 -0.929642 0)
(-0.720986 -1.15236 0)
(-0.59894 -1.27884 0)
(-0.412263 -1.23624 0)
(-0.195352 -0.950357 0)
(-0.0432108 -0.38989 0)
(-0.024132 0.32251 0)
(-0.102666 0.747105 0)
(-0.213513 0.976666 0)
(-0.313019 1.0626 0)
(-0.386706 1.05241 0)
(-0.43646 0.97974 0)
(-0.468322 0.865599 0)
(-0.48932 0.72161 0)
(-0.506242 0.553065 0)
(-0.524851 0.361302 0)
(-0.549338 0.14552 0)
(-0.581661 -0.0956769 0)
(-0.620466 -0.362452 0)
(-0.659489 -0.65083 0)
(-0.685708 -0.947673 0)
(-0.67823 -1.2226 0)
(-0.609873 -1.41739 0)
(-0.457937 -1.43811 0)
(-0.240535 -1.16525 0)
(-0.059938 -0.507947 0)
(-0.0359977 0.387073 0)
(-0.132589 0.856853 0)
(-0.244143 1.07853 0)
(-0.320418 1.13616 0)
(-0.353632 1.09607 0)
(-0.354508 0.999886 0)
(-0.335634 0.871055 0)
(-0.308506 0.721179 0)
(-0.283052 0.554525 0)
(-0.267498 0.370981 0)
(-0.268398 0.167874 0)
(-0.2904 -0.0588621 0)
(-0.335385 -0.313527 0)
(-0.400616 -0.59852 0)
(-0.475721 -0.909658 0)
(-0.538742 -1.22649 0)
(-0.553063 -1.49546 0)
(-0.473853 -1.6084 0)
(-0.287926 -1.39298 0)
(-0.0831582 -0.657982 0)
(-0.0578784 0.478672 0)
(-0.181 0.980041 0)
(-0.281043 1.16273 0)
(-0.30935 1.16791 0)
(-0.275725 1.08482 0)
(-0.204956 0.960902 0)
(-0.117409 0.819155 0)
(-0.0285954 0.668956 0)
(0.0495183 0.512279 0)
(0.1075 0.347125 0)
(0.137585 0.169173 0)
(0.133224 -0.0275945 0)
(0.0894037 -0.250679 0)
(0.00407912 -0.508367 0)
(-0.118453 -0.806881 0)
(-0.261155 -1.1415 0)
(-0.385029 -1.47564 0)
(-0.425707 -1.70381 0)
(-0.32365 -1.60718 0)
(-0.111933 -0.846396 0)
(-0.0931137 0.62055 0)
(-0.245235 1.11059 0)
(-0.295586 1.1999 0)
(-0.228547 1.12376 0)
(-0.0907878 0.989211 0)
(0.0759784 0.840575 0)
(0.245949 0.694462 0)
(0.40277 0.554655 0)
(0.535434 0.419299 0)
(0.635868 0.284184 0)
(0.697229 0.143848 0)
(0.712839 -0.00843628 0)
(0.67583 -0.181355 0)
(0.57956 -0.386574 0)
(0.419932 -0.638887 0)
(0.202157 -0.951643 0)
(-0.0453809 -1.31799 0)
(-0.253956 -1.66365 0)
(-0.311101 -1.75757 0)
(-0.134701 -1.0792 0)
(-0.128336 0.845882 0)
(-0.278508 1.20712 0)
(-0.179986 1.11867 0)
(0.0588697 0.944245 0)
(0.337041 0.771343 0)
(0.60909 0.619152 0)
(0.855435 0.489655 0)
(1.06645 0.378384 0)
(1.23716 0.27922 0)
(1.36432 0.186275 0)
(1.44458 0.0940097 0)
(1.47334 -0.00340157 0)
(1.44402 -0.113213 0)
(1.34734 -0.246215 0)
(1.1714 -0.419605 0)
(0.905148 -0.659289 0)
(0.549565 -0.993135 0)
(0.143176 -1.41186 0)
(-0.165582 -1.74487 0)
(-0.104662 -1.33081 0)
(-0.0251831 1.0763 0)
(-0.0336571 1.12038 0)
(0.385636 0.821686 0)
(0.854207 0.594394 0)
(1.25291 0.436007 0)
(1.58064 0.321906 0)
(1.847 0.238094 0)
(2.05852 0.174293 0)
(2.2204 0.122733 0)
(2.33622 0.0778967 0)
(2.40729 0.0357327 0)
(2.43239 -0.00724941 0)
(2.40725 -0.0550382 0)
(2.32335 -0.113708 0)
(2.16579 -0.194615 0)
(1.91072 -0.320832 0)
(1.522 -0.536692 0)
(0.957651 -0.902543 0)
(0.331538 -1.38648 0)
(0.156642 -1.37974 0)
(1.20387 0.591004 0)
(1.54733 0.52294 0)
(2.16557 0.329063 0)
(2.64666 0.204609 0)
(2.95522 0.13093 0)
(3.1634 0.0853591 0)
(3.31214 0.0563789 0)
(3.41928 0.0372306 0)
(3.4946 0.0236459 0)
(3.54392 0.0130276 0)
(3.5702 0.00378421 0)
(3.57413 -0.00517562 0)
(3.55437 -0.0149411 0)
(3.50696 -0.0270254 0)
(3.42315 -0.0445055 0)
(3.28435 -0.0748035 0)
(3.04703 -0.13663 0)
(2.59845 -0.271312 0)
(1.87323 -0.522685 0)
(1.36298 -0.643609 0)
)
;

boundaryField
{
    movingWall
    {
        type            fixedValue;
        value           uniform (4.2 0 0);
    }
    fixedWalls
    {
        type            noSlip;
    }
    frontAndBack
    {
        type            empty;
    }
}


// ************************************************************************* //
