/*--------------------------------*- C++ -*----------------------------------*\
  =========                 |
  \\      /  F ield         | OpenFOAM: The Open Source CFD Toolbox
   \\    /   O peration     | Website:  https://openfoam.org
    \\  /    A nd           | Version:  8
     \\/     M anipulation  |
\*---------------------------------------------------------------------------*/
FoamFile
{
    version     2.0;
    format      ascii;
    class       volScalarField;
    location    "0.5";
    object      p;
}
// * * * * * * * * * * * * * * * * * * * * * * * * * * * * * * * * * * * * * //

dimensions      [0 2 -2 0 0 0 0];

internalField   nonuniform List<scalar> 
400
(
1.56297e-05
-0.022192
-0.0485832
-0.0684034
-0.0758882
-0.0685955
-0.0462353
-0.0099291
0.0381381
0.094789
0.155856
0.216286
0.270481
0.312918
0.339049
0.346353
0.3354
0.310688
0.281032
0.259148
0.0220943
-0.000897826
-0.0215093
-0.0349732
-0.0389183
-0.0316943
-0.0129467
0.0166142
0.0554273
0.101095
0.150374
0.199273
0.243345
0.278218
0.300322
0.307729
0.300944
0.283253
0.25982
0.237562
0.0500374
0.018304
-0.00376058
-0.0158648
-0.0190306
-0.0125907
0.00357345
0.0288861
0.0621935
0.101659
0.144658
0.187801
0.227161
0.258736
0.27911
0.286226
0.280154
0.263175
0.237473
0.206328
0.0735442
0.0301577
0.00311801
-0.0104686
-0.0145519
-0.00935567
0.00494247
0.0277975
0.0583467
0.0951689
0.136045
0.177871
0.216806
0.248676
0.269632
0.276966
0.27004
0.250294
0.217708
0.173672
0.0852793
0.0301329
-0.00269901
-0.0186701
-0.0242588
-0.020415
-0.00753126
0.0139151
0.0433569
0.0797601
0.121241
0.16485
0.206613
0.241879
0.265974
0.275137
0.267727
0.244321
0.203062
0.144365
0.0795292
0.0132121
-0.0254219
-0.0440086
-0.051238
-0.0486291
-0.0366774
-0.0157061
0.0140745
0.0520574
0.0967051
0.145186
0.193274
0.235599
0.266296
0.280088
0.273902
0.247211
0.196346
0.121269
0.0514308
-0.0253053
-0.0693972
-0.0904578
-0.0991886
-0.0975694
-0.086093
-0.0648183
-0.0334862
0.00783899
0.0580779
0.114593
0.172894
0.226736
0.268689
0.291392
0.28969
0.261389
0.200546
0.106805
-0.00350038
-0.0898852
-0.138861
-0.161957
-0.171825
-0.170872
-0.159513
-0.137421
-0.103706
-0.0576855
0.000251331
0.0678877
0.140624
0.211299
0.270594
0.308378
0.316474
0.290002
0.219602
0.104293
-0.0896133
-0.184957
-0.238043
-0.2624
-0.272753
-0.272012
-0.260484
-0.237343
-0.200867
-0.149341
-0.0820988
-0.000530172
0.0910188
0.184656
0.268969
0.330325
0.356268
0.337589
0.259435
0.119242
-0.211254
-0.315057
-0.371146
-0.395385
-0.404997
-0.403627
-0.39153
-0.367281
-0.328101
-0.270888
-0.193434
-0.0957057
0.0188366
0.142074
0.260605
0.356672
0.412033
0.410763
0.329111
0.160873
-0.373022
-0.485096
-0.542341
-0.563838
-0.570288
-0.566541
-0.552939
-0.52739
-0.485811
-0.42331
-0.335566
-0.220364
-0.0793618
0.080031
0.243051
0.387624
0.488234
0.519108
0.442396
0.244229
-0.580528
-0.701004
-0.755881
-0.769557
-0.768162
-0.75853
-0.741287
-0.713577
-0.669735
-0.602647
-0.505272
-0.372375
-0.202673
-0.0014668
0.216499
0.425529
0.591914
0.676471
0.619939
0.393454
-0.842343
-0.971071
-1.01637
-1.01261
-0.994846
-0.972938
-0.947881
-0.915808
-0.869076
-0.797872
-0.691856
-0.541971
-0.342797
-0.0957726
0.186614
0.477152
0.734475
0.902854
0.892477
0.64726
-1.17467
-1.30852
-1.32908
-1.29038
-1.24189
-1.19728
-1.1575
-1.117
-1.06545
-0.989772
-0.875784
-0.709971
-0.481742
-0.186857
0.167411
0.556224
0.933757
1.22678
1.30562
1.06871
-1.61192
-1.73589
-1.69955
-1.59559
-1.4942
-1.41189
-1.34778
-1.29306
-1.23353
-1.15197
-1.02988
-0.84887
-0.592491
-0.249309
0.181837
0.68416
1.21454
1.68646
1.92547
1.76126
-2.22817
-2.29117
-2.13154
-1.91307
-1.7278
-1.58919
-1.48996
-1.41505
-1.34434
-1.2553
-1.12457
-0.928656
-0.644955
-0.253796
0.257408
0.886813
1.60564
2.3269
2.84016
2.88671
-3.18063
-3.03388
-2.62418
-2.21908
-1.91119
-1.69687
-1.55385
-1.45569
-1.37312
-1.27692
-1.13835
-0.928771
-0.619212
-0.180904
0.413179
1.18385
2.13153
3.19169
4.15851
4.69292
-4.85722
-4.04179
-3.14326
-2.46318
-1.99681
-1.69528
-1.51054
-1.39567
-1.30845
-1.21193
-1.07223
-0.85606
-0.528547
-0.0509356
0.621941
1.54325
2.76201
4.28
6.02926
7.69345
-8.35184
-5.34072
-3.43057
-2.41748
-1.82438
-1.47959
-1.29612
-1.2016
-1.14017
-1.06936
-0.953079
-0.756299
-0.441621
0.0369734
0.741941
1.7661
3.23965
5.34591
8.55065
13.0758
-14.9087
-6.5918
-2.94913
-1.72623
-1.19331
-0.943203
-0.859475
-0.856763
-0.875078
-0.874103
-0.821664
-0.686981
-0.435567
-0.0246862
0.609374
1.57984
3.11261
5.73304
11.044
21.0424
)
;

boundaryField
{
    movingWall
    {
        type            zeroGradient;
    }
    fixedWalls
    {
        type            zeroGradient;
    }
    frontAndBack
    {
        type            empty;
    }
}


// ************************************************************************* //
