/*--------------------------------*- C++ -*----------------------------------*\
  =========                 |
  \\      /  F ield         | OpenFOAM: The Open Source CFD Toolbox
   \\    /   O peration     | Website:  https://openfoam.org
    \\  /    A nd           | Version:  8
     \\/     M anipulation  |
\*---------------------------------------------------------------------------*/
FoamFile
{
    version     2.0;
    format      ascii;
    class       volVectorField;
    location    "0.5";
    object      U;
}
// * * * * * * * * * * * * * * * * * * * * * * * * * * * * * * * * * * * * * //

dimensions      [0 1 -1 0 0 0 0];

internalField   nonuniform List<vector> 
400
(
(0.000913531 -0.000912514 0)
(0.000352547 0.000487226 0)
(-0.0047492 0.00215005 0)
(-0.0134063 0.00328132 0)
(-0.0241328 0.00384067 0)
(-0.0355506 0.00391567 0)
(-0.0464731 0.00359668 0)
(-0.0559019 0.00295427 0)
(-0.0630034 0.00204198 0)
(-0.0671017 0.00091286 0)
(-0.0677112 -0.000361547 0)
(-0.0646028 -0.00167736 0)
(-0.0578894 -0.00289378 0)
(-0.0481019 -0.00384105 0)
(-0.0362264 -0.0043413 0)
(-0.0236712 -0.00424146 0)
(-0.0121377 -0.00345558 0)
(-0.00337873 -0.00201264 0)
(0.00116914 -0.000169108 0)
(0.00112202 0.00108866 0)
(-0.000423059 -0.000442438 0)
(-0.00655401 0.00652606 0)
(-0.022254 0.0137672 0)
(-0.0449833 0.0188063 0)
(-0.0717522 0.0212943 0)
(-0.0997165 0.0214181 0)
(-0.126217 0.0194877 0)
(-0.148906 0.015817 0)
(-0.165806 0.0107092 0)
(-0.175352 0.00450248 0)
(-0.176485 -0.0023697 0)
(-0.168784 -0.00933485 0)
(-0.152621 -0.0156767 0)
(-0.129286 -0.0205819 0)
(-0.10102 -0.023243 0)
(-0.0709063 -0.0230136 0)
(-0.0425447 -0.0196027 0)
(-0.0195072 -0.0132814 0)
(-0.00478006 -0.00522182 0)
(9.16247e-05 0.00130486 0)
(-0.00221896 0.00467699 0)
(-0.0147665 0.0224469 0)
(-0.0411566 0.0389095 0)
(-0.0766428 0.0502481 0)
(-0.116935 0.0556673 0)
(-0.158248 0.0554039 0)
(-0.196986 0.0500587 0)
(-0.229923 0.0403468 0)
(-0.254331 0.0270444 0)
(-0.268066 0.0110571 0)
(-0.269693 -0.00647584 0)
(-0.25866 -0.0241095 0)
(-0.235486 -0.0401006 0)
(-0.201907 -0.0525239 0)
(-0.160924 -0.059513 0)
(-0.116665 -0.0596161 0)
(-0.0739651 -0.0522337 0)
(-0.0376838 -0.0380615 0)
(-0.0123162 -0.0196116 0)
(-0.00145086 -0.00255026 0)
(-0.00381987 0.0142346 0)
(-0.022475 0.047567 0)
(-0.0591805 0.0757431 0)
(-0.106633 0.0945099 0)
(-0.159155 0.102962 0)
(-0.212185 0.101535 0)
(-0.261465 0.0912181 0)
(-0.303189 0.0732262 0)
(-0.334138 0.0489288 0)
(-0.351768 0.019946 0)
(-0.354345 -0.0117029 0)
(-0.341134 -0.0434973 0)
(-0.31262 -0.072432 0)
(-0.270701 -0.0952056 0)
(-0.218786 -0.10861 0)
(-0.161723 -0.110115 0)
(-0.105376 -0.0985851 0)
(-0.0559066 -0.0749904 0)
(-0.0196555 -0.0430539 0)
(-0.00282975 -0.0104295 0)
(-0.00520907 0.0277357 0)
(-0.02949 0.0811745 0)
(-0.0759282 0.123282 0)
(-0.134638 0.150218 0)
(-0.198522 0.161486 0)
(-0.262304 0.158014 0)
(-0.321224 0.141341 0)
(-0.371089 0.113274 0)
(-0.408357 0.0758377 0)
(-0.430186 0.0314136 0)
(-0.434546 -0.0170484 0)
(-0.420415 -0.0658811 0)
(-0.388033 -0.110701 0)
(-0.339173 -0.146643 0)
(-0.277365 -0.168874 0)
(-0.207963 -0.173416 0)
(-0.137823 -0.158181 0)
(-0.0746105 -0.124011 0)
(-0.0269432 -0.0755049 0)
(-0.00408528 -0.0220541 0)
(-0.00644769 0.0447858 0)
(-0.0359119 0.122712 0)
(-0.0914486 0.180964 0)
(-0.160702 0.216785 0)
(-0.235187 0.230631 0)
(-0.308984 0.224287 0)
(-0.376957 0.200057 0)
(-0.434672 0.160439 0)
(-0.478398 0.108132 0)
(-0.505069 0.0462548 0)
(-0.512339 -0.0213581 0)
(-0.498775 -0.0899218 0)
(-0.464139 -0.153637 0)
(-0.409776 -0.205909 0)
(-0.339016 -0.239948 0)
(-0.257487 -0.24981 0)
(-0.173 -0.231813 0)
(-0.0949671 -0.186041 0)
(-0.0347954 -0.117543 0)
(-0.00539014 -0.0374564 0)
(-0.00758595 0.0650873 0)
(-0.041856 0.171627 0)
(-0.105844 0.248131 0)
(-0.184848 0.293507 0)
(-0.269073 0.309706 0)
(-0.352051 0.299777 0)
(-0.428412 0.267029 0)
(-0.493647 0.214756 0)
(-0.543979 0.146317 0)
(-0.576206 0.0654707 0)
(-0.587677 -0.0232084 0)
(-0.576438 -0.113954 0)
(-0.541545 -0.199609 0)
(-0.483565 -0.271747 0)
(-0.405224 -0.321259 0)
(-0.312056 -0.339575 0)
(-0.212652 -0.320522 0)
(-0.118345 -0.262488 0)
(-0.0439528 -0.17035 0)
(-0.00694015 -0.0570789 0)
(-0.00865932 0.0884107 0)
(-0.0474113 0.227379 0)
(-0.119174 0.324024 0)
(-0.206964 0.379466 0)
(-0.299761 0.397735 0)
(-0.390689 0.383589 0)
(-0.474334 0.341621 0)
(-0.546321 0.276015 0)
(-0.60303 0.190747 0)
(-0.641279 0.0900522 0)
(-0.658189 -0.0209967 0)
(-0.651242 -0.135917 0)
(-0.618594 -0.246398 0)
(-0.559659 -0.342194 0)
(-0.476027 -0.411566 0)
(-0.372552 -0.442563 0)
(-0.258158 -0.425328 0)
(-0.146062 -0.355177 0)
(-0.0551912 -0.235754 0)
(-0.00894464 -0.0817989 0)
(-0.00970287 0.114577 0)
(-0.0526721 0.289449 0)
(-0.131484 0.407752 0)
(-0.226822 0.473435 0)
(-0.326511 0.49327 0)
(-0.423454 0.474251 0)
(-0.512455 0.422562 0)
(-0.589569 0.343395 0)
(-0.651618 0.24127 0)
(-0.695702 0.120678 0)
(-0.7189 -0.01315 0)
(-0.718214 -0.153423 0)
(-0.690792 -0.29107 0)
(-0.63455 -0.414257 0)
(-0.549303 -0.508478 0)
(-0.43836 -0.55766 0)
(-0.310102 -0.546791 0)
(-0.179192 -0.466108 0)
(-0.0692988 -0.316186 0)
(-0.0116408 -0.112939 0)
(-0.0107845 0.143476 0)
(-0.0578363 0.357352 0)
(-0.14295 0.498247 0)
(-0.244223 0.573712 0)
(-0.348374 0.594123 0)
(-0.448354 0.569349 0)
(-0.539555 0.507541 0)
(-0.618855 0.41502 0)
(-0.683918 0.296775 0)
(-0.732502 0.157289 0)
(-0.76199 0.0015348 0)
(-0.76915 -0.163949 0)
(-0.7502 -0.329955 0)
(-0.701326 -0.483619 0)
(-0.619908 -0.607877 0)
(-0.506575 -0.682015 0)
(-0.367737 -0.684238 0)
(-0.218351 -0.596934 0)
(-0.0870846 -0.414497 0)
(-0.0153273 -0.152292 0)
(-0.0120639 0.175172 0)
(-0.0633712 0.430745 0)
(-0.154096 0.594229 0)
(-0.259197 0.67794 0)
(-0.36434 0.697052 0)
(-0.46295 0.665137 0)
(-0.551523 0.592747 0)
(-0.628289 0.487472 0)
(-0.692255 0.354681 0)
(-0.742338 0.198576 0)
(-0.776715 0.0234024 0)
(-0.792382 -0.165225 0)
(-0.784955 -0.358835 0)
(-0.748922 -0.544498 0)
(-0.678717 -0.703364 0)
(-0.571016 -0.81011 0)
(-0.428213 -0.834687 0)
(-0.26335 -0.748123 0)
(-0.109386 -0.53365 0)
(-0.0204202 -0.202183 0)
(-0.0138949 0.210138 0)
(-0.070267 0.509645 0)
(-0.166077 0.694195 0)
(-0.272181 0.782858 0)
(-0.373389 0.797387 0)
(-0.46431 0.756102 0)
(-0.543308 0.672426 0)
(-0.610625 0.55533 0)
(-0.6672 0.410451 0)
(-0.71367 0.24144 0)
(-0.749605 0.0513546 0)
(-0.772874 -0.155826 0)
(-0.779136 -0.373417 0)
(-0.761623 -0.589816 0)
(-0.711727 -0.78591 0)
(-0.621058 -0.932779 0)
(-0.485495 -0.991423 0)
(-0.312591 -0.917643 0)
(-0.137038 -0.676152 0)
(-0.0275412 -0.265598 0)
(-0.0170066 0.249721 0)
(-0.0803995 0.594753 0)
(-0.180912 0.796293 0)
(-0.283947 0.883879 0)
(-0.374116 0.888501 0)
(-0.448503 0.834475 0)
(-0.508426 0.738478 0)
(-0.556936 0.610832 0)
(-0.597495 0.457257 0)
(-0.632976 0.280583 0)
(-0.664909 0.0823014 0)
(-0.692771 -0.135871 0)
(-0.713176 -0.370101 0)
(-0.719075 -0.611809 0)
(-0.699446 -0.84395 0)
(-0.640401 -1.03643 0)
(-0.528872 -1.1423 0)
(-0.362018 -1.09901 0)
(-0.170697 -0.843021 0)
(-0.0376425 -0.346391 0)
(-0.0228138 0.296963 0)
(-0.0969818 0.687769 0)
(-0.20138 0.897805 0)
(-0.294708 0.974196 0)
(-0.363283 0.960976 0)
(-0.408921 0.88966 0)
(-0.4374 0.780176 0)
(-0.455414 0.643826 0)
(-0.469379 0.486024 0)
(-0.484663 0.308487 0)
(-0.505082 0.1109 0)
(-0.532305 -0.10765 0)
(-0.564909 -0.346987 0)
(-0.597028 -0.603212 0)
(-0.616862 -0.864258 0)
(-0.605965 -1.10294 0)
(-0.540985 -1.26811 0)
(-0.403243 -1.27853 0)
(-0.210217 -1.03179 0)
(-0.0521043 -0.449478 0)
(-0.0338531 0.357923 0)
(-0.124805 0.791233 0)
(-0.229633 0.993626 0)
(-0.301056 1.04305 0)
(-0.331835 1.00136 0)
(-0.332191 0.907691 0)
(-0.314114 0.784275 0)
(-0.288494 0.642332 0)
(-0.264642 0.486212 0)
(-0.250133 0.316152 0)
(-0.250841 0.129976 0)
(-0.270733 -0.0758025 0)
(-0.311093 -0.30485 0)
(-0.368898 -0.559005 0)
(-0.43424 -0.833987 0)
(-0.487117 -1.11088 0)
(-0.495238 -1.34176 0)
(-0.42017 -1.43196 0)
(-0.252645 -1.2329 0)
(-0.0724338 -0.580604 0)
(-0.0539036 0.443801 0)
(-0.168761 0.906647 0)
(-0.261676 1.07237 0)
(-0.28751 1.07252 0)
(-0.255726 0.990552 0)
(-0.18976 0.871149 0)
(-0.108853 0.736053 0)
(-0.0275536 0.59427 0)
(0.0430475 0.447845 0)
(0.0943889 0.29509 0)
(0.119611 0.132129 0)
(0.113136 -0.0464957 0)
(0.0709637 -0.247545 0)
(-0.00799995 -0.478323 0)
(-0.118913 -0.743866 0)
(-0.245492 -1.03884 0)
(-0.352379 -1.3293 0)
(-0.382856 -1.5213 0)
(-0.286694 -1.42425 0)
(-0.0982233 -0.746046 0)
(-0.085658 0.575301 0)
(-0.225394 1.02715 0)
(-0.269873 1.10583 0)
(-0.205962 1.03053 0)
(-0.0774703 0.901316 0)
(0.0766063 0.759869 0)
(0.232187 0.621834 0)
(0.374209 0.49079 0)
(0.492689 0.365042 0)
(0.580507 0.240698 0)
(0.631778 0.112686 0)
(0.640873 -0.0252606 0)
(0.60208 -0.181196 0)
(0.510085 -0.365745 0)
(0.362207 -0.591922 0)
(0.164506 -0.870547 0)
(-0.0561478 -1.19329 0)
(-0.237465 -1.49187 0)
(-0.280731 -1.56241 0)
(-0.120008 -0.952508 0)
(-0.115919 0.781163 0)
(-0.250379 1.11307 0)
(-0.155167 1.02807 0)
(0.0675507 0.863029 0)
(0.324366 0.699937 0)
(0.573426 0.557009 0)
(0.796831 0.43609 0)
(0.986068 0.332893 0)
(1.13699 0.241657 0)
(1.2471 0.156876 0)
(1.31378 0.07336 0)
(1.33326 -0.0143757 0)
(1.29995 -0.113193 0)
(1.20583 -0.233142 0)
(1.04072 -0.389863 0)
(0.795709 -0.606028 0)
(0.473386 -0.904363 0)
(0.110712 -1.27311 0)
(-0.158435 -1.55935 0)
(-0.0969596 -1.18065 0)
(-0.0167441 0.98485 0)
(-0.0190302 1.02664 0)
(0.368777 0.751502 0)
(0.799472 0.540275 0)
(1.16355 0.392979 0)
(1.4604 0.287368 0)
(1.69937 0.21028 0)
(1.88697 0.151998 0)
(2.02852 0.105257 0)
(2.12772 0.0649424 0)
(2.18616 0.0272906 0)
(2.20302 -0.0109712 0)
(2.1746 -0.0536442 0)
(2.09319 -0.106499 0)
(1.94527 -0.18018 0)
(1.70937 -0.295684 0)
(1.35343 -0.49184 0)
(0.84207 -0.819633 0)
(0.281818 -1.24847 0)
(0.132229 -1.23569 0)
(1.0949 0.53711 0)
(1.412 0.47487 0)
(1.97809 0.297283 0)
(2.41555 0.183357 0)
(2.6938 0.116182 0)
(2.87987 0.0749418 0)
(3.01148 0.0489344 0)
(3.10517 0.0318864 0)
(3.17009 0.019885 0)
(3.21171 0.0105757 0)
(3.23284 0.0025201 0)
(3.23419 -0.00527997 0)
(3.21457 -0.0138477 0)
(3.1703 -0.024639 0)
(3.09318 -0.0406209 0)
(2.9659 -0.0688054 0)
(2.74802 -0.126268 0)
(2.33745 -0.249535 0)
(1.68159 -0.475536 0)
(1.22568 -0.581175 0)
)
;

boundaryField
{
    movingWall
    {
        type            fixedValue;
        value           uniform (3.8 0 0);
    }
    fixedWalls
    {
        type            noSlip;
    }
    frontAndBack
    {
        type            empty;
    }
}


// ************************************************************************* //
