/*--------------------------------*- C++ -*----------------------------------*\
  =========                 |
  \\      /  F ield         | OpenFOAM: The Open Source CFD Toolbox
   \\    /   O peration     | Website:  https://openfoam.org
    \\  /    A nd           | Version:  8
     \\/     M anipulation  |
\*---------------------------------------------------------------------------*/
FoamFile
{
    version     2.0;
    format      ascii;
    class       surfaceScalarField;
    location    "0.5";
    object      phi;
}
// * * * * * * * * * * * * * * * * * * * * * * * * * * * * * * * * * * * * * //

dimensions      [0 3 -1 0 0 0 0];

internalField   nonuniform List<scalar> 
760
(
6.093e-08
-6.09428e-08
-1.25681e-07
1.8661e-07
-5.67897e-07
4.42215e-07
-1.18201e-06
6.14107e-07
-1.87982e-06
6.97812e-07
-2.5839e-06
7.04087e-07
-3.22843e-06
6.4453e-07
-3.757e-06
5.28565e-07
-4.12102e-06
3.6402e-07
-4.28083e-06
1.59811e-07
-4.20979e-06
-7.10414e-08
-3.90053e-06
-3.09262e-07
-3.37151e-06
-5.29021e-07
-2.67167e-06
-6.99837e-07
-1.88068e-06
-7.90995e-07
-1.10264e-06
-7.78039e-07
-4.5219e-07
-6.5045e-07
-3.3179e-08
-4.19013e-07
9.49505e-08
-1.2813e-07
9.49505e-08
-1.84433e-07
1.2349e-07
-9.10957e-07
9.13134e-07
-2.13114e-06
1.6624e-06
-3.69201e-06
2.17497e-06
-5.41679e-06
2.42259e-06
-7.13511e-06
2.42241e-06
-8.69314e-06
2.20257e-06
-9.95612e-06
1.79155e-06
-1.081e-05
1.21794e-06
-1.11665e-05
5.16293e-07
-1.09718e-05
-2.65801e-07
-1.02181e-05
-1.06295e-06
-8.9552e-06
-1.7919e-06
-7.29692e-06
-2.35813e-06
-5.41879e-06
-2.66912e-06
-3.54286e-06
-2.65397e-06
-1.90697e-06
-2.28635e-06
-7.19516e-07
-1.60646e-06
-1.0178e-07
-7.45867e-07
-6.82989e-09
-4.76438e-07
5.99926e-07
-1.78465e-06
2.22134e-06
-3.74578e-06
3.62353e-06
-6.13273e-06
4.56192e-06
-8.70522e-06
4.99508e-06
-1.12326e-05
4.94973e-06
-1.3504e-05
4.47401e-06
-1.53336e-05
3.6211e-06
-1.65644e-05
2.44877e-06
-1.70764e-05
1.0283e-06
-1.67979e-05
-5.44281e-07
-1.57199e-05
-2.14096e-06
-1.39095e-05
-3.60231e-06
-1.15183e-05
-4.74931e-06
-8.78004e-06
-5.40739e-06
-5.99205e-06
-5.44195e-06
-3.47791e-06
-4.80049e-06
-1.5324e-06
-3.55197e-06
-3.56656e-07
-1.92161e-06
-3.63487e-07
-7.43272e-07
1.3432e-06
-2.61115e-06
4.08922e-06
-5.27596e-06
6.28834e-06
-8.42163e-06
7.70759e-06
-1.17482e-05
8.3216e-06
-1.49792e-05
8.18073e-06
-1.78657e-05
7.36054e-06
-2.01884e-05
5.94386e-06
-2.17618e-05
4.02212e-06
-2.24419e-05
1.7084e-06
-2.21393e-05
-8.46875e-07
-2.0835e-05
-3.44523e-06
-1.85971e-05
-5.84028e-06
-1.55927e-05
-7.75364e-06
-1.20911e-05
-8.90909e-06
-8.44778e-06
-9.08523e-06
-5.06801e-06
-8.18026e-06
-2.3467e-06
-6.27328e-06
-5.98328e-07
-3.66999e-06
-9.61816e-07
-9.81253e-07
2.32445e-06
-3.36846e-06
6.47642e-06
-6.69096e-06
9.61084e-06
-1.05405e-05
1.15571e-05
-1.45592e-05
1.23404e-05
-1.84337e-05
1.20552e-05
-2.18886e-05
1.08154e-05
-2.46829e-05
8.73825e-06
-2.6611e-05
5.95017e-06
-2.75079e-05
2.60528e-06
-2.72619e-05
-1.09283e-06
-2.58321e-05
-4.87502e-06
-2.32689e-05
-8.40346e-06
-1.97345e-05
-1.12881e-05
-1.55151e-05
-1.31285e-05
-1.1017e-05
-1.35833e-05
-6.73444e-06
-1.24628e-05
-3.18702e-06
-9.8207e-06
-8.3523e-07
-6.02178e-06
-1.79705e-06
-1.19425e-06
3.5187e-06
-4.05596e-06
9.33813e-06
-7.98413e-06
1.3539e-05
-1.24825e-05
1.60555e-05
-1.71402e-05
1.69981e-05
-2.16139e-05
1.65289e-05
-2.56115e-05
1.48129e-05
-2.88798e-05
1.20066e-05
-3.11993e-05
8.26963e-06
-3.23851e-05
3.79113e-06
-3.22976e-05
-1.18033e-06
-3.08602e-05
-6.31242e-06
-2.80858e-05
-1.11779e-05
-2.41077e-05
-1.52662e-05
-1.9209e-05
-1.80272e-05
-1.38363e-05
-1.89561e-05
-8.58155e-06
-1.77175e-05
-4.11815e-06
-1.42841e-05
-1.09312e-06
-9.0468e-06
-2.89017e-06
-1.38505e-06
4.90374e-06
-4.67456e-06
1.26276e-05
-9.14945e-06
1.80139e-05
-1.42327e-05
2.11387e-05
-1.94673e-05
2.22327e-05
-2.4489e-05
2.15506e-05
-2.89991e-05
1.9323e-05
-3.27422e-05
1.57497e-05
-3.54922e-05
1.10196e-05
-3.70473e-05
5.3463e-06
-3.72359e-05
-9.91757e-07
-3.59335e-05
-7.61482e-06
-3.30943e-05
-1.40171e-05
-2.87947e-05
-1.95657e-05
-2.32849e-05
-2.3537e-05
-1.70308e-05
-2.52102e-05
-1.07224e-05
-2.4026e-05
-5.21664e-06
-1.97898e-05
-1.40173e-06
-1.28617e-05
-4.2919e-06
-1.55487e-06
6.45862e-06
-5.22302e-06
1.62958e-05
-1.01757e-05
2.29665e-05
-1.57619e-05
2.67249e-05
-2.14871e-05
2.79579e-05
-2.69773e-05
2.70408e-05
-3.19396e-05
2.42854e-05
-3.61295e-05
1.99396e-05
-3.93258e-05
1.4216e-05
-4.13177e-05
7.33817e-06
-4.19027e-05
-4.06713e-07
-4.09011e-05
-8.61647e-06
-3.81885e-05
-1.67297e-05
-3.37522e-05
-2.40021e-05
-2.77671e-05
-2.95221e-05
-2.06783e-05
-3.2299e-05
-1.32543e-05
-3.14499e-05
-6.55895e-06
-2.64852e-05
-1.7922e-06
-1.76285e-05
-6.0841e-06
-1.705e-06
8.16362e-06
-5.70076e-06
2.02915e-05
-1.10496e-05
2.83154e-05
-1.70303e-05
3.27056e-05
-2.31202e-05
3.40479e-05
-2.89493e-05
3.28699e-05
-3.42476e-05
2.95837e-05
-3.87986e-05
2.44905e-05
-4.24037e-05
1.78211e-05
-4.4858e-05
9.79253e-06
-4.59393e-05
6.74551e-07
-4.54137e-05
-9.14209e-06
-4.30655e-05
-1.90779e-05
-3.87593e-05
-2.83082e-05
-3.25408e-05
-3.57406e-05
-2.47677e-05
-4.00721e-05
-1.62348e-05
-3.99828e-05
-8.21322e-06
-3.45068e-05
-2.29704e-06
-2.35446e-05
-8.38113e-06
-1.84082e-06
1.00044e-05
-6.11651e-06
2.45672e-05
-1.17672e-05
3.39661e-05
-1.79993e-05
3.89376e-05
-2.42727e-05
4.03213e-05
-3.02398e-05
3.8837e-05
-3.56747e-05
3.50186e-05
-4.04125e-05
2.92284e-05
-4.43015e-05
2.171e-05
-4.71671e-05
1.26581e-05
-4.87895e-05
2.29694e-06
-4.88965e-05
-9.03507e-06
-4.71816e-05
-2.07929e-05
-4.33614e-05
-3.21283e-05
-3.72915e-05
-4.18106e-05
-2.91477e-05
-4.82158e-05
-1.96503e-05
-4.94802e-05
-1.02303e-05
-4.39268e-05
-2.95157e-06
-3.08234e-05
-1.13327e-05
-1.97864e-06
1.19831e-05
-6.50239e-06
2.9091e-05
-1.23506e-05
3.98143e-05
-1.86479e-05
4.52349e-05
-2.48517e-05
4.65252e-05
-3.06621e-05
4.46473e-05
-3.59259e-05
4.02823e-05
-4.05588e-05
3.38614e-05
-4.44861e-05
2.56373e-05
-4.75966e-05
1.57686e-05
-4.97079e-05
4.40824e-06
-5.05427e-05
-8.20026e-06
-4.97257e-05
-2.16098e-05
-4.68205e-05
-3.50335e-05
-4.14392e-05
-4.71919e-05
-3.34612e-05
-5.61938e-05
-2.33713e-05
-5.95702e-05
-1.26288e-05
-5.46693e-05
-3.79606e-06
-3.9656e-05
-1.51288e-05
-2.15657e-06
1.41396e-05
-6.93332e-06
3.38677e-05
-1.28672e-05
4.57482e-05
-1.89876e-05
5.13553e-05
-2.47763e-05
5.23138e-05
-3.00194e-05
4.98904e-05
-3.46739e-05
4.49369e-05
-3.87706e-05
3.79581e-05
-4.23455e-05
2.92122e-05
-4.53879e-05
1.88111e-05
-4.77972e-05
6.81753e-06
-4.93415e-05
-6.65601e-06
-4.9626e-05
-2.13253e-05
-4.80907e-05
-3.65689e-05
-4.40819e-05
-5.12007e-05
-3.70701e-05
-6.32055e-05
-2.70876e-05
-6.95527e-05
-1.53673e-05
-6.63896e-05
-4.87803e-06
-5.01453e-05
-2.00068e-05
-2.45217e-06
1.65918e-05
-7.55056e-06
3.89661e-05
-1.3443e-05
5.16407e-05
-1.90598e-05
5.69721e-05
-2.39631e-05
5.72172e-05
-2.80874e-05
5.40147e-05
-3.15493e-05
4.83988e-05
-3.45318e-05
4.09406e-05
-3.7213e-05
3.18934e-05
-3.97173e-05
2.13154e-05
-4.20698e-05
9.17008e-06
-4.41446e-05
-4.58121e-06
-4.56031e-05
-1.98668e-05
-4.58371e-05
-3.63349e-05
-4.3964e-05
-5.30738e-05
-3.89782e-05
-6.81914e-05
-3.02198e-05
-7.83111e-05
-1.82938e-05
-7.83156e-05
-6.25191e-06
-6.21872e-05
-2.62587e-05
-3.0105e-06
1.96023e-05
-8.58131e-06
4.45369e-05
-1.42429e-05
5.73023e-05
-1.88759e-05
6.1605e-05
-2.2243e-05
6.05842e-05
-2.4525e-05
5.62968e-05
-2.60613e-05
4.9935e-05
-2.72219e-05
4.21012e-05
-2.83476e-05
3.30192e-05
-2.97159e-05
2.26837e-05
-3.15077e-05
1.09618e-05
-3.37568e-05
-2.33214e-06
-3.62694e-05
-1.73541e-05
-3.85105e-05
-3.40938e-05
-3.94907e-05
-5.20936e-05
-3.77664e-05
-6.99157e-05
-3.18008e-05
-8.42767e-05
-2.10506e-05
-8.90658e-05
-7.96548e-06
-7.52724e-05
-3.42242e-05
-4.08202e-06
2.36843e-05
-1.03203e-05
5.07752e-05
-1.53483e-05
6.23303e-05
-1.82128e-05
6.44696e-05
-1.91143e-05
6.14856e-05
-1.86247e-05
5.58072e-05
-1.73728e-05
4.86831e-05
-1.59347e-05
4.0663e-05
-1.4807e-05
3.18915e-05
-1.44069e-05
2.22835e-05
-1.50669e-05
1.16219e-05
-1.70042e-05
-3.94896e-07
-2.02431e-05
-1.41153e-05
-2.44666e-05
-2.98703e-05
-2.8793e-05
-4.77672e-05
-3.15476e-05
-6.71611e-05
-3.03159e-05
-8.55084e-05
-2.28911e-05
-9.64905e-05
-9.99531e-06
-8.81682e-05
-4.42195e-05
-6.0315e-06
2.97158e-05
-1.29396e-05
5.76833e-05
-1.63336e-05
6.57244e-05
-1.60573e-05
6.41932e-05
-1.31605e-05
5.85889e-05
-8.77001e-06
5.14167e-05
-3.83313e-06
4.37462e-05
9.02233e-07
3.59277e-05
4.84252e-06
2.79512e-05
7.49407e-06
1.9632e-05
8.42807e-06
1.06879e-05
7.2749e-06
7.58275e-07
3.7729e-06
-1.06133e-05
-2.09949e-06
-2.39979e-05
-9.83649e-06
-4.00302e-05
-1.79424e-05
-5.90552e-05
-2.34721e-05
-7.99787e-05
-2.23179e-05
-9.76447e-05
-1.20298e-05
-9.84563e-05
-5.62493e-05
-9.15104e-06
3.88669e-05
-1.56797e-05
6.42119e-05
-1.50373e-05
6.5082e-05
-9.29815e-06
5.8454e-05
-8.73158e-07
5.01639e-05
8.52974e-06
4.20138e-05
1.7772e-05
3.4504e-05
2.60904e-05
2.76092e-05
3.29395e-05
2.11022e-05
3.78763e-05
1.46952e-05
4.0486e-05
8.07819e-06
4.03405e-05
9.03781e-07
3.70007e-05
-7.27347e-06
3.00776e-05
-1.70748e-05
1.94723e-05
-2.94248e-05
5.94325e-06
-4.55262e-05
-7.87303e-06
-6.61624e-05
-1.64727e-05
-8.9045e-05
-1.29543e-05
-0.000101975
-6.92036e-05
-1.27096e-05
5.15765e-05
-1.41025e-05
6.56048e-05
-4.41647e-06
5.5396e-05
9.92007e-06
4.41175e-05
2.52591e-05
3.48248e-05
3.98892e-05
2.73837e-05
5.29734e-05
2.14198e-05
6.40794e-05
1.65032e-05
7.29462e-05
1.22353e-05
7.93503e-05
8.29111e-06
8.30286e-05
4.39992e-06
8.36243e-05
3.08133e-07
8.06558e-05
-4.30501e-06
7.34721e-05
-9.89105e-06
6.13191e-05
-1.72719e-05
4.37071e-05
-2.79142e-05
2.16262e-05
-4.40815e-05
7.40798e-08
-6.74929e-05
-9.85387e-06
-9.20468e-05
-7.90575e-05
-8.61243e-06
6.01889e-05
8.98001e-06
4.80124e-05
3.4219e-05
3.01569e-05
5.7946e-05
2.03906e-05
7.83364e-05
1.44343e-05
9.533e-05
1.03901e-05
0.000109192
7.55774e-06
0.000120213
5.48264e-06
0.000128604
3.84358e-06
0.000134464
2.43141e-06
0.000137758
1.10635e-06
0.000138309
-2.42762e-07
0.000135743
-1.73929e-06
0.000129405
-3.55291e-06
0.000118181
-6.04845e-06
0.000100333
-1.00662e-05
7.38888e-05
-1.7637e-05
3.91608e-05
-3.27648e-05
6.04283e-06
-5.89289e-05
-7.30147e-05
6.01889e-05
0.000108201
0.000138358
0.000158749
0.000173183
0.000183573
0.000191131
0.000196614
0.000200457
0.000202889
0.000203995
0.000203752
0.000202013
0.00019846
0.000192412
0.000182345
0.000164708
0.000131944
7.30147e-05
)
;

boundaryField
{
    movingWall
    {
        type            calculated;
        value           uniform 0;
    }
    fixedWalls
    {
        type            calculated;
        value           uniform 0;
    }
    frontAndBack
    {
        type            empty;
        value           nonuniform List<scalar> 0();
    }
}


// ************************************************************************* //
