/*--------------------------------*- C++ -*----------------------------------*\
  =========                 |
  \\      /  F ield         | OpenFOAM: The Open Source CFD Toolbox
   \\    /   O peration     | Website:  https://openfoam.org
    \\  /    A nd           | Version:  8
     \\/     M anipulation  |
\*---------------------------------------------------------------------------*/
FoamFile
{
    version     2.0;
    format      ascii;
    class       volVectorField;
    location    "0.5";
    object      U;
}
// * * * * * * * * * * * * * * * * * * * * * * * * * * * * * * * * * * * * * //

dimensions      [0 1 -1 0 0 0 0];

internalField   nonuniform List<vector> 
400
(
(0.00114242 -0.00114383 0)
(0.00039434 0.000632691 0)
(-0.00608042 0.00271336 0)
(-0.0169831 0.0041139 0)
(-0.0304433 0.00480654 0)
(-0.0447711 0.00491302 0)
(-0.0585274 0.00454468 0)
(-0.0704897 0.00377753 0)
(-0.0796052 0.00266147 0)
(-0.0849795 0.00124761 0)
(-0.0859295 -0.000381976 0)
(-0.0820916 -0.00209305 0)
(-0.0735574 -0.00369255 0)
(-0.0609947 -0.00494232 0)
(-0.0457048 -0.00559354 0)
(-0.0295693 -0.00543905 0)
(-0.0148498 -0.0043767 0)
(-0.00382714 -0.00247475 0)
(0.00171933 -0.000111374 0)
(0.00147541 0.00142732 0)
(-0.000577688 -0.000498392 0)
(-0.00843606 0.00833749 0)
(-0.0283615 0.0174038 0)
(-0.0570526 0.0236579 0)
(-0.0907499 0.0267479 0)
(-0.125954 0.0269522 0)
(-0.159409 0.0246498 0)
(-0.188213 0.0201827 0)
(-0.20986 0.013862 0)
(-0.222294 0.00605204 0)
(-0.224048 -0.00272954 0)
(-0.214455 -0.0117427 0)
(-0.193899 -0.0200181 0)
(-0.164005 -0.0264319 0)
(-0.127709 -0.0298683 0)
(-0.0890924 -0.029458 0)
(-0.0529113 -0.0248607 0)
(-0.0238168 -0.0165434 0)
(-0.00553781 -0.00618704 0)
(0.000255196 0.00189957 0)
(-0.00288646 0.00609669 0)
(-0.0189395 0.0286192 0)
(-0.0524447 0.0492329 0)
(-0.0972831 0.0633173 0)
(-0.14807 0.070054 0)
(-0.200153 0.0698268 0)
(-0.249119 0.0633629 0)
(-0.290971 0.0514463 0)
(-0.322246 0.0349034 0)
(-0.340133 0.0147468 0)
(-0.342653 -0.00764475 0)
(-0.328937 -0.0304066 0)
(-0.299516 -0.0511974 0)
(-0.256567 -0.06738 0)
(-0.203989 -0.0763909 0)
(-0.147225 -0.0762775 0)
(-0.0926659 -0.0663314 0)
(-0.0466708 -0.0476855 0)
(-0.014922 -0.0239266 0)
(-0.00163715 -0.00263284 0)
(-0.00495233 0.0183844 0)
(-0.0288016 0.0606147 0)
(-0.0753791 0.0958765 0)
(-0.135318 0.119179 0)
(-0.201521 0.129687 0)
(-0.268399 0.128077 0)
(-0.330745 0.115538 0)
(-0.383842 0.0934002 0)
(-0.423609 0.0631406 0)
(-0.446704 0.0265895 0)
(-0.450727 -0.0138037 0)
(-0.434523 -0.0547975 0)
(-0.398516 -0.0923769 0)
(-0.345026 -0.122038 0)
(-0.278445 -0.139379 0)
(-0.205147 -0.140975 0)
(-0.132908 -0.12543 0)
(-0.0698691 -0.0943487 0)
(-0.0241646 -0.053117 0)
(-0.00334098 -0.0121804 0)
(-0.00674113 0.0357269 0)
(-0.0377243 0.103373 0)
(-0.0965329 0.156014 0)
(-0.170559 0.189432 0)
(-0.250977 0.203454 0)
(-0.331375 0.199418 0)
(-0.405965 0.179155 0)
(-0.46957 0.144643 0)
(-0.517702 0.0980587 0)
(-0.546613 0.0420884 0)
(-0.553473 -0.0197079 0)
(-0.536669 -0.0826412 0)
(-0.496206 -0.140883 0)
(-0.434131 -0.187806 0)
(-0.354909 -0.216768 0)
(-0.265553 -0.222328 0)
(-0.1752 -0.201796 0)
(-0.0941007 -0.15671 0)
(-0.0334911 -0.0938784 0)
(-0.00490733 -0.0264458 0)
(-0.00831225 0.0575761 0)
(-0.045759 0.156072 0)
(-0.115812 0.228781 0)
(-0.202828 0.273188 0)
(-0.296346 0.290482 0)
(-0.389242 0.28311 0)
(-0.475327 0.253792 0)
(-0.549164 0.205243 0)
(-0.60603 0.140338 0)
(-0.641857 0.0625464 0)
(-0.653338 -0.0235562 0)
(-0.638214 -0.111905 0)
(-0.59572 -0.194828 0)
(-0.527177 -0.263359 0)
(-0.436646 -0.308123 0)
(-0.331434 -0.320898 0)
(-0.221993 -0.296756 0)
(-0.121057 -0.23628 0)
(-0.0437717 -0.147204 0)
(-0.00657164 -0.0455623 0)
(-0.00970894 0.0834613 0)
(-0.0529689 0.217809 0)
(-0.133179 0.313119 0)
(-0.231916 0.369351 0)
(-0.337234 0.389751 0)
(-0.441448 0.37836 0)
(-0.538161 0.33906 0)
(-0.62189 0.275392 0)
(-0.68786 0.190867 0)
(-0.731797 0.089573 0)
(-0.749917 -0.0231358 0)
(-0.739153 -0.140044 0)
(-0.697635 -0.251754 0)
(-0.625451 -0.346823 0)
(-0.525647 -0.41263 0)
(-0.405262 -0.43719 0)
(-0.275787 -0.411992 0)
(-0.152713 -0.335302 0)
(-0.0560643 -0.214963 0)
(-0.00860834 -0.0702347 0)
(-0.0109551 0.112951 0)
(-0.0593836 0.287627 0)
(-0.148545 0.407755 0)
(-0.257451 0.476493 0)
(-0.372839 0.499837 0)
(-0.486652 0.483944 0)
(-0.592531 0.434158 0)
(-0.685209 0.354931 0)
(-0.760115 0.25031 0)
(-0.81297 0.124742 0)
(-0.839617 -0.0160026 0)
(-0.836134 -0.163963 0)
(-0.799284 -0.308334 0)
(-0.727395 -0.435261 0)
(-0.621728 -0.528442 0)
(-0.488163 -0.571025 0)
(-0.338518 -0.549123 0)
(-0.190963 -0.456619 0)
(-0.0714906 -0.299972 0)
(-0.0113178 -0.101788 0)
(-0.0120749 0.14563 0)
(-0.0650479 0.364514 0)
(-0.161834 0.511193 0)
(-0.27897 0.592746 0)
(-0.402024 0.618682 0)
(-0.522809 0.597864 0)
(-0.635312 0.537434 0)
(-0.734834 0.442854 0)
(-0.817365 0.318584 0)
(-0.878956 0.169117 0)
(-0.915352 0.000154623 0)
(-0.921918 -0.180188 0)
(-0.893961 -0.36029 0)
(-0.827609 -0.524267 0)
(-0.721456 -0.652001 0)
(-0.578947 -0.720728 0)
(-0.410868 -0.709004 0)
(-0.237325 -0.603283 0)
(-0.0911993 -0.405909 0)
(-0.0150477 -0.14219 0)
(-0.0131366 0.181134 0)
(-0.0701554 0.44745 0)
(-0.173186 0.621671 0)
(-0.296149 0.715629 0)
(-0.423555 0.743289 0)
(-0.547392 0.716916 0)
(-0.662407 0.645854 0)
(-0.764927 0.536702 0)
(-0.851974 0.39422 0)
(-0.920427 0.222609 0)
(-0.966413 0.0269451 0)
(-0.984992 -0.185265 0)
(-0.970221 -0.402487 0)
(-0.915832 -0.607661 0)
(-0.816923 -0.777272 0)
(-0.672917 -0.882014 0)
(-0.491404 -0.890553 0)
(-0.292552 -0.777729 0)
(-0.116359 -0.537034 0)
(-0.0202403 -0.194095 0)
(-0.0143281 0.219287 0)
(-0.0752715 0.535579 0)
(-0.183281 0.737189 0)
(-0.309147 0.841897 0)
(-0.436413 0.869399 0)
(-0.557694 0.836249 0)
(-0.669062 0.754468 0)
(-0.768442 0.63195 0)
(-0.854486 0.473672 0)
(-0.925521 0.283226 0)
(-0.978745 0.0645069 0)
(-1.00962 -0.176454 0)
(-1.01157 -0.4294 0)
(-0.976175 -0.677508 0)
(-0.894553 -0.895132 0)
(-0.760469 -1.04672 0)
(-0.575377 -1.08915 0)
(-0.356034 -0.980456 0)
(-0.148125 -0.697671 0)
(-0.0275071 -0.260925 0)
(-0.0160863 0.260418 0)
(-0.0816687 0.62854 0)
(-0.193752 0.855587 0)
(-0.318954 0.967346 0)
(-0.440043 0.991141 0)
(-0.551023 0.948932 0)
(-0.650089 0.855929 0)
(-0.737478 0.721476 0)
(-0.81413 0.550698 0)
(-0.88052 0.346341 0)
(-0.935718 0.110638 0)
(-0.976559 -0.152687 0)
(-0.996863 -0.436001 0)
(-0.986977 -0.724662 0)
(-0.934271 -0.993209 0)
(-0.825671 -1.20168 0)
(-0.653167 -1.29463 0)
(-0.424788 -1.20801 0)
(-0.1875 -0.891251 0)
(-0.0377362 -0.347016 0)
(-0.0193245 0.305967 0)
(-0.0918114 0.726989 0)
(-0.20759 0.974566 0)
(-0.327487 1.08648 0)
(-0.434152 1.10056 0)
(-0.524351 1.04549 0)
(-0.599563 0.940113 0)
(-0.663187 0.79523 0)
(-0.719107 0.616013 0)
(-0.770557 0.404193 0)
(-0.819237 0.160047 0)
(-0.864381 -0.115624 0)
(-0.901608 -0.419053 0)
(-0.921634 -0.739996 0)
(-0.909433 -1.05651 0)
(-0.845119 -1.32809 0)
(-0.708411 -1.48923 0)
(-0.491855 -1.45014 0)
(-0.234917 -1.1186 0)
(-0.052217 -0.457824 0)
(-0.0258285 0.359561 0)
(-0.109987 0.833163 0)
(-0.229202 1.0913 0)
(-0.33677 1.19166 0)
(-0.417198 1.18678 0)
(-0.47249 1.11338 0)
(-0.509058 0.993889 0)
(-0.534388 0.840267 0)
(-0.555793 0.657431 0)
(-0.579601 0.445956 0)
(-0.610558 0.204105 0)
(-0.651079 -0.0704432 0)
(-0.699978 -0.378552 0)
(-0.750493 -0.716329 0)
(-0.787862 -1.06922 0)
(-0.78746 -1.40216 0)
(-0.715959 -1.64592 0)
(-0.543773 -1.68611 0)
(-0.289072 -1.37478 0)
(-0.0726536 -0.599926 0)
(-0.0388407 0.428772 0)
(-0.142783 0.951025 0)
(-0.263046 1.20092 0)
(-0.345508 1.27124 0)
(-0.381684 1.23464 0)
(-0.382986 1.13627 0)
(-0.362801 1.00119 0)
(-0.333421 0.841398 0)
(-0.305617 0.66088 0)
(-0.288529 0.458818 0)
(-0.289703 0.231628 0)
(-0.314834 -0.025776 0)
(-0.366788 -0.31877 0)
(-0.443443 -0.650742 0)
(-0.534006 -1.01788 0)
(-0.613825 -1.39778 0)
(-0.639722 -1.72858 0)
(-0.55656 -1.88101 0)
(-0.343847 -1.64393 0)
(-0.100494 -0.780246 0)
(-0.063375 0.52802 0)
(-0.197717 1.08451 0)
(-0.307354 1.29219 0)
(-0.338822 1.30573 0)
(-0.302368 1.22243 0)
(-0.224628 1.09361 0)
(-0.127462 0.943878 0)
(-0.0276433 0.78304 0)
(0.0616558 0.612825 0)
(0.12977 0.430635 0)
(0.167603 0.23136 0)
(0.16713 0.00805837 0)
(0.121722 -0.247902 0)
(0.0277012 -0.546307 0)
(-0.111818 -0.895287 0)
(-0.279176 -1.29145 0)
(-0.430315 -1.69502 0)
(-0.489226 -1.98329 0)
(-0.380959 -1.89253 0)
(-0.133758 -1.00511 0)
(-0.103828 0.684424 0)
(-0.273629 1.22909 0)
(-0.33264 1.33452 0)
(-0.261477 1.25849 0)
(-0.110717 1.11778 0)
(0.0741192 0.96031 0)
(0.264882 0.803965 0)
(0.443497 0.65274 0)
(0.597483 0.504459 0)
(0.717369 0.354356 0)
(0.79486 0.196318 0)
(0.821667 0.0229051 0)
(0.78908 -0.175485 0)
(0.688298 -0.411934 0)
(0.512812 -0.703824 0)
(0.266003 -1.06856 0)
(-0.0222382 -1.50254 0)
(-0.274185 -1.92374 0)
(-0.355979 -2.05944 0)
(-0.157283 -1.27884 0)
(-0.146944 0.938115 0)
(-0.320786 1.34153 0)
(-0.218827 1.24901 0)
(0.0422977 1.06231 0)
(0.350741 0.876552 0)
(0.655934 0.71211 0)
(0.935921 0.571164 0)
(1.1795 0.448951 0)
(1.38041 0.338799 0)
(1.53428 0.234225 0)
(1.63653 0.129138 0)
(1.6812 0.0172128 0)
(1.66012 -0.109353 0)
(1.56201 -0.26225 0)
(1.37228 -0.460744 0)
(1.07638 -0.735497 0)
(0.672243 -1.12285 0)
(0.199483 -1.61921 0)
(-0.172097 -2.02831 0)
(-0.114837 -1.56479 0)
(-0.0399682 1.20985 0)
(-0.0591021 1.25645 0)
(0.404908 0.923669 0)
(0.927819 0.673923 0)
(1.37684 0.500228 0)
(1.75007 0.374337 0)
(2.05751 0.281102 0)
(2.30558 0.209478 0)
(2.49921 0.150968 0)
(2.64162 0.0994652 0)
(2.73359 0.0504708 0)
(2.77311 0.000166298 0)
(2.75494 -0.0556356 0)
(2.66923 -0.123395 0)
(2.49909 -0.215301 0)
(2.21717 -0.357171 0)
(1.78129 -0.601624 0)
(1.13891 -1.02455 0)
(0.412976 -1.59385 0)
(0.197308 -1.59982 0)
(1.36533 0.671003 0)
(1.74635 0.594296 0)
(2.44035 0.376623 0)
(2.98564 0.236839 0)
(3.33949 0.153663 0)
(3.58125 0.101707 0)
(3.75647 0.0682905 0)
(3.88481 0.0459732 0)
(3.97688 0.02997 0)
(4.03897 0.0173188 0)
(4.07413 0.00618841 0)
(4.08296 -0.00466681 0)
(4.06378 -0.0163817 0)
(4.01214 -0.030576 0)
(3.91853 -0.0504335 0)
(3.76258 -0.0838252 0)
(3.49672 -0.151651 0)
(2.99305 -0.302488 0)
(2.16481 -0.591826 0)
(1.57177 -0.737196 0)
)
;

boundaryField
{
    movingWall
    {
        type            fixedValue;
        value           uniform (4.8 0 0);
    }
    fixedWalls
    {
        type            noSlip;
    }
    frontAndBack
    {
        type            empty;
    }
}


// ************************************************************************* //
